-137, 17, -121, 32.580657
-133, 25, -123, 32.585815
-133, 25, -123, 32.591156
-133, 21, -123, 32.596282
-133, 21, -123, 32.600677
-142, 24, -124, 32.605957
-142, 24, -124, 32.610717
-131, 21, -119, 32.615692
-131, 21, -119, 32.620788
-133, 25, -121, 32.62564
-133, 25, -121, 32.631134
-132, 24, -116, 32.635894
-132, 24, -116, 32.640594
-133, 27, -121, 32.645599
-133, 27, -121, 32.651
-141, 25, -117, 32.655639
-141, 25, -117, 32.660675
-136, 20, -122, 32.665771
-136, 20, -122, 32.671051
-133, 21, -117, 32.676086
-137, 19, -123, 32.685668
-137, 19, -123, 32.690612
-136, 20, -126, 32.695556
-136, 20, -126, 32.700531
-140, 24, -120, 32.705596
-140, 24, -120, 32.71112
-134, 28, -118, 32.716033
-134, 28, -118, 32.720672
-138, 24, -118, 32.725494
-138, 24, -118, 32.73059
-139, 23, -121, 32.735443
-139, 23, -121, 32.740509
-135, 27, -119, 32.745391
-135, 27, -119, 32.751068
-139, 27, -119, 32.755645
-139, 27, -119, 32.760467
-134, 20, -120, 32.765441
-134, 20, -120, 32.770782
-139, 27, -119, 32.77536
-139, 27, -119, 32.780731
-137, 23, -119, 32.785583
-137, 23, -119, 32.790893
-140, 22, -116, 32.795593
-140, 22, -116, 32.800384
-138, 22, -118, 32.805358
-138, 22, -118, 32.810333
-135, 25, -117, 32.81546
-135, 25, -117, 32.820343
-141, 25, -119, 32.825439
-141, 25, -119, 32.830993
-133, 23, -119, 32.83554
-133, 23, -119, 32.840301
-131, 29, -119, 32.845581
-131, 29, -119, 32.850463
-139, 27, -121, 32.855346
-139, 27, -121, 32.860473
-135, 29, -121, 32.865325
-137, 23, -121, 32.874908
-137, 23, -121, 32.880462
-140, 20, -120, 32.885589
-140, 20, -120, 32.890228
-139, 27, -121, 32.895294
-139, 27, -121, 32.900268
-137, 23, -127, 32.905273
-137, 23, -127, 32.911193
-142, 24, -118, 32.915496
-142, 24, -118, 32.920196
-135, 19, -123, 32.925201
-135, 19, -123, 32.930145
-136, 26, -118, 32.93518
-140, 24, -120, 32.945556
-140, 24, -120, 32.950622
-139, 23, -117, 32.955352
-139, 23, -117, 32.960418
-138, 24, -122, 32.96524
-138, 24, -122, 32.970062
-140, 20, -120, 32.975189
-140, 20, -120, 32.980621
-139, 21, -119, 32.990509
-141, 25, -115, 32.995605
-141, 25, -115, 33.000061
-143, 27, -119, 33.005096
-143, 27, -119, 33.010162
-136, 24, -116, 33.015167
-136, 24, -116, 33.02005
-144, 28, -122, 33.02539
-144, 28, -122, 33.030487
-145, 29, -121, 33.035247
-145, 29, -121, 33.040069
-141, 29, -121, 33.045166
-141, 29, -121, 33.050018
-141, 31, -127, 33.054992
-141, 31, -127, 33.060211
-134, 30, -120, 33.065185
-134, 30, -120, 33.070556
-141, 31, -123, 33.075286
-141, 31, -123, 33.080078
-137, 25, -127, 33.084991
-137, 25, -127, 33.090332
-137, 33, -121, 33.09497
-137, 33, -121, 33.100067
-135, 29, -115, 33.105072
-135, 29, -115, 33.110473
-137, 25, -119, 33.115173
-137, 25, -119, 33.119842
-137, 23, -121, 33.124908
-137, 23, -121, 33.130126
-135, 33, -115, 33.134826
-135, 33, -115, 33.139984
-136, 26, -120, 33.145141
-136, 26, -120, 33.150299
-139, 29, -121, 33.155059
-139, 29, -121, 33.159851
-136, 26, -122, 33.165039
-136, 26, -122, 33.169982
-140, 32, -124, 33.174926
-140, 32, -124, 33.179779
-137, 27, -115, 33.184967
-137, 27, -115, 33.190521
-140, 32, -122, 33.194946
-140, 32, -122, 33.199707
-137, 37, -117, 33.204956
-137, 37, -117, 33.209777
-134, 26, -120, 33.214813
-134, 26, -120, 33.219757
-136, 30, -126, 33.249786
-139, 31, -121, 33.259643
-132, 32, -126, 33.264617
-132, 32, -126, 33.270233
-140, 30, -122, 33.274932
-140, 30, -122, 33.279602
-139, 27, -119, 33.284729
-138, 26, -122, 33.310028
-138, 30, -126, 33.314727
-138, 30, -126, 33.31958
-137, 35, -129, 33.324707
-137, 35, -129, 33.329498
-132, 26, -118, 33.334716
-132, 26, -118, 33.33963
-137, 29, -121, 33.344543
-137, 29, -121, 33.350006
-141, 35, -119, 33.354766
-141, 31, -123, 33.369628
-132, 20, -124, 33.384521
-140, 28, -122, 33.404632
-136, 30, -124, 33.424346
-135, 29, -121, 33.449401
-133, 25, -125, 33.513977
-133, 25, -125, 33.519683
-140, 26, -122, 33.524719
-140, 26, -122, 33.529357
-138, 24, -124, 33.534454
-138, 24, -124, 33.539306
-128, 32, -126, 33.544311
-128, 32, -126, 33.549713
-131, 27, -123, 33.554382
-131, 27, -123, 33.559295
-130, 30, -126, 33.569183
-132, 28, -128, 33.574523
-132, 28, -128, 33.579193
-137, 23, -123, 33.584228
-137, 29, -131, 33.599426
-137, 23, -127, 33.60437
-137, 23, -127, 33.609222
-129, 25, -123, 33.614166
-136, 26, -122, 33.629791
-137, 23, -121, 33.634246
-137, 23, -121, 33.639129
-140, 26, -116, 33.644256
-140, 26, -116, 33.64923
-138, 28, -118, 33.653991
-138, 28, -118, 33.659088
-135, 29, -123, 33.664245
-135, 29, -123, 33.669464
-138, 20, -120, 33.674224
-138, 20, -120, 33.679107
-137, 25, -119, 33.684204
-137, 25, -119, 33.689361
-140, 22, -128, 33.694061
-140, 22, -128, 33.698974
-140, 30, -122, 33.70401
-140, 30, -122, 33.709533
-141, 25, -117, 33.714202
-141, 25, -117, 33.719146
-135, 25, -123, 33.724426
-135, 25, -123, 33.729187
-139, 19, -115, 33.733947
-139, 19, -115, 33.738983
-142, 26, -120, 33.743957
-142, 26, -120, 33.749389
-132, 28, -122, 33.75415
-132, 28, -122, 33.75949
-134, 30, -122, 33.763977
-134, 30, -122, 33.768951
-136, 24, -126, 33.773895
-136, 24, -126, 33.7789
-132, 22, -124, 33.789489
-135, 21, -119, 33.798889
-139, 25, -125, 33.803955
-139, 25, -125, 33.808929
-131, 23, -123, 33.813995
-131, 23, -123, 33.819152
-135, 29, -125, 33.824401
-135, 29, -125, 33.829284
-135, 25, -123, 33.834014
-135, 25, -123, 33.838897
-138, 24, -126, 33.843963
-138, 24, -126, 33.848724
-135, 21, -117, 33.858947
-129, 31, -121, 33.869262
-137, 25, -117, 33.873992
-137, 25, -117, 33.878723
-133, 25, -123, 33.883819
-133, 25, -123, 33.888885
-133, 23, -125, 33.893707
-133, 23, -125, 33.898742
-133, 31, -117, 33.903747
-133, 31, -117, 33.909179
-134, 30, -124, 33.913909
-134, 30, -124, 33.918762
-142, 22, -126, 33.923919
-142, 22, -126, 33.928649
-135, 23, -125, 33.938629
-140, 30, -124, 33.943664
-140, 30, -124, 33.949188
-136, 28, -120, 33.953979
-136, 28, -120, 33.95874
-134, 22, -130, 33.963714
-134, 22, -130, 33.968994
-136, 24, -118, 33.973571
-136, 24, -118, 33.978912
-133, 27, -117, 33.983642
-133, 27, -117, 33.989196
-133, 25, -119, 33.993743
-133, 25, -119, 33.998657
-136, 24, -120, 34.003631
-136, 24, -120, 34.008514
-130, 22, -128, 34.013519
-130, 22, -128, 34.018859
-134, 16, -124, 34.023498
-134, 16, -124, 34.029235
-132, 20, -124, 34.033752
-132, 20, -124, 34.038513
-135, 23, -121, 34.043823
-135, 23, -121, 34.048553
-138, 24, -120, 34.058502
-133, 27, -123, 34.063598
-133, 27, -123, 34.068969
-135, 23, -121, 34.073577
-135, 23, -121, 34.078491
-133, 23, -121, 34.083618
-133, 23, -121, 34.088592
-137, 27, -127, 34.093444
-137, 27, -127, 34.09848
-135, 21, -125, 34.103363
-135, 21, -125, 34.108856
-135, 25, -121, 34.113677
-135, 25, -121, 34.11853
-137, 23, -127, 34.123535
-137, 23, -127, 34.128387
-132, 24, -124, 34.133483
-132, 24, -124, 34.138336
-138, 20, -122, 34.143585
-134, 20, -116, 34.153198
-134, 20, -116, 34.158386
-139, 19, -125, 34.164093
-139, 19, -125, 34.168273
-131, 25, -121, 34.173339
-131, 25, -121, 34.178619
-133, 17, -127, 34.183685
-133, 17, -127, 34.188659
-138, 18, -122, 34.193511
-138, 18, -122, 34.198333
-133, 23, -123, 34.203338
-133, 23, -123, 34.208221
-128, 16, -120, 34.21347
-128, 16, -120, 34.218353
-138, 14, -130, 34.223266
-138, 14, -130, 34.228759
-133, 25, -123, 34.233398
-133, 25, -123, 34.238494
-126, 22, -122, 34.243621
-126, 22, -122, 34.248474
-131, 19, -123, 34.253265
-131, 19, -123, 34.258178
-138, 12, -128, 34.263519
-138, 12, -128, 34.268554
-133, 15, -125, 34.273345
-133, 15, -125, 34.278533
-139, 19, -123, 34.283386
-139, 19, -123, 34.288421
-137, 21, -123, 34.298065
-130, 18, -128, 34.303405
-130, 18, -128, 34.308624
-131, 17, -123, 34.313446
-131, 17, -123, 34.318176
-129, 21, -123, 34.323303
-129, 21, -123, 34.328063
-132, 16, -122, 34.333099
-141, 13, -121, 34.343078
-141, 13, -121, 34.348907
-141, 11, -123, 34.353271
-141, 11, -123, 34.358337
-132, 18, -122, 34.363067
-132, 18, -122, 34.36798
-130, 8, -120, 34.373291
-130, 8, -120, 34.378448
-145, 9, -121, 34.383087
-145, 9, -121, 34.388427
-139, 19, -123, 34.393218
-139, 19, -123, 34.397949
-132, 10, -124, 34.403045
-132, 10, -124, 34.407928
-136, 12, -118, 34.413421
-136, 12, -118, 34.417968
-136, 0, -124, 34.423217
-136, 0, -124, 34.428466
-144, 10, -122, 34.433135
-144, 10, -122, 34.438018
-139, 11, -125, 34.443115
-139, 11, -125, 34.44812
-135, 15, -115, 34.45288
-135, 15, -115, 34.457855
-129, 17, -123, 34.46286
-129, 17, -123, 34.468627
-132, 10, -122, 34.472991
-132, 10, -122, 34.478332
-140, 6, -124, 34.48294
-140, 6, -124, 34.488067
-145, -1, -123, 34.493041
-142, 4, -122, 34.508728
-140, 4, -122, 34.513458
-140, 4, -122, 34.517791
-130, 16, -122, 34.522857
-130, 16, -122, 34.52774
-128, 14, -116, 34.532745
-128, 14, -116, 34.537689
-133, 3, -121, 34.543304
-133, 3, -121, 34.548187
-135, 3, -125, 34.553131
-135, 3, -125, 34.557678
-143, 1, -123, 34.562744
-143, 1, -123, 34.567657
-141, 3, -123, 34.572875
-141, 3, -123, 34.578125
-138, 8, -124, 34.582672
-138, 8, -124, 34.588104
-129, 1, -123, 34.593231
-129, 1, -123, 34.597717
-126, 0, -122, 34.602661
-133, -1, -121, 34.61267
-133, -1, -121, 34.617584
-143, 3, -125, 34.622833
-143, 3, -125, 34.628356
-141, -5, -129, 34.632781
-141, -5, -129, 34.637634
-134, 6, -128, 34.643157
-134, 6, -128, 34.647552
-130, 4, -116, 34.652618
-130, 4, -116, 34.657897
-129, -1, -121, 34.662841
-137, -5, -119, 34.672882
-138, -6, -128, 34.682647
-138, -6, -128, 34.6875
-144, -10, -128, 34.692504
-144, -10, -128, 34.697479
-134, 0, -120, 34.702789
-134, 0, -120, 34.708068
-135, -3, -125, 34.712707
-135, -3, -125, 34.717437
-128, -4, -120, 34.72293
-128, -4, -120, 34.727416
-134, -4, -116, 34.732421
-134, -4, -116, 34.737548
-130, -14, -120, 34.747955
-142, -16, -124, 34.752655
-142, -16, -124, 34.757385
-136, -2, -120, 34.762725
-136, -2, -120, 34.767395
-129, 3, -125, 34.772521
-129, 3, -125, 34.777435
-129, -5, -117, 34.782379
-134, -10, -120, 34.792083
-134, -10, -120, 34.797424
-130, -12, -128, 34.802734
-138, -14, -124, 34.812438
-138, -14, -124, 34.817352
-137, -13, -123, 34.822326
-137, -13, -123, 34.827789
-128, -4, -122, 34.832519
-128, -4, -122, 34.837432
-127, -9, -119, 34.842346
-127, -9, -119, 34.847259
-129, -17, -119, 34.852233
-129, -17, -119, 34.857543
-132, -18, -128, 34.862426
-132, -18, -128, 34.868408
-140, -20, -124, 34.877288
-129, -5, -127, 34.882171
-129, -5, -127, 34.887207
-131, -11, -121, 34.892425
-131, -11, -121, 34.897491
-131, -17, -125, 34.902374
-131, -17, -125, 34.907897
-130, -20, -116, 34.912292
-130, -20, -116, 34.917297
-144, -26, -128, 34.922271
-144, -26, -128, 34.927185
-133, -19, -133, 34.932281
-133, -19, -133, 34.937255
-127, -15, -127, 34.942138
-127, -15, -127, 34.947723
-126, -12, -124, 34.952301
-126, -12, -124, 34.957244
-126, -20, -122, 34.962066
-126, -20, -122, 34.96762
-133, -21, -119, 34.972076
-133, -21, -119, 34.977111
-132, -24, -118, 34.982116
-132, -24, -118, 34.987762
-134, -26, -128, 34.992187
-134, -26, -128, 34.997711
-128, -18, -124, 35.002197
-128, -18, -124, 35.007141
-121, -9, -123, 35.012237
-121, -9, -123, 35.017028
-120, -22, -124, 35.022033
-120, -22, -124, 35.027435
-128, -26, -126, 35.032287
-128, -26, -126, 35.036987
-141, -27, -121, 35.042266
-141, -27, -121, 35.046997
-129, -23, -125, 35.05194
-129, -23, -125, 35.057189
-131, -21, -123, 35.062591
-124, -18, -120, 35.072143
-124, -18, -120, 35.076904
-127, -23, -121, 35.082275
-127, -23, -121, 35.086883
-130, -28, -124, 35.091857
-130, -28, -124, 35.09732
-130, -30, -122, 35.101867
-130, -30, -122, 35.10736
-131, -21, -123, 35.11203
-131, -21, -123, 35.116851
-124, -20, -126, 35.121856
-124, -24, -122, 35.131958
-126, -34, -114, 35.141754
-130, -32, -120, 35.151977
-130, -32, -120, 35.156951
-125, -25, -123, 35.162322
-125, -25, -123, 35.166809
-126, -28, -124, 35.171936
-126, -28, -124, 35.177124
-120, -22, -122, 35.181701
-120, -22, -122, 35.187225
-115, -27, -121, 35.19226
-115, -27, -121, 35.196929
-126, -34, -114, 35.202056
-126, -34, -114, 35.206726
-129, -31, -121, 35.21173
-129, -31, -121, 35.216735
-128, -30, -124, 35.221649
-128, -30, -124, 35.227264
-128, -20, -132, 35.231933
-128, -20, -132, 35.236694
-119, -27, -123, 35.242034
-119, -27, -123, 35.246673
-119, -35, -123, 35.251617
-119, -35, -123, 35.256958
-121, -35, -119, 35.262145
-121, -35, -119, 35.267181
-125, -33, -123, 35.271789
-125, -33, -123, 35.276672
-120, -28, -122, 35.281646
-120, -28, -122, 35.28656
-117, -31, -121, 35.291717
-117, -31, -121, 35.296569
-123, -29, -121, 35.301574
-123, -29, -121, 35.307067
-119, -33, -125, 35.311737
-119, -33, -125, 35.316711
-128, -44, -122, 35.321899
-128, -44, -122, 35.32669
-123, -41, -121, 35.331542
-123, -41, -121, 35.336517
-123, -29, -121, 35.341522
-123, -29, -121, 35.346954
-109, -35, -117, 35.351654
-109, -35, -117, 35.357025
-123, -37, -115, 35.361572
-123, -37, -115, 35.366516
-119, -43, -115, 35.37149
-119, -43, -115, 35.376464
-122, -42, -122, 35.381622
-122, -42, -122, 35.386962
-124, -36, -126, 35.391754
-124, -36, -126, 35.396453
-114, -28, -128, 35.401458
-114, -28, -128, 35.406433
-110, -40, -124, 35.41156
-110, -40, -124, 35.416412
-117, -49, -129, 35.421508
-120, -48, -124, 35.431152
-111, -35, -129, 35.441711
-111, -35, -129, 35.44638
-112, -38, -122, 35.451751
-112, -38, -122, 35.456512
-103, -39, -123, 35.461425
-103, -39, -123, 35.466918
-112, -42, -118, 35.471527
-112, -42, -118, 35.476409
-119, -47, -125, 35.481292
-119, -47, -125, 35.486389
-114, -42, -126, 35.491363
-114, -42, -126, 35.496307
-121, -41, -129, 35.501342
-121, -41, -129, 35.506713
-112, -40, -132, 35.511444
-112, -40, -132, 35.516265
-108, -44, -122, 35.52182
-108, -44, -122, 35.526306
-110, -44, -116, 35.531219
-110, -44, -116, 35.536499
-119, -55, -125, 35.541198
-119, -55, -125, 35.54663
-116, -46, -130, 35.551879
-116, -46, -130, 35.556274
-113, -43, -123, 35.566162
-113, -33, -125, 35.571197
-113, -33, -125, 35.576324
-103, -47, -121, 35.581146
-103, -47, -121, 35.586761
-103, -49, -117, 35.591339
-103, -49, -117, 35.596282
-119, -47, -127, 35.601257
-119, -47, -127, 35.60614
-117, -53, -123, 35.611083
-117, -53, -123, 35.616302
-110, -44, -120, 35.621246
-110, -44, -120, 35.626678
-110, -40, -132, 35.631317
-110, -40, -132, 35.636077
-100, -50, -126, 35.641143
-100, -50, -126, 35.646331
-109, -55, -115, 35.651184
-109, -55, -115, 35.656066
-112, -56, -132, 35.661407
-112, -56, -132, 35.666473
-108, -52, -130, 35.671447
-108, -52, -130, 35.675994
-101, -51, -125, 35.68103
-101, -51, -125, 35.686431
-101, -41, -133, 35.690979
-101, -41, -133, 35.696289
-96, -48, -122, 35.700988
-96, -48, -122, 35.706542
-105, -51, -121, 35.711151
-105, -51, -121, 35.716064
-111, -51, -121, 35.720977
-111, -51, -121, 35.726226
-107, -47, -135, 35.730957
-107, -47, -135, 35.735931
-99, -53, -125, 35.740875
-99, -53, -125, 35.746368
-101, -47, -123, 35.751678
-101, -47, -123, 35.755889
-98, -50, -114, 35.761047
-98, -50, -114, 35.765869
-103, -57, -119, 35.771118
-103, -57, -119, 35.776123
-103, -55, -131, 35.780975
-103, -55, -131, 35.786346
-103, -57, -125, 35.791442
-103, -57, -125, 35.795867
-101, -43, -127, 35.800964
-101, -43, -127, 35.805938
-94, -46, -122, 35.811157
-94, -46, -122, 35.815917
-89, -53, -119, 35.821044
-89, -53, -119, 35.826354
-91, -59, -121, 35.831024
-91, -59, -121, 35.835815
-95, -59, -119, 35.840789
-95, -59, -119, 35.846282
-101, -53, -117, 35.850708
-101, -53, -117, 35.855895
-100, -52, -120, 35.860748
-100, -52, -120, 35.86621
-91, -49, -121, 35.87088
-91, -49, -121, 35.875793
-91, -55, -121, 35.88092
-94, -58, -122, 35.890747
-94, -58, -122, 35.89569
-97, -65, -117, 35.906158
-98, -56, -116, 35.911102
-88, -44, -120, 35.925689
-86, -46, -126, 35.930633
-86, -46, -126, 35.935729
-88, -56, -124, 35.946258
-93, -57, -127, 35.950805
-93, -57, -127, 35.955932
-97, -59, -137, 35.960906
-97, -59, -137, 35.965515
-90, -54, -134, 35.970581
-90, -54, -134, 35.975982
-81, -51, -135, 35.980682
-81, -51, -135, 35.985992
-84, -58, -130, 35.990814
-84, -58, -130, 35.995574
-85, -59, -125, 36.000518
-85, -59, -125, 36.005493
-91, -59, -135, 36.011016
-91, -59, -135, 36.015441
-89, -55, -123, 36.020721
-89, -55, -123, 36.025939
-87, -53, -121, 36.03067
-87, -53, -121, 36.035766
-80, -54, -120, 36.04074
-80, -54, -120, 36.04544
-78, -56, -130, 36.050476
-78, -56, -130, 36.055419
-82, -62, -128, 36.060516
-82, -66, -118, 36.070068
-82, -66, -118, 36.075836
-74, -46, -134, 36.080596
-74, -46, -134, 36.085479
-79, -53, -129, 36.090545
-79, -53, -129, 36.095428
-78, -50, -126, 36.100433
-78, -50, -126, 36.10617
-72, -56, -118, 36.110534
-72, -56, -118, 36.115417
-83, -63, -125, 36.120483
-83, -63, -125, 36.125335
-83, -67, -129, 36.130401
-83, -67, -129, 36.135314
-82, -54, -124, 36.140441
-82, -54, -124, 36.145751
-81, -53, -127, 36.150482
-81, -53, -127, 36.155303
-68, -50, -128, 36.160339
-68, -50, -128, 36.165283
-76, -56, -128, 36.170349
-76, -56, -128, 36.175201
-77, -63, -133, 36.180267
-77, -63, -133, 36.186065
-86, -58, -126, 36.190399
-86, -58, -126, 36.195281
-72, -52, -124, 36.200622
-68, -48, -120, 36.210388
-68, -48, -120, 36.215209
-69, -51, -121, 36.220214
-69, -51, -121, 36.22583
-68, -56, -116, 36.230407
-68, -56, -116, 36.235168
-78, -58, -128, 36.240631
-78, -58, -128, 36.245178
-74, -54, -134, 36.250396
-74, -54, -134, 36.255126
-73, -47, -137, 36.260284
-73, -47, -137, 36.265594
-66, -48, -134, 36.270782
-66, -48, -134, 36.275054
-67, -55, -123, 36.28009
-67, -55, -123, 36.285125
-63, -57, -127, 36.290069
-63, -57, -127, 36.295074
-72, -58, -126, 36.300109
-72, -58, -126, 36.305664
-68, -48, -130, 36.310272
-68, -48, -130, 36.315124
-58, -46, -134, 36.320098
-58, -46, -134, 36.325408
-61, -47, -131, 36.330047
-61, -47, -131, 36.335144
-57, -53, -131, 36.339965
-63, -59, -135, 36.350158
-63, -59, -135, 36.35498
-64, -54, -136, 36.359985
-64, -54, -136, 36.364959
-61, -47, -139, 36.370483
-61, -47, -139, 36.374969
-50, -46, -134, 36.379943
-50, -46, -134, 36.385589
-51, -45, -123, 36.390106
-51, -45, -123, 36.394958
-54, -56, -124, 36.400482
-54, -56, -124, 36.404815
-63, -53, -125, 36.409942
-49, -43, -121, 36.439941
-49, -43, -121, 36.444854
-49, -49, -121, 36.449798
-49, -49, -121, 36.454864
-49, -53, -127, 36.459808
-49, -53, -127, 36.465423
-64, -54, -130, 36.470062
-64, -54, -130, 36.474914
-55, -39, -135, 36.480133
-55, -39, -135, 36.484771
-57, -43, -131, 36.489776
-57, -43, -131, 36.49475
-47, -49, -133, 36.515136
-59, -49, -139, 36.520111
-59, -49, -139, 36.524719
-53, -51, -137, 36.534851
-46, -38, -120, 36.554809
-45, -47, -139, 36.569702
-57, -43, -125, 36.589874
-40, -40, -126, 36.625061
-44, -44, -126, 36.629913
-51, -41, -141, 36.639862
-37, -39, -129, 36.660186
-37, -41, -131, 36.679901
-44, -46, -130, 36.699493
-42, -34, -124, 36.709197
-42, -34, -124, 36.715179
-29, -39, -119, 36.71994
-36, -46, -138, 36.729858
-36, -46, -138, 36.734771
-38, -38, -124, 36.744842
-42, -36, -136, 36.749603
-46, -34, -136, 36.759613
-46, -34, -136, 36.764373
-37, -27, -127, 36.774353
-29, -33, -137, 36.779388
-32, -38, -128, 36.789703
-32, -38, -128, 36.794342
-40, -28, -134, 36.80429
-38, -38, -136, 36.809326
-38, -38, -136, 36.8143
-38, -28, -128, 36.819305
-38, -28, -128, 36.82492
-37, -25, -141, 36.829528
-37, -25, -141, 36.83435
-29, -31, -121, 36.839355
-29, -31, -121, 36.844543
-24, -30, -132, 36.849304
-24, -30, -132, 36.854339
-31, -33, -129, 36.859771
-31, -33, -129, 36.864715
-35, -39, -135, 36.869415
-35, -39, -135, 36.874237
-35, -19, -127, 36.879577
-35, -19, -127, 36.884185
-25, -29, -129, 36.889709
-25, -29, -129, 36.894195
-24, -20, -130, 36.899261
-24, -20, -130, 36.904571
-30, -22, -126, 36.914245
-31, -39, -135, 36.919281
-31, -39, -135, 36.924621
-35, -21, -135, 36.929168
-35, -21, -135, 36.934143
-31, -23, -129, 36.94461
-19, -25, -133, 36.954498
-25, -11, -127, 36.959136
-25, -11, -127, 36.964385
-33, -27, -125, 36.969146
-33, -27, -125, 36.97409
-25, -33, -135, 36.979125
-25, -33, -135, 36.984588
-29, -21, -137, 36.989532
-29, -21, -137, 36.99414
-28, -20, -134, 36.999389
-28, -20, -134, 37.004486
-22, -26, -130, 37.009063
-22, -26, -130, 37.014007
-18, -16, -134, 37.019592
-18, -16, -134, 37.024444
-24, -18, -132, 37.029418
-24, -18, -132, 37.034027
-28, -24, -132, 37.039093
-28, -24, -132, 37.044097
-24, -30, -136, 37.049102
-22, -10, -136, 37.05902
-22, -10, -136, 37.064392
-25, -5, -127, 37.069183
-25, -5, -127, 37.07434
-13, -27, -131, 37.07904
-13, -27, -131, 37.084075
-20, -24, -134, 37.08908
-20, -24, -134, 37.093933
-33, -17, -131, 37.099151
-33, -17, -131, 37.104675
-24, -24, -138, 37.1091
-24, -24, -138, 37.113983
-19, -7, -139, 37.11911
-19, -7, -139, 37.12387
-14, -4, -124, 37.128936
-14, -4, -124, 37.134155
-6, -16, -126, 37.139129
-6, -16, -126, 37.144531
-16, -12, -136, 37.1492
-16, -12, -136, 37.153991
-22, -18, -128, 37.158874
-22, -18, -128, 37.163787
-20, -22, -140, 37.169219
-20, -22, -140, 37.173767
-18, -4, -128, 37.178771
-18, -4, -128, 37.184387
-9, -9, -125, 37.188995
-9, -9, -125, 37.193786
-13, -13, -129, 37.199066
-21, -1, -135, 37.208801
-21, -1, -135, 37.213897
-24, -4, -126, 37.218902
-24, -4, -126, 37.224212
-24, -10, -130, 37.234039
-8, -8, -132, 37.239044
-8, -8, -132, 37.243652
-11, 1, -139, 37.24884
-11, 1, -139, 37.253662
-4, -2, -134, 37.258758
-4, -2, -134, 37.264099
-18, 0, -128, 37.26889
-18, 0, -128, 37.273651
-23, -5, -129, 37.278869
-23, -5, -129, 37.284027
-22, -6, -130, 37.293579
-13, -5, -131, 37.298675
-13, -5, -131, 37.304046
-10, 2, -132, 37.308807
-10, 2, -132, 37.313751
-13, 7, -137, 37.318695
-13, 7, -137, 37.323516
-20, 4, -136, 37.328765
-20, 4, -136, 37.333557
-24, -2, -136, 37.338592
-19, -5, -131, 37.348266
-19, -5, -131, 37.353912
-2, 0, -138, 37.359313
-2, 0, -138, 37.363647
-10, -2, -136, 37.368652
-10, -2, -136, 37.373535
-10, 6, -136, 37.378692
-10, 6, -136, 37.384033
-14, 8, -124, 37.388671
-14, 8, -124, 37.393524
-17, 9, -131, 37.398529
-17, 9, -131, 37.403503
-14, 4, -128, 37.408935
-14, 4, -128, 37.413604
-7, 9, -137, 37.418609
-7, 9, -137, 37.42395
-8, 14, -132, 37.428649
-8, 14, -132, 37.433532
-13, -1, -139, 37.438446
-13, -1, -139, 37.443908
-23, 3, -127, 37.448364
-23, 3, -127, 37.453399
-15, 1, -137, 37.458679
-15, 1, -137, 37.463897
-18, 14, -130, 37.46878
-18, 14, -130, 37.47348
-8, 10, -134, 37.478576
-8, 10, -134, 37.483612
-11, 21, -127, 37.488464
-11, 21, -127, 37.493347
-10, 2, -118, 37.498565
-10, 2, -118, 37.503906
-10, -2, -134, 37.508636
-10, -2, -134, 37.513458
-20, 16, -142, 37.518585
-20, 16, -142, 37.523681
-21, 23, -139, 37.533264
-16, 22, -130, 37.538421
-11, 17, -127, 37.553314
-17, -5, -129, 37.558685
-17, -5, -129, 37.563262
-20, 4, -140, 37.56842
-20, 4, -140, 37.57376
-20, 14, -146, 37.578308
-20, 14, -146, 37.58374
-14, 26, -138, 37.588439
-14, 26, -138, 37.593261
-25, 13, -131, 37.598236
-25, 13, -131, 37.603271
-26, 6, -138, 37.608337
-26, 6, -138, 37.613281
-18, 16, -132, 37.618316
-18, 16, -132, 37.623748
-20, 8, -140, 37.628326
-20, 8, -140, 37.633239
-33, 21, -141, 37.638549
-33, 21, -141, 37.64328
-27, 27, -135, 37.648376
-27, 27, -135, 37.653503
-33, 23, -133, 37.658111
-33, 23, -133, 37.663665
-35, 15, -135, 37.668762
-35, 15, -135, 37.673339
-18, 16, -130, 37.678131
-18, 16, -130, 37.683074
-17, 11, -135, 37.688201
-27, 31, -131, 37.718048
-20, 30, -134, 37.727996
-20, 30, -134, 37.733093
-18, 18, -138, 37.738189
-18, 18, -138, 37.743469
-25, 21, -135, 37.748107
-25, 21, -135, 37.753051
-26, 32, -136, 37.757965
-26, 32, -136, 37.762908
-34, 32, -136, 37.767944
-34, 32, -136, 37.773071
-20, 30, -140, 37.812866
-28, 34, -134, 37.817871
-28, 34, -134, 37.823303
-32, 36, -134, 37.828002
-17, 33, -133, 37.8479
-17, 33, -133, 37.852844
-17, 37, -137, 37.858123
-31, 47, -137, 37.93283
-32, 40, -132, 37.937622
-32, 40, -132, 37.943481
-29, 37, -129, 37.947875
-26, 36, -140, 37.967803
-36, 44, -136, 37.987548
-36, 44, -136, 37.993164
-31, 23, -133, 37.998138
-31, 23, -133, 38.002593
-21, 33, -135, 38.007873
-21, 33, -135, 38.012664
-30, 30, -140, 38.017639
-30, 30, -140, 38.02301
-30, 44, -142, 38.027832
-30, 44, -142, 38.032867
-28, 56, -130, 38.037628
-28, 56, -130, 38.042572
-20, 44, -126, 38.047576
-26, 34, -126, 38.063385
-25, 37, -131, 38.067749
-25, 37, -131, 38.07254
-16, 52, -136, 38.082672
-26, 50, -128, 38.087463
-26, 50, -128, 38.09259
-36, 50, -132, 38.102874
-24, 48, -126, 38.107971
-29, 33, -133, 38.117523
-21, 49, -129, 38.127899
-21, 49, -129, 38.132476
-31, 53, -137, 38.13742
-31, 53, -137, 38.142944
-32, 54, -128, 38.147674
-32, 54, -128, 38.152496
-27, 45, -127, 38.157897
-27, 45, -127, 38.162506
-31, 41, -129, 38.167633
-31, 41, -129, 38.172393
-25, 43, -135, 38.177368
-25, 43, -135, 38.182769
-27, 53, -135, 38.187561
-27, 53, -135, 38.192504
-35, 55, -133, 38.197601
-35, 55, -133, 38.202423
-35, 53, -125, 38.207397
-35, 53, -125, 38.21228
-28, 48, -136, 38.217468
-28, 48, -136, 38.223022
-31, 43, -129, 38.227722
-31, 43, -129, 38.232299
-26, 60, -128, 38.237396
-26, 60, -128, 38.242248
-36, 58, -138, 38.247283
-36, 58, -138, 38.252532
-32, 52, -124, 38.257781
-32, 52, -124, 38.262725
-29, 49, -129, 38.267486
-29, 49, -129, 38.272521
-22, 38, -130, 38.277374
-22, 38, -130, 38.282348
-28, 62, -136, 38.287536
-28, 62, -136, 38.292327
-23, 61, -127, 38.29718
-23, 61, -127, 38.302673
-32, 54, -128, 38.307403
-32, 54, -128, 38.312133
-16, 54, -120, 38.31726
-16, 54, -120, 38.322662
-25, 49, -123, 38.327209
-34, 56, -126, 38.35733
-29, 57, -123, 38.367156
-29, 57, -123, 38.372131
-29, 53, -123, 38.382537
-22, 54, -130, 38.387481
-22, 54, -130, 38.391998
-28, 58, -134, 38.397155
-28, 58, -134, 38.402069
-30, 72, -128, 38.407043
-30, 72, -128, 38.412139
-27, 65, -121, 38.432037
-31, 51, -131, 38.437103
-31, 51, -131, 38.441986
-25, 59, -129, 38.44699
-25, 59, -129, 38.452056
-34, 68, -124, 38.457
-34, 68, -124, 38.462432
-30, 76, -120, 38.467224
-27, 77, -123, 38.522033
-36, 70, -118, 38.526885
-27, 59, -127, 38.611724
-22, 58, -130, 38.616912
-36, 60, -118, 38.64685
-36, 60, -118, 38.651947
-36, 66, -122, 38.656768
-36, 66, -122, 38.6622
-24, 60, -120, 38.666809
-24, 60, -120, 38.671752
-29, 77, -131, 38.681793
-34, 72, -120, 38.691741
-38, 80, -128, 38.696716
-38, 80, -128, 38.702026
-36, 68, -116, 38.706787
-36, 68, -116, 38.711578
-29, 61, -121, 38.716827
-29, 61, -121, 38.721618
-30, 64, -122, 38.726623
-36, 78, -128, 38.736816
-36, 78, -128, 38.742004
-40, 72, -120, 38.7471
-37, 71, -119, 38.756622
-37, 71, -119, 38.761596
-42, 62, -124, 38.766479
-42, 62, -124, 38.77182
-30, 70, -120, 38.776458
-30, 70, -120, 38.78247
-39, 67, -133, 38.786712
-39, 67, -133, 38.791534
-37, 83, -121, 38.796508
-37, 83, -121, 38.801452
-49, 77, -119, 38.811614
-41, 73, -119, 38.816619
-46, 62, -120, 38.826568
-46, 62, -120, 38.831604
-30, 72, -124, 38.836791
-30, 72, -124, 38.84143
-48, 78, -128, 38.846527
-48, 78, -128, 38.851409
-36, 80, -122, 38.856384
-36, 80, -122, 38.861846
-53, 79, -123, 38.87149
-38, 58, -124, 38.876586
-44, 70, -132, 38.886413
-44, 70, -132, 38.891387
-40, 78, -122, 38.896301
-40, 78, -122, 38.902099
-49, 79, -125, 38.906463
-49, 79, -125, 38.911804
-52, 72, -118, 38.91632
-52, 72, -118, 38.921386
-42, 72, -118, 38.926269
-42, 72, -118, 38.931274
-49, 63, -121, 38.936431
-49, 63, -121, 38.94226
-41, 75, -129, 38.946472
-41, 75, -129, 38.951263
-55, 81, -125, 38.956573
-55, 81, -125, 38.961212
-46, 80, -114, 38.966217
-46, 80, -114, 38.971252
-48, 80, -128, 39.001159
-49, 83, -121, 39.006195
-49, 83, -121, 39.011169
-51, 81, -119, 39.016143
-51, 81, -119, 39.021636
-63, 73, -119, 39.026306
-63, 73, -119, 39.031127
-49, 73, -121, 39.036071
-55, 73, -129, 39.051147
-59, 83, -127, 39.05603
-59, 83, -127, 39.061553
-61, 85, -125, 39.066284
-61, 81, -125, 39.076416
-61, 81, -125, 39.081329
-56, 68, -120, 39.086029
-56, 68, -120, 39.091064
-61, 77, -125, 39.096008
-72, 74, -128, 39.136108
-72, 74, -128, 39.141571
-60, 72, -122, 39.146148
-80, 86, -130, 39.221679
-78, 88, -122, 39.226257
-78, 88, -122, 39.23117
-72, 68, -116, 39.236541
-72, 68, -116, 39.241394
-69, 67, -123, 39.245819
-69, 67, -123, 39.251098
-75, 73, -131, 39.255798
-75, 75, -129, 39.265533
-75, 75, -129, 39.270965
-81, 73, -125, 39.280853
-72, 70, -122, 39.28598
-72, 70, -122, 39.291046
-81, 65, -123, 39.295837
-81, 65, -123, 39.301361
-79, 75, -125, 39.306152
-79, 75, -125, 39.31076
-79, 81, -121, 39.315765
-79, 81, -121, 39.320861
-88, 80, -128, 39.325714
-88, 82, -120, 39.336181
-88, 82, -120, 39.341156
-79, 73, -121, 39.345916
-79, 73, -121, 39.350799
-76, 72, -126, 39.355773
-76, 72, -126, 39.360656
-82, 74, -126, 39.365814
-82, 74, -126, 39.370758
-87, 83, -123, 39.375732
-87, 83, -123, 39.381072
-90, 84, -120, 39.385803
-90, 84, -120, 39.390625
-85, 73, -121, 39.39566
-85, 73, -121, 39.400695
-86, 70, -124, 39.405609
-86, 70, -124, 39.410614
-82, 70, -122, 39.415954
-82, 70, -122, 39.421356
-87, 87, -127, 39.425781
-87, 87, -127, 39.43106
-100, 80, -126, 39.440582
-92, 72, -122, 39.44577
-92, 72, -122, 39.4505
-88, 66, -122, 39.45581
-88, 66, -122, 39.46112
-96, 74, -128, 39.46585
-96, 74, -128, 39.470458
-91, 79, -121, 39.475585
-91, 79, -121, 39.480529
-95, 79, -125, 39.485473
-95, 79, -125, 39.490417
-100, 74, -116, 39.496002
-100, 74, -116, 39.501007
-89, 69, -115, 39.505889
-89, 69, -115, 39.510375
-94, 66, -130, 39.515716
-94, 66, -130, 39.520416
-92, 76, -122, 39.525421
-92, 76, -122, 39.530883
-99, 83, -127, 39.535461
-99, 83, -127, 39.541137
-104, 68, -114, 39.545684
-104, 68, -114, 39.550323
-94, 70, -118, 39.555664
-94, 70, -118, 39.560363
-99, 65, -127, 39.56549
-99, 65, -127, 39.570526
-95, 77, -131, 39.575347
-95, 77, -131, 39.581115
-104, 74, -124, 39.585571
-104, 74, -124, 39.59027
-105, 69, -117, 39.595855
-105, 69, -117, 39.60028
-111, 65, -117, 39.605407
-111, 65, -117, 39.610412
-97, 69, -123, 39.615295
-97, 69, -123, 39.620697
-111, 67, -119, 39.655181
-98, 64, -120, 39.665435
-98, 64, -120, 39.670166
-108, 66, -132, 39.675201
-108, 66, -132, 39.680175
-104, 76, -124, 39.68515
-104, 76, -124, 39.690155
-109, 71, -123, 39.695281
-109, 71, -123, 39.700653
-111, 67, -119, 39.705322
-109, 59, -129, 39.730194
-104, 66, -120, 39.735107
-104, 66, -120, 39.7406
-120, 78, -122, 39.745269
-120, 78, -122, 39.75003
-110, 62, -118, 39.755279
-110, 62, -118, 39.760192
-106, 54, -118, 39.820373
-112, 46, -124, 39.825317
-112, 46, -124, 39.829986
-115, 61, -129, 39.835021
-119, 67, -127, 39.845031
-119, 67, -127, 39.849853
-117, 65, -119, 39.855072
-117, 65, -119, 39.860443
-111, 59, -113, 39.865112
-111, 59, -113, 39.869903
-118, 54, -126, 39.875
-115, 49, -131, 39.884948
-115, 49, -131, 39.890014
-121, 63, -133, 39.894927
-116, 66, -118, 39.904571
-116, 66, -118, 39.909973
-113, 45, -125, 39.915374
-113, 45, -125, 39.920043
-120, 44, -126, 39.92514
-120, 44, -126, 39.929901
-128, 44, -128, 39.934875
-128, 44, -128, 39.940307
-123, 51, -127, 39.949768
-120, 60, -122, 39.954956
-120, 60, -122, 39.959838
-116, 58, -126, 39.964752
-116, 58, -126, 39.970031
-114, 52, -116, 39.974731
-114, 52, -116, 39.980194
-124, 48, -126, 39.984893
-124, 48, -126, 39.989868
-122, 38, -130, 39.994812
-122, 38, -130, 39.999816
-134, 56, -130, 40.009735
-123, 47, -121, 40.014953
-123, 47, -121, 40.020538
-122, 54, -130, 40.024871
-122, 54, -130, 40.029693
-122, 46, -118, 40.034759
-122, 46, -118, 40.039794
-121, 39, -123, 40.044586
-121, 39, -123, 40.049896
-123, 37, -125, 40.054748
-123, 37, -125, 40.060119
-133, 43, -129, 40.065155
-133, 43, -129, 40.06961
-134, 56, -118, 40.074707
-134, 56, -118, 40.079711
-131, 49, -119, 40.085083
-131, 49, -119, 40.089721
-124, 40, -120, 40.094543
-124, 40, -120, 40.100311
-121, 31, -123, 40.104766
-121, 31, -123, 40.109527
-129, 41, -121, 40.114746
-129, 41, -121, 40.11972
-141, 51, -123, 40.124511
-141, 51, -123, 40.129577
-130, 38, -122, 40.13449
-130, 38, -122, 40.140075
-121, 51, -125, 40.144744
-121, 51, -125, 40.150024
-127, 37, -121, 40.15451
-127, 37, -121, 40.159484
-135, 37, -125, 40.164459
-135, 37, -125, 40.169738
-138, 36, -122, 40.174407
-138, 36, -122, 40.180114
-138, 36, -120, 40.184783
-138, 36, -120, 40.189453
-128, 42, -122, 40.194488
-128, 42, -122, 40.199493
-127, 45, -129, 40.204376
-127, 45, -129, 40.209686
-125, 37, -127, 40.214965
-125, 37, -127, 40.219909
-129, 31, -125, 40.224731
-129, 31, -125, 40.229461
-141, 25, -123, 40.234466
-141, 25, -123, 40.239532
-134, 38, -128, 40.244384
-134, 38, -128, 40.249542
-124, 32, -130, 40.279449
-125, 27, -131, 40.289459
-132, 30, -132, 40.294281
-132, 30, -132, 40.299804
-128, 32, -130, 40.304443
-128, 32, -130, 40.309417
-123, 33, -123, 40.314514
-123, 37, -123, 40.32434
-123, 37, -123, 40.329284
-122, 30, -116, 40.334167
-122, 30, -116, 40.339752
-135, 27, -135, 40.359222
-124, 34, -134, 40.364196
-124, 34, -134, 40.36914
-127, 37, -129, 40.374389
-127, 37, -129, 40.379791
-122, 34, -126, 40.384338
-125, 29, -123, 40.394226
-139, 17, -125, 40.414093
-125, 29, -131, 40.439605
-139, 23, -117, 40.53421
-138, 32, -126, 40.54364
-138, 32, -126, 40.549041
-130, 26, -114, 40.554321
-130, 26, -114, 40.558929
-134, 26, -122, 40.568939
-132, 26, -124, 40.574188
-132, 26, -124, 40.579345
-136, 26, -122, 40.584167
-133, 29, -125, 40.593963
-133, 29, -125, 40.59909
-132, 32, -120, 40.604125
-132, 32, -120, 40.608825
-124, 32, -124, 40.613891
-124, 32, -124, 40.619476
-125, 29, -123, 40.624023
-125, 29, -123, 40.628814
-141, 19, -123, 40.634246
-141, 19, -123, 40.638946
-137, 17, -121, 40.643798
-137, 17, -121, 40.649108
-135, 33, -121, 40.653808
-135, 33, -121, 40.659393
-132, 32, -124, 40.664001
-132, 32, -124, 40.669158
-128, 30, -118, 40.67398
-128, 30, -118, 40.678741
-132, 26, -122, 40.683837
-132, 26, -122, 40.68872
-129, 25, -133, 40.693878
-129, 25, -133, 40.699249
-136, 22, -128, 40.704101
-136, 22, -128, 40.708709
-128, 28, -122, 40.718658
-129, 39, -127, 40.723693
-125, 27, -119, 40.733764
-125, 27, -119, 40.739288
-131, 29, -131, 40.743896
-136, 14, -126, 40.758941
-144, 28, -128, 40.763641
-144, 28, -128, 40.769104
-134, 32, -122, 40.773529
-134, 32, -122, 40.779205
-128, 24, -124, 40.783813
-128, 24, -124, 40.788635
-134, 38, -118, 40.793823
-134, 38, -118, 40.798583
-138, 18, -116, 40.803771
-138, 18, -116, 40.808593
-144, 24, -132, 40.813568
-144, 24, -132, 40.819
-138, 30, -116, 40.82373
-138, 30, -116, 40.828552
-136, 34, -122, 40.834136
-136, 34, -122, 40.83847
-132, 30, -114, 40.843566
-132, 30, -114, 40.848754
-133, 31, -129, 40.853515
-133, 31, -129, 40.858978
-136, 18, -120, 40.8638
-136, 18, -120, 40.868682
-140, 26, -118, 40.878479
-138, 34, -122, 40.883605
-138, 34, -122, 40.888641
-136, 34, -126, 40.899078
-134, 32, -120, 40.903625
-134, 32, -120, 40.908447
-134, 24, -128, 40.913543
-134, 24, -128, 40.918548
-137, 19, -131, 40.923706
-137, 19, -131, 40.928375
-144, 18, -120, 40.933502
-144, 18, -120, 40.938873
-137, 27, -121, 40.943603
-137, 27, -121, 40.948364
-131, 29, -121, 40.953887
-131, 29, -121, 40.958343
-135, 23, -115, 40.9635
-135, 23, -115, 40.968597
-133, 23, -115, 40.97882
-139, 21, -115, 40.98352
-139, 21, -115, 40.988677
-142, 26, -128, 40.993408
-142, 26, -128, 40.998443
-134, 28, -132, 41.003692
-134, 28, -132, 41.008331
-132, 32, -126, 41.013519
-132, 32, -126, 41.018737
-129, 27, -117, 41.023468
-129, 27, -117, 41.028747
-138, 22, -122, 41.033325
-138, 22, -122, 41.038269
-137, 19, -129, 41.043304
-137, 19, -129, 41.0484
-137, 21, -129, 41.053558
-137, 21, -129, 41.059051
-132, 28, -122, 41.063568
-132, 28, -122, 41.068237
-131, 31, -119, 41.073333
-131, 31, -119, 41.078186
-131, 29, -115, 41.083496
-131, 29, -115, 41.0885
-133, 19, -123, 41.093566
-145, 23, -125, 41.103515
-145, 23, -125, 41.108428
-139, 29, -129, 41.113281
-139, 29, -129, 41.118133
-139, 31, -117, 41.123138
-139, 31, -117, 41.128265
-135, 29, -119, 41.133148
-135, 29, -119, 41.138793
-136, 22, -112, 41.14331
-136, 22, -112, 41.148376
-141, 19, -119, 41.153564
-141, 19, -119, 41.158233
-140, 26, -120, 41.163299
-138, 22, -122, 41.173095
-134, 30, -126, 41.182708
-134, 30, -126, 41.18811
-138, 18, -124, 41.193847
-138, 18, -124, 41.19812
-141, 19, -121, 41.203338
-141, 19, -121, 41.208068
-145, 23, -127, 41.213287
-145, 23, -127, 41.21875
-149, 21, -123, 41.223419
-149, 21, -123, 41.228179
-136, 30, -118, 41.233093
-136, 30, -118, 41.237976
-130, 24, -118, 41.243041
-130, 24, -118, 41.24826
-131, 25, -119, 41.252899
-131, 25, -119, 41.258911
-138, 16, -122, 41.263153
-138, 16, -122, 41.267974
-148, 14, -116, 41.273254
-148, 14, -116, 41.277923
-147, 13, -121, 41.282928
-147, 13, -121, 41.288269
-141, 17, -119, 41.293548
-141, 17, -119, 41.2984
-139, 15, -123, 41.3031
-139, 15, -123, 41.307861
-149, 1, -121, 41.313049
-149, 1, -121, 41.31784
-149, 13, -115, 41.322998
-147, 5, -117, 41.332855
-147, 5, -117, 41.338317
-147, 3, -117, 41.343017
-147, 3, -117, 41.3479
-151, -1, -117, 41.352783
-151, -1, -117, 41.357971
-150, -4, -110, 41.362823
-150, -4, -110, 41.367828
-154, 0, -112, 41.372772
-154, 0, -112, 41.378234
-151, -9, -107, 41.382934
-151, -9, -107, 41.388305
-154, -4, -104, 41.392791
-154, -4, -104, 41.397796
-159, -9, -109, 41.402923
-159, -9, -109, 41.407775
-156, -12, -100, 41.412963
-156, -12, -100, 41.418243
-158, -6, -104, 41.423065
-158, -6, -104, 41.427764
-157, -9, -103, 41.432708
-157, -9, -103, 41.437683
-157, -7, -105, 41.442687
-157, -7, -105, 41.447906
-155, -13, -99, 41.453155
-155, -13, -99, 41.458129
-156, -12, -100, 41.46289
-156, -12, -100, 41.467864
-157, -11, -99, 41.472717
-157, -11, -99, 41.477661
-154, -12, -102, 41.487976
-163, -9, -103, 41.498291
-153, -7, -103, 41.502777
-153, -7, -103, 41.507659
-158, -14, -98, 41.512817
-158, -14, -98, 41.518096
-156, -12, -100, 41.522705
-156, -12, -100, 41.527709
-161, -11, -103, 41.547485
-161, -7, -97, 41.552642
-161, -7, -97, 41.557525
-157, -7, -99, 41.562744
-157, -7, -99, 41.567962
-149, -1, -105, 41.572753
-149, -1, -105, 41.578002
-158, -8, -100, 41.582946
-158, -8, -100, 41.587646
-152, -2, -102, 41.592529
-152, -2, -102, 41.597625
-163, -11, -103, 41.602447
-163, -11, -103, 41.607604
-156, 0, -104, 41.612396
-156, 0, -104, 41.618377
-152, 6, -114, 41.622772
-152, 6, -114, 41.627441
-156, 0, -106, 41.632568
-152, 0, -102, 41.647583
-151, -1, -105, 41.652587
-151, -1, -105, 41.657897
-147, 1, -109, 41.66275
-147, 1, -109, 41.667419
-150, 12, -106, 41.672363
-150, 12, -106, 41.677459
-147, 9, -111, 41.682464
-147, 9, -111, 41.687347
-150, 2, -112, 41.692321
-150, 2, -112, 41.698181
-153, 7, -111, 41.702911
-153, 7, -111, 41.707366
-145, 11, -113, 41.712341
-145, 11, -113, 41.717895
-148, 8, -108, 41.72232
-148, 8, -108, 41.727294
-149, 7, -113, 41.73233
-149, 7, -113, 41.737976
-149, 11, -109, 41.74295
-149, 11, -109, 41.747497
-140, 12, -112, 41.752227
-140, 12, -112, 41.757385
-147, 9, -119, 41.762298
-147, 9, -119, 41.767211
-146, 16, -110, 41.772216
-146, 16, -110, 41.777679
-143, 15, -107, 41.783172
-143, 15, -107, 41.787414
-151, 13, -113, 41.792144
-151, 13, -113, 41.797607
-137, 13, -113, 41.802459
-137, 13, -113, 41.807159
-141, 11, -111, 41.812683
-145, 11, -117, 41.822753
-145, 11, -117, 41.827819
-144, 18, -108, 41.832366
-144, 18, -108, 41.837463
-145, 7, -115, 41.842315
-145, 7, -115, 41.848175
-142, 6, -112, 41.852355
-142, 6, -112, 41.857513
-147, 11, -111, 41.862731
-147, 11, -111, 41.867187
-143, 9, -115, 41.87207
-143, 9, -115, 41.877624
-147, 3, -111, 41.882019
-147, 3, -111, 41.887054
-147, 5, -103, 41.892486
-147, 5, -103, 41.89746
-149, 3, -113, 41.902343
-149, 3, -113, 41.906982
-148, 0, -106, 41.912597
-148, 0, -106, 41.917053
-148, 2, -108, 41.921997
-148, 2, -108, 41.927032
-146, 0, -108, 41.932281
-145, -3, -107, 41.942321
-145, -3, -107, 41.94699
-150, -6, -106, 41.952239
-150, -6, -106, 41.957092
-150, -4, -104, 41.961944
-150, -4, -104, 41.967132
-146, 2, -100, 41.971984
-146, 2, -100, 41.977508
-147, -1, -107, 41.982025
-147, -1, -107, 41.987182
-148, 2, -104, 41.992004
-148, 2, -104, 41.996917
-146, -6, -100, 42.001892
-146, -6, -100, 42.006988
-146, -4, -104, 42.01239
-146, -4, -104, 42.017333
-145, -7, -101, 42.022003
-145, -7, -101, 42.026947
-150, 0, -100, 42.031921
-150, 0, -100, 42.037292
-149, -3, -103, 42.041992
-149, -3, -103, 42.046936
-145, -5, -109, 42.05191
-145, -5, -109, 42.05725
-150, -6, -104, 42.062103
-150, -6, -104, 42.066833
-146, -6, -100, 42.072021
-148, -4, -102, 42.081878
-148, -4, -102, 42.087158
-142, -10, -104, 42.091857
-142, -10, -104, 42.097167
-146, -8, -98, 42.102874
-146, -8, -98, 42.106933
-143, -3, -101, 42.111877
-143, -3, -101, 42.116821
-148, -10, -102, 42.121826
-148, -10, -102, 42.126831
-149, -11, -99, 42.131744
-149, -11, -99, 42.137573
-147, -7, -107, 42.142272
-147, -7, -107, 42.146759
-144, -8, -108, 42.15213
-144, -8, -108, 42.156768
-149, -5, -101, 42.161773
-149, -5, -101, 42.167022
-145, -3, -99, 42.171813
-145, -3, -99, 42.177215
-146, -4, -106, 42.187042
-147, -11, -99, 42.191802
-147, -11, -99, 42.196624
-142, -2, -102, 42.201904
-142, -2, -102, 42.206787
-140, -4, -98, 42.21173
-140, -4, -98, 42.217224
