-169, 33, -105, 601.289001
-169, 33, -105, 601.299285
-169, 33, -105, 601.304077
-169, 33, -105, 601.308898
-169, 33, -105, 601.314208
-169, 33, -105, 601.323913
-169, 33, -105, 601.329132
-169, 33, -105, 601.334289
-169, 33, -105, 601.33966
-169, 33, -105, 601.343902
-169, 33, -105, 601.348937
-169, 33, -105, 601.353881
-169, 33, -105, 601.358825
-169, 33, -105, 601.364013
-169, 33, -105, 601.368682
-169, 33, -105, 601.374267
-169, 33, -105, 601.379272
-169, 33, -105, 601.383941
-169, 33, -105, 601.388793
-169, 33, -105, 601.398651
-169, 33, -105, 601.403686
-169, 33, -105, 601.408691
-169, 33, -105, 601.414733
-169, 33, -105, 601.419403
-169, 33, -105, 601.423858
-169, 33, -105, 601.42871
-169, 33, -105, 601.433654
-169, 33, -105, 601.438659
-169, 33, -105, 601.443695
-169, 33, -105, 601.448913
-169, 33, -105, 601.454193
-169, 33, -105, 601.459838
-169, 33, -105, 601.463806
-169, 33, -105, 601.468933
-169, 33, -105, 601.473815
-169, 33, -105, 601.478637
-169, 33, -105, 601.483886
-169, 33, -105, 601.488616
-169, 33, -105, 601.494171
-169, 33, -105, 601.499511
-169, 33, -105, 601.508605
-169, 33, -105, 601.513732
-169, 33, -105, 601.523681
-169, 33, -105, 601.528778
-169, 33, -105, 601.534118
-169, 33, -105, 601.539367
-169, 33, -105, 601.543762
-169, 33, -105, 601.548645
-169, 33, -105, 601.553649
-169, 33, -105, 601.558593
-169, 33, -105, 601.563537
-169, 33, -105, 601.568542
-169, 33, -105, 601.57434
-169, 33, -105, 601.579681
-169, 33, -105, 601.583679
-169, 33, -105, 601.588592
-169, 33, -105, 601.593597
-169, 33, -105, 601.59848
-169, 33, -105, 601.603759
-169, 33, -105, 601.608673
-169, 33, -105, 601.614135
-169, 33, -105, 601.619262
-169, 33, -105, 601.623626
-169, 33, -105, 601.628662
-169, 33, -105, 601.638549
-169, 33, -105, 601.643707
-169, 33, -105, 601.648468
-169, 33, -105, 601.654083
-169, 33, -105, 601.659179
-169, 33, -105, 601.663574
-169, 33, -105, 601.668487
-169, 33, -105, 601.673583
-169, 33, -105, 601.678527
-169, 33, -105, 601.683776
-169, 33, -105, 601.688537
-169, 33, -105, 601.69403
-169, 33, -105, 601.699401
-169, 33, -105, 601.70343
-169, 33, -105, 601.708526
-169, 33, -105, 601.713562
-169, 33, -105, 601.718444
-169, 33, -105, 601.72348
-169, 33, -105, 601.728363
-169, 33, -105, 601.733917
-169, 33, -105, 601.738983
-169, 33, -105, 601.743621
-169, 33, -105, 601.748413
-169, 33, -105, 601.75357
-169, 33, -105, 601.758422
-169, 33, -105, 601.763397
-169, 33, -105, 601.768341
-169, 33, -105, 601.774475
-169, 33, -105, 601.779052
-169, 33, -105, 601.783477
-169, 33, -105, 601.788421
-169, 33, -105, 601.793457
-169, 33, -105, 601.7984
-169, 33, -105, 601.803375
-169, 33, -105, 601.808441
-169, 33, -105, 601.813903
-169, 33, -105, 601.819183
-169, 33, -105, 601.823364
-169, 33, -105, 601.828277
-169, 33, -105, 601.833587
-169, 33, -105, 601.838775
-169, 33, -105, 601.848327
-169, 33, -105, 601.853973
-169, 33, -105, 601.859008
-169, 33, -105, 601.863372
-169, 33, -105, 601.868469
-169, 33, -105, 601.873535
-169, 33, -105, 601.878295
-169, 33, -105, 601.883514
-169, 33, -105, 601.88861
-169, 33, -105, 601.894134
-169, 33, -105, 601.898834
-169, 33, -105, 601.903442
-169, 33, -105, 601.908355
-169, 33, -105, 601.913391
-169, 33, -105, 601.918304
-169, 33, -105, 601.923553
-169, 33, -105, 601.928222
-169, 33, -105, 601.938934
-169, 33, -105, 601.943237
-169, 33, -105, 601.948577
-169, 33, -105, 601.953552
-169, 33, -105, 601.958679
-169, 33, -105, 601.963195
-169, 33, -105, 601.968719
-169, 33, -105, 601.973785
-169, 33, -105, 601.978546
-169, 33, -105, 601.983154
-169, 33, -105, 601.98822
-169, 33, -105, 601.993469
-169, 33, -105, 602.008239
-169, 33, -105, 602.01361
-169, 33, -105, 602.018646
-169, 33, -105, 602.023162
-169, 33, -105, 602.028106
-169, 33, -105, 602.033843
-169, 33, -105, 602.038299
-169, 33, -105, 602.048065
-169, 33, -105, 602.053741
-169, 33, -105, 602.058746
-169, 33, -105, 602.063049
-169, 33, -105, 602.068298
-169, 33, -105, 602.07315
-169, 33, -105, 602.078186
-169, 33, -105, 602.083068
-169, 33, -105, 602.088043
-169, 33, -105, 602.093841
-169, 33, -105, 602.108123
-169, 33, -105, 602.113098
-169, 33, -105, 602.118072
-169, 33, -105, 602.123046
-169, 33, -105, 602.128204
-169, 33, -105, 602.133972
-169, 33, -105, 602.13916
-169, 33, -105, 602.142974
-169, 33, -105, 602.148101
-169, 33, -105, 602.152984
-169, 33, -105, 602.15802
-169, 33, -105, 602.16336
-169, 33, -105, 602.168487
-169, 33, -105, 602.173828
-169, 33, -105, 602.178314
-169, 33, -105, 602.183044
-169, 33, -105, 602.188018
-169, 33, -105, 602.192993
-169, 33, -105, 602.198089
-169, 33, -105, 602.20346
-169, 33, -105, 602.207977
-169, 33, -105, 602.213806
-169, 33, -105, 602.218566
-169, 33, -105, 602.223022
-169, 33, -105, 602.228332
-169, 33, -105, 602.233062
-169, 33, -105, 602.238067
-169, 33, -105, 602.243103
-169, 33, -105, 602.247894
-169, 33, -105, 602.253509
-169, 33, -105, 602.258422
-169, 33, -105, 602.263031
-169, 33, -105, 602.267944
-169, 33, -105, 602.273284
-169, 33, -105, 602.277923
-169, 33, -105, 602.282897
-169, 33, -105, 602.287841
-169, 33, -105, 602.293457
-169, 33, -105, 602.298309
-169, 33, -105, 602.303009
-169, 33, -105, 602.307922
-169, 33, -105, 602.312896
-169, 33, -105, 602.317901
-169, 33, -105, 602.322998
-169, 33, -105, 602.328338
-169, 33, -105, 602.333343
-169, 33, -105, 602.338348
-169, 33, -105, 602.342926
-169, 33, -105, 602.3479
-169, 33, -105, 602.352905
-169, 33, -105, 602.357971
-169, 33, -105, 602.363037
-169, 33, -105, 602.368164
-169, 33, -105, 602.373626
-169, 33, -105, 602.378204
-169, 33, -105, 602.382843
-169, 33, -105, 602.387908
-169, 33, -105, 602.39331
-169, 33, -105, 602.397918
-169, 33, -105, 602.40277
-169, 33, -105, 602.408111
-169, 33, -105, 602.41333
-169, 33, -105, 602.418212
-169, 33, -105, 602.427886
-169, 33, -105, 602.432952
-169, 33, -105, 602.44284
-169, 33, -105, 602.447814
-169, 33, -105, 602.453186
-169, 33, -105, 602.458374
-169, 33, -105, 602.462829
-169, 33, -105, 602.467712
-169, 33, -105, 602.473022
-169, 33, -105, 602.477752
-169, 33, -105, 602.482696
-169, 33, -105, 602.488037
-169, 33, -105, 602.493408
-169, 33, -105, 602.498291
-169, 33, -105, 602.502838
-169, 33, -105, 602.50769
-169, 33, -105, 602.512756
-169, 33, -105, 602.517822
-169, 33, -105, 602.522888
-169, 33, -105, 602.52777
-169, 33, -105, 602.533325
-169, 33, -105, 602.537994
-169, 33, -105, 602.542694
-169, 33, -105, 602.547607
-169, 33, -105, 602.552703
-169, 33, -105, 602.562683
-169, 33, -105, 602.567626
-169, 33, -105, 602.575927
-169, 33, -105, 602.579925
-169, 33, -105, 602.582611
-169, 33, -105, 602.587646
-169, 33, -105, 602.593109
-169, 33, -105, 602.597717
-169, 33, -105, 602.602996
-169, 33, -105, 602.607971
-169, 33, -105, 602.613281
-169, 33, -105, 602.618316
-169, 33, -105, 602.62268
-169, 33, -105, 602.627685
-169, 33, -105, 602.632965
-169, 33, -105, 602.637542
-169, 33, -105, 602.642578
-169, 33, -105, 602.647521
-169, 33, -105, 602.658111
-169, 33, -105, 602.662536
-169, 33, -105, 602.667907
-169, 33, -105, 602.672607
-169, 33, -105, 602.677734
-169, 33, -105, 602.682525
-169, 33, -105, 602.68814
-169, 33, -105, 602.697998
-169, 33, -105, 602.702606
-169, 33, -105, 602.707519
-169, 33, -105, 602.717529
-169, 33, -105, 602.723052
-169, 33, -105, 602.727478
-169, 33, -105, 602.733001
-169, 33, -105, 602.738281
-169, 33, -105, 602.742431
-169, 33, -105, 602.747741
-169, 33, -105, 602.752655
-169, 33, -105, 602.757446
-169, 33, -105, 602.76242
-169, 33, -105, 602.767425
-169, 33, -105, 602.773162
-169, 33, -105, 602.777923
-169, 33, -105, 602.78247
-169, 33, -105, 602.787963
-169, 33, -105, 602.79248
-169, 33, -105, 602.797454
-169, 33, -105, 602.802429
-169, 33, -105, 602.807373
-169, 33, -105, 602.812927
-169, 33, -105, 602.818176
-169, 33, -105, 602.822418
-169, 33, -105, 602.827392
-169, 33, -105, 602.832427
-169, 33, -105, 602.837432
-169, 33, -105, 602.84262
-169, 33, -105, 602.847351
-169, 33, -105, 602.853088
-169, 33, -105, 602.85791
-169, 33, -105, 602.862396
-169, 33, -105, 602.867401
-169, 33, -105, 602.872375
-169, 33, -105, 602.877349
-169, 33, -105, 602.882507
-169, 33, -105, 602.887329
-169, 33, -105, 602.893188
-169, 33, -105, 602.897857
-169, 33, -105, 602.902252
-169, 33, -105, 602.907592
-169, 33, -105, 602.912414
-169, 33, -105, 602.917541
-169, 33, -105, 602.922271
-169, 33, -105, 602.927337
-169, 33, -105, 602.937774
-169, 33, -105, 602.942291
-169, 33, -105, 602.947784
-169, 33, -105, 602.952423
-169, 33, -105, 602.957305
-169, 33, -105, 602.96228
-169, 33, -105, 602.967437
-169, 33, -105, 602.972778
-169, 33, -105, 602.977935
-169, 33, -105, 602.982482
-169, 33, -105, 602.987426
-169, 33, -105, 602.992279
-169, 33, -105, 602.997436
-169, 33, -105, 603.002166
-169, 33, -105, 603.012878
-169, 33, -105, 603.0177
-169, 33, -105, 603.022247
-169, 33, -105, 603.027313
-169, 33, -105, 603.032226
-169, 33, -105, 603.037292
-169, 33, -105, 603.042144
-169, 33, -105, 603.047363
-169, 33, -105, 603.0531
-169, 33, -105, 603.058105
-169, 33, -105, 603.062225
-169, 33, -105, 603.067108
-169, 33, -105, 603.072174
-169, 33, -105, 603.077697
-169, 33, -105, 603.082153
-169, 33, -105, 603.087158
-169, 33, -105, 603.092926
-169, 33, -105, 603.097686
-169, 33, -105, 603.102111
-169, 33, -105, 603.107452
-169, 33, -105, 603.112335
-169, 33, -105, 603.117492
-169, 33, -105, 603.1221
-169, 33, -105, 603.127136
-169, 33, -105, 603.132568
-169, 33, -105, 603.137634
-169, 33, -105, 603.142364
-169, 33, -105, 603.147064
-169, 33, -105, 603.15213
-169, 33, -105, 603.157135
-169, 33, -105, 603.162048
-169, 33, -105, 603.167327
-169, 33, -105, 603.172943
-169, 33, -105, 603.177825
-169, 33, -105, 603.182403
-169, 33, -105, 603.187072
-169, 33, -105, 603.19226
-169, 33, -105, 603.19699
-169, 33, -105, 603.201995
-169, 33, -105, 603.20758
-169, 33, -105, 603.214965
-169, 33, -105, 603.220214
-169, 33, -105, 603.222137
-169, 33, -105, 603.227081
-169, 33, -105, 603.232269
-169, 33, -105, 603.237091
-169, 33, -105, 603.242218
-169, 33, -105, 603.247497
-169, 33, -105, 603.252532
-169, 33, -105, 603.257629
-169, 33, -105, 603.261901
-169, 33, -105, 603.267028
-169, 33, -105, 603.272491
-169, 33, -105, 603.277069
-169, 33, -105, 603.282257
-169, 33, -105, 603.287139
-169, 33, -105, 603.29251
-169, 33, -105, 603.297485
-169, 33, -105, 603.301971
-169, 33, -105, 603.307312
-169, 33, -105, 603.31195
-169, 33, -105, 603.316955
-169, 33, -105, 603.322204
-169, 33, -105, 603.326873
-169, 33, -105, 603.332397
-169, 33, -105, 603.33786
-169, 33, -105, 603.341979
-169, 33, -105, 603.34729
-169, 33, -105, 603.352233
-169, 33, -105, 603.357116
-169, 33, -105, 603.361846
-169, 33, -105, 603.367187
-169, 33, -105, 603.372711
-169, 33, -105, 603.377502
-169, 33, -105, 603.381866
-169, 33, -105, 603.386871
-169, 33, -105, 603.391998
-169, 33, -105, 603.397216
-169, 33, -105, 603.402252
-169, 33, -105, 603.407287
-169, 33, -105, 603.412719
-169, 33, -105, 603.417755
-169, 33, -105, 603.421844
-169, 33, -105, 603.431915
-169, 33, -105, 603.43695
-169, 33, -105, 603.441864
-169, 33, -105, 603.446777
-169, 33, -105, 603.452362
-169, 33, -105, 603.457458
-169, 33, -105, 603.461791
-169, 33, -105, 603.466827
-169, 33, -105, 603.472412
-169, 33, -105, 603.476837
-169, 33, -105, 603.486755
-169, 33, -105, 603.492279
-169, 33, -105, 603.497528
-169, 33, -105, 603.501922
-169, 33, -105, 603.51184
-169, 33, -105, 603.516784
-169, 33, -105, 603.521667
-169, 33, -105, 603.526855
-169, 33, -105, 603.532318
-169, 33, -105, 603.541809
-169, 33, -105, 603.546997
-169, 33, -105, 603.552001
-169, 33, -105, 603.557006
-169, 33, -105, 603.561706
-169, 33, -105, 603.566894
-169, 33, -105, 603.572174
-169, 33, -105, 603.577423
-169, 33, -105, 603.581695
-169, 33, -105, 603.586822
-169, 33, -105, 603.591766
-169, 33, -105, 603.597076
-169, 33, -105, 603.601806
-169, 33, -105, 603.606964
-169, 33, -105, 603.612548
-169, 33, -105, 603.61734
-169, 33, -105, 603.621673
-169, 33, -105, 603.626678
-169, 33, -105, 603.632232
-169, 33, -105, 603.636718
-169, 33, -105, 603.641601
-169, 33, -105, 603.646697
-169, 33, -105, 603.652191
-169, 33, -105, 603.65747
-169, 33, -105, 603.66156
-169, 33, -105, 603.666748
-169, 33, -105, 603.676635
-169, 33, -105, 603.681518
-169, 33, -105, 603.686584
-169, 33, -105, 603.692108
-169, 33, -105, 603.697509
-169, 33, -105, 603.70169
-169, 33, -105, 603.706604
-169, 33, -105, 603.711853
-169, 33, -105, 603.716522
-169, 33, -105, 603.721527
-169, 33, -105, 603.726562
-169, 33, -105, 603.732696
-169, 33, -105, 603.737091
-169, 33, -105, 603.741668
-169, 33, -105, 603.746643
-169, 33, -105, 603.751861
-169, 33, -105, 603.75653
-169, 33, -105, 603.761718
-169, 33, -105, 603.766845
-169, 33, -105, 603.772094
-169, 33, -105, 603.777008
-169, 33, -105, 603.781555
-169, 33, -105, 603.786743
-169, 33, -105, 603.791564
-169, 33, -105, 603.796783
-169, 33, -105, 603.801483
-169, 33, -105, 603.806518
-169, 33, -105, 603.812042
-169, 33, -105, 603.816955
-169, 33, -105, 603.821533
-169, 33, -105, 603.826995
-169, 33, -105, 603.831695
-169, 33, -105, 603.836425
-169, 33, -105, 603.84143
-169, 33, -105, 603.846435
-169, 33, -105, 603.8544
-169, 33, -105, 603.858856
-169, 33, -105, 603.861846
-169, 33, -105, 603.866485
-169, 33, -105, 603.876434
-169, 33, -105, 603.881469
-169, 33, -105, 603.886566
-169, 33, -105, 603.892028
-169, 33, -105, 603.897033
-169, 33, -105, 603.901367
-169, 33, -105, 603.906616
-169, 33, -105, 603.911468
-169, 33, -105, 603.91632
-169, 33, -105, 603.921569
-169, 33, -105, 603.926666
-169, 33, -105, 603.931854
-169, 33, -105, 603.937194
-169, 33, -105, 603.941345
-169, 33, -105, 603.94635
-169, 33, -105, 603.951629
-169, 33, -105, 603.957061
-169, 33, -105, 603.961395
-169, 33, -105, 603.966705
-169, 33, -105, 603.972076
-169, 33, -105, 603.977172
-169, 33, -105, 603.981353
-169, 33, -105, 603.98645
-169, 33, -105, 603.991638
-169, 33, -105, 603.996246
-169, 33, -105, 604.001342
-169, 33, -105, 604.006225
-169, 33, -105, 604.012115
-169, 33, -105, 604.016845
-169, 33, -105, 604.021301
-169, 33, -105, 604.026428
-169, 33, -105, 604.031372
-169, 33, -105, 604.036315
-169, 33, -105, 604.041229
-169, 33, -105, 604.0466
-169, 33, -105, 604.051696
-169, 33, -105, 604.057037
-169, 33, -105, 604.061187
-169, 33, -105, 604.066284
-169, 33, -105, 604.076232
-169, 33, -105, 604.081176
-169, 33, -105, 604.086517
-169, 33, -105, 604.091857
-169, 33, -105, 604.096923
-169, 33, -105, 604.101165
-169, 33, -105, 604.10617
-169, 33, -105, 604.111236
-169, 33, -105, 604.116149
-169, 33, -105, 604.12622
-169, 33, -105, 604.131988
-169, 33, -105, 604.136932
-169, 33, -105, 604.141143
-169, 33, -105, 604.146179
-169, 33, -105, 604.151397
-169, 33, -105, 604.15628
-169, 33, -105, 604.161437
-169, 33, -105, 604.166107
-169, 33, -105, 604.171844
-169, 33, -105, 604.176727
-169, 33, -105, 604.181091
-169, 33, -105, 604.186614
-169, 33, -105, 604.191223
-169, 33, -105, 604.196166
-169, 33, -105, 604.201049
-169, 33, -105, 604.206115
-169, 33, -105, 604.211853
-169, 33, -105, 604.216979
-169, 33, -105, 604.22116
-169, 33, -105, 604.226043
-169, 33, -105, 604.231414
-169, 33, -105, 604.236114
-169, 33, -105, 604.241088
-169, 33, -105, 604.246276
-169, 33, -105, 604.2518
-169, 33, -105, 604.25653
-169, 33, -105, 604.261169
-169, 33, -105, 604.266021
-169, 33, -105, 604.271087
-169, 33, -105, 604.276306
-169, 33, -105, 604.280944
-169, 33, -105, 604.286163
-169, 33, -105, 604.291809
-169, 33, -105, 604.29663
-169, 33, -105, 604.300994
-169, 33, -105, 604.30606
-169, 33, -105, 604.311004
-169, 33, -105, 604.316223
-169, 33, -105, 604.321044
-169, 33, -105, 604.326049
-169, 33, -105, 604.331726
-169, 33, -105, 604.33673
-169, 33, -105, 604.340972
-169, 33, -105, 604.345947
-169, 33, -105, 604.351135
-169, 33, -105, 604.356018
-169, 33, -105, 604.3609
-169, 33, -105, 604.365936
-169, 33, -105, 604.371643
-169, 33, -105, 604.376678
-169, 33, -105, 604.381072
-169, 33, -105, 604.386108
-169, 33, -105, 604.391052
-169, 33, -105, 604.39627
-169, 33, -105, 604.400878
-169, 33, -105, 604.405914
-169, 33, -105, 604.411346
-169, 33, -105, 604.416534
-169, 33, -105, 604.420867
-169, 33, -105, 604.425903
-169, 33, -105, 604.431213
-169, 33, -105, 604.436187
-169, 33, -105, 604.440887
-169, 33, -105, 604.446105
-169, 33, -105, 604.451477
-169, 33, -105, 604.456481
-169, 33, -105, 604.460937
-169, 33, -105, 604.466156
-169, 33, -105, 604.47113
-169, 33, -105, 604.475799
-169, 33, -105, 604.480926
-169, 33, -105, 604.4859
-169, 33, -105, 604.495483
-169, 33, -105, 604.501373
-169, 33, -105, 604.50592
-169, 33, -105, 604.511657
-169, 33, -105, 604.51593
-169, 33, -105, 604.521209
-169, 33, -105, 604.526
-169, 33, -105, 604.531311
-169, 33, -105, 604.536346
-169, 33, -105, 604.54074
-169, 33, -105, 604.545898
-169, 33, -105, 604.550872
-169, 33, -105, 604.555725
-169, 33, -105, 604.560791
-169, 33, -105, 604.566101
-169, 33, -105, 604.571258
-169, 33, -105, 604.576904
-169, 33, -105, 604.580841
-169, 33, -105, 604.585754
-169, 33, -105, 604.59085
-169, 33, -105, 604.595764
-169, 33, -105, 604.601013
-169, 33, -105, 604.605682
-169, 33, -105, 604.611358
-169, 33, -105, 604.616333
-169, 33, -105, 604.620788
-169, 33, -105, 604.625671
-169, 33, -105, 604.631011
-169, 33, -105, 604.635833
-169, 33, -105, 604.640747
-169, 33, -105, 604.646209
-169, 33, -105, 604.651367
-169, 33, -105, 604.665649
-169, 33, -105, 604.67575
-169, 33, -105, 604.680664
-169, 33, -105, 604.685607
-169, 33, -105, 604.691436
-169, 33, -105, 604.696319
-169, 33, -105, 604.700653
-169, 33, -105, 604.705657
-169, 33, -105, 604.710937
-169, 33, -105, 604.715637
-169, 33, -105, 604.720611
-169, 33, -105, 604.725585
-169, 33, -105, 604.73117
-169, 33, -105, 604.736236
-169, 33, -105, 604.740814
-169, 33, -105, 604.745605
-169, 33, -105, 604.750732
-169, 33, -105, 604.75592
-169, 33, -105, 604.760589
-169, 33, -105, 604.765502
-169, 33, -105, 604.771087
-169, 33, -105, 604.776733
-169, 33, -105, 604.7807
-169, 33, -105, 604.785552
-169, 33, -105, 604.790863
-169, 33, -105, 604.795562
-169, 33, -105, 604.800842
-169, 33, -105, 604.805999
-169, 33, -105, 604.811309
-169, 33, -105, 604.81607
-169, 33, -105, 604.820678
-169, 33, -105, 604.825531
-169, 33, -105, 604.830627
-169, 33, -105, 604.835876
-169, 33, -105, 604.840698
-169, 33, -105, 604.845489
-169, 33, -105, 604.851043
-169, 33, -105, 604.856323
-169, 33, -105, 604.860504
-169, 33, -105, 604.865447
-169, 33, -105, 604.870819
-169, 33, -105, 604.87561
-169, 33, -105, 604.880706
-169, 33, -105, 604.885467
-169, 33, -105, 604.891021
-169, 33, -105, 604.895935
-169, 33, -105, 604.900512
-169, 33, -105, 604.905609
-169, 33, -105, 604.910552
-169, 33, -105, 604.915405
-169, 33, -105, 604.920715
-169, 33, -105, 604.925415
-169, 33, -105, 604.931182
-169, 33, -105, 604.936492
-169, 33, -105, 604.940704
-169, 33, -105, 604.945404
-169, 33, -105, 604.950531
-169, 33, -105, 604.955383
-169, 33, -105, 604.960327
-169, 33, -105, 604.965667
-169, 33, -105, 604.970947
-169, 33, -105, 604.975921
-169, 33, -105, 604.980438
-169, 33, -105, 604.990478
-169, 33, -105, 605.000488
-169, 33, -105, 605.005401
-169, 33, -105, 605.011047
-169, 33, -105, 605.015991
-169, 33, -105, 605.020446
-169, 33, -105, 605.025268
-169, 33, -105, 605.030609
-169, 33, -105, 605.035461
-169, 33, -105, 605.040222
-169, 33, -105, 605.045379
-169, 33, -105, 605.051025
-169, 33, -105, 605.056243
-169, 33, -105, 605.060333
-169, 33, -105, 605.065216
-169, 33, -105, 605.070465
-169, 33, -105, 605.075225
-169, 33, -105, 605.080566
-169, 33, -105, 605.085266
-169, 33, -105, 605.090881
-169, 33, -105, 605.095672
-169, 33, -105, 605.100463
-169, 33, -105, 605.105133
-169, 33, -105, 605.11029
-169, 33, -105, 605.115264
-169, 33, -105, 605.120178
-169, 33, -105, 605.125152
-169, 33, -105, 605.13504
-169, 33, -105, 605.140625
-169, 33, -105, 605.145324
-169, 33, -105, 605.150787
-169, 33, -105, 605.155303
-169, 33, -105, 605.160247
-169, 33, -105, 605.165802
-169, 33, -105, 605.170654
-169, 33, -105, 605.18045
-169, 33, -105, 605.185333
-169, 33, -105, 605.19046
-169, 33, -105, 605.1958
-169, 33, -105, 605.200164
-169, 33, -105, 605.205261
-169, 33, -105, 605.210662
-169, 33, -105, 605.21585
-169, 33, -105, 605.220092
-169, 33, -105, 605.225097
-169, 33, -105, 605.230377
-169, 33, -105, 605.235046
-169, 33, -105, 605.240173
-169, 33, -105, 605.245544
-169, 33, -105, 605.250762
-169, 33, -105, 605.255981
-169, 33, -105, 605.260192
-169, 33, -105, 605.265228
-169, 33, -105, 605.270202
-169, 33, -105, 605.280059
-169, 33, -105, 605.285064
-169, 33, -105, 605.290893
-169, 33, -105, 605.295837
-169, 33, -105, 605.300048
-169, 33, -105, 605.305084
-169, 33, -105, 605.310058
-169, 33, -105, 605.315002
-169, 33, -105, 605.320343
-169, 33, -105, 605.325103
-169, 33, -105, 605.33081
-169, 33, -105, 605.335693
-169, 33, -105, 605.340026
-169, 33, -105, 605.345245
-169, 33, -105, 605.350219
-169, 33, -105, 605.355468
-169, 33, -105, 605.360107
-169, 33, -105, 605.364868
-169, 33, -105, 605.370574
-169, 33, -105, 605.375854
-169, 33, -105, 605.379974
-169, 33, -105, 605.390106
-169, 33, -105, 605.395416
-169, 33, -105, 605.400024
-169, 33, -105, 605.404907
-169, 33, -105, 605.410705
-169, 33, -105, 605.415496
-169, 33, -105, 605.41986
-169, 33, -105, 605.425537
-169, 33, -105, 605.429901
-169, 33, -105, 605.434936
-169, 33, -105, 605.440155
-169, 33, -105, 605.444915
-169, 33, -105, 605.450378
-169, 33, -105, 605.45578
-169, 33, -105, 605.460052
-169, 33, -105, 605.464843
-169, 33, -105, 605.469909
-169, 33, -105, 605.474884
-169, 33, -105, 605.480102
-169, 33, -105, 605.484954
-169, 33, -105, 605.490539
-169, 33, -105, 605.495452
-169, 33, -105, 605.505126
-169, 33, -105, 605.509857
-169, 33, -105, 605.515136
-169, 33, -105, 605.519805
-169, 33, -105, 605.524963
-169, 33, -105, 605.530334
-169, 33, -105, 605.535644
-169, 33, -105, 605.539855
-169, 33, -105, 605.545104
-169, 33, -105, 605.549896
-169, 33, -105, 605.554931
-169, 33, -105, 605.559844
-169, 33, -105, 605.564819
-169, 33, -105, 605.570281
-169, 33, -105, 605.575225
-169, 33, -105, 605.579742
-169, 33, -105, 605.584991
-169, 33, -105, 605.589935
-169, 33, -105, 605.594757
-169, 33, -105, 605.599731
-169, 33, -105, 605.605072
-169, 33, -105, 605.610595
-169, 33, -105, 605.615875
-169, 33, -105, 605.619873
-169, 33, -105, 605.624755
-169, 33, -105, 605.629821
-169, 33, -105, 605.634948
-169, 33, -105, 605.639617
-169, 33, -105, 605.644683
-169, 33, -105, 605.650207
-169, 33, -105, 605.655395
-169, 33, -105, 605.669708
-169, 33, -105, 605.674591
-169, 33, -105, 605.679687
-169, 33, -105, 605.69519
-169, 33, -105, 605.699707
-169, 33, -105, 605.704589
-169, 33, -105, 605.709716
-169, 33, -105, 605.714904
-169, 33, -105, 605.719757
-169, 33, -105, 605.724639
-169, 33, -105, 605.730499
-169, 33, -105, 605.735351
-169, 33, -105, 605.739654
-169, 33, -105, 605.744567
-169, 33, -105, 605.749816
-169, 33, -105, 605.754577
-169, 33, -105, 605.759674
-169, 33, -105, 605.764801
-169, 33, -105, 605.774078
-169, 33, -105, 605.779968
-169, 33, -105, 605.785247
-169, 33, -105, 605.790222
-169, 33, -105, 605.79486
-169, 33, -105, 605.799774
-169, 33, -105, 605.804687
-169, 33, -105, 605.810394
-169, 33, -105, 605.815155
-169, 33, -105, 605.81961
-169, 33, -105, 605.824554
-169, 33, -105, 605.82965
-169, 33, -105, 605.834533
-169, 33, -105, 605.839508
-169, 33, -105, 605.844604
-169, 33, -105, 605.850494
-169, 33, -105, 605.855102
-169, 33, -105, 605.859649
-169, 33, -105, 605.864501
-169, 33, -105, 605.869476
-169, 33, -105, 605.87442
-169, 33, -105, 605.879821
-169, 33, -105, 605.88504
-169, 33, -105, 605.890014
-169, 33, -105, 605.895019
-169, 33, -105, 605.899444
-169, 33, -105, 605.904815
-169, 33, -105, 605.909637
-169, 33, -105, 605.91455
-169, 33, -105, 605.919433
-169, 33, -105, 605.924468
-169, 33, -105, 605.929992
-169, 33, -105, 605.935028
-169, 33, -105, 605.939453
-169, 33, -105, 605.944519
-169, 33, -105, 605.950164
-169, 33, -105, 605.954437
-169, 33, -105, 605.959594
-169, 33, -105, 605.964385
-169, 33, -105, 605.970275
-169, 33, -105, 605.975067
-169, 33, -105, 605.979553
-169, 33, -105, 605.984313
-169, 33, -105, 605.989562
-169, 33, -105, 605.994384
-169, 33, -105, 605.999328
-169, 33, -105, 606.004425
-169, 33, -105, 606.019409
-169, 33, -105, 606.024383
-169, 33, -105, 606.029449
-169, 33, -105, 606.034271
-169, 33, -105, 606.039337
-169, 33, -105, 606.044403
-169, 33, -105, 606.049835
-169, 33, -105, 606.054718
-169, 33, -105, 606.059326
-169, 33, -105, 606.06427
-169, 33, -105, 606.069641
-169, 33, -105, 606.07434
-169, 33, -105, 606.079437
-169, 33, -105, 606.084289
-169, 33, -105, 606.089843
-169, 33, -105, 606.095092
-169, 33, -105, 606.099273
-169, 33, -105, 606.104553
-169, 33, -105, 606.109863
-169, 33, -105, 606.114379
-169, 33, -105, 606.119323
-169, 33, -105, 606.124206
-169, 33, -105, 606.12973
-169, 33, -105, 606.134857
-169, 33, -105, 606.13919
-169, 33, -105, 606.144409
-169, 33, -105, 606.149383
-169, 33, -105, 606.15451
-169, 33, -105, 606.159179
-169, 33, -105, 606.164184
-169, 33, -105, 606.169738
-169, 33, -105, 606.175079
-169, 33, -105, 606.179321
-169, 33, -105, 606.184478
-169, 33, -105, 606.189514
-169, 33, -105, 606.194152
-169, 33, -105, 606.199371
-169, 33, -105, 606.204101
-169, 33, -105, 606.209777
-169, 33, -105, 606.214538
-169, 33, -105, 606.219238
-169, 33, -105, 606.22409
-169, 33, -105, 606.229461
-169, 33, -105, 606.23413
-169, 33, -105, 606.239654
-169, 33, -105, 606.244262
-169, 33, -105, 606.249725
-169, 33, -105, 606.254547
-169, 33, -105, 606.259124
-169, 33, -105, 606.264373
-169, 33, -105, 606.269378
-169, 33, -105, 606.274169
-169, 33, -105, 606.279357
-169, 33, -105, 606.284515
-169, 33, -105, 606.289825
-169, 33, -105, 606.294342
-169, 33, -105, 606.299072
-169, 33, -105, 606.304565
-169, 33, -105, 606.309326
-169, 33, -105, 606.31427
-169, 33, -105, 606.319305
-169, 33, -105, 606.324035
-169, 33, -105, 606.329589
-169, 33, -105, 606.334381
-169, 33, -105, 606.339294
-169, 33, -105, 606.344024
-169, 33, -105, 606.349151
-169, 33, -105, 606.3544
-169, 33, -105, 606.359008
-169, 33, -105, 606.364318
-169, 33, -105, 606.369781
-169, 33, -105, 606.374694
-169, 33, -105, 606.379333
-169, 33, -105, 606.384155
-169, 33, -105, 606.389129
-169, 33, -105, 606.394317
-169, 33, -105, 606.398925
-169, 33, -105, 606.404479
-169, 33, -105, 606.41452
-169, 33, -105, 606.419616
-169, 33, -105, 606.424011
-169, 33, -105, 606.429351
-169, 33, -105, 606.4346
-169, 33, -105, 606.444091
-169, 33, -105, 606.449371
-169, 33, -105, 606.454376
-169, 33, -105, 606.458984
-169, 33, -105, 606.463897
-169, 33, -105, 606.46939
-169, 33, -105, 606.473907
-169, 33, -105, 606.478912
-169, 33, -105, 606.483978
-169, 33, -105, 606.489746
-169, 33, -105, 606.494689
-169, 33, -105, 606.498962
-169, 33, -105, 606.504028
-169, 33, -105, 606.509246
-169, 33, -105, 606.513854
-169, 33, -105, 606.519256
-169, 33, -105, 606.523895
-169, 33, -105, 606.529327
-169, 33, -105, 606.534912
-169, 33, -105, 606.538909
-169, 33, -105, 606.543884
-169, 33, -105, 606.549011
-169, 33, -105, 606.553802
-169, 33, -105, 606.558868
-169, 33, -105, 606.5643
-169, 33, -105, 606.569824
-169, 33, -105, 606.574676
-169, 33, -105, 606.578765
-169, 33, -105, 606.58377
-169, 33, -105, 606.588867
-169, 33, -105, 606.593963
-169, 33, -105, 606.599243
-169, 33, -105, 606.60382
-169, 33, -105, 606.609283
-169, 33, -105, 606.614593
-169, 33, -105, 606.618774
-169, 33, -105, 606.624084
-169, 33, -105, 606.629211
-169, 33, -105, 606.633911
-169, 33, -105, 606.638885
-169, 33, -105, 606.643981
-169, 33, -105, 606.649353
-169, 33, -105, 606.663818
-169, 33, -105, 606.669006
-169, 33, -105, 606.673706
-169, 33, -105, 606.678985
-169, 33, -105, 606.683715
-169, 33, -105, 606.689208
-169, 33, -105, 606.694091
-169, 33, -105, 606.698852
-169, 33, -105, 606.70404
-169, 33, -105, 606.708709
-169, 33, -105, 606.713714
-169, 33, -105, 606.718688
-169, 33, -105, 606.723632
-169, 33, -105, 606.729461
-169, 33, -105, 606.734161
-169, 33, -105, 606.738647
-169, 33, -105, 606.743743
-169, 33, -105, 606.748626
-169, 33, -105, 606.753875
-169, 33, -105, 606.758819
-169, 33, -105, 606.763885
-169, 33, -105, 606.769378
-169, 33, -105, 606.774444
-169, 33, -105, 606.778686
-169, 33, -105, 606.783874
-169, 33, -105, 606.788574
-169, 33, -105, 606.79364
-169, 33, -105, 606.799072
-169, 33, -105, 606.803558
-169, 33, -105, 606.809417
-169, 33, -105, 606.814636
-169, 33, -105, 606.818542
-169, 33, -105, 606.823608
-169, 33, -105, 606.828735
-169, 33, -105, 606.833648
-169, 33, -105, 606.8385
-169, 33, -105, 606.843536
-169, 33, -105, 606.84909
-169, 33, -105, 606.854156
-169, 33, -105, 606.858703
-169, 33, -105, 606.863647
-169, 33, -105, 606.868621
-169, 33, -105, 606.873535
-169, 33, -105, 606.878509
-169, 33, -105, 606.883544
-169, 33, -105, 606.889343
-169, 33, -105, 606.894073
-169, 33, -105, 606.898559
-169, 33, -105, 606.903503
-169, 33, -105, 606.908569
-169, 33, -105, 606.913482
-169, 33, -105, 606.91867
-169, 33, -105, 606.923614
-169, 33, -105, 606.929229
-169, 33, -105, 606.934234
-169, 33, -105, 606.938476
-169, 33, -105, 606.943817
-169, 33, -105, 606.948516
-169, 33, -105, 606.953521
-169, 33, -105, 606.958526
-169, 33, -105, 606.963439
-169, 33, -105, 606.969299
-169, 33, -105, 606.973968
-169, 33, -105, 606.978515
-169, 33, -105, 606.983581
-169, 33, -105, 606.988677
-169, 33, -105, 606.993957
-169, 33, -105, 606.998291
-169, 33, -105, 607.003448
-169, 33, -105, 607.008972
-169, 33, -105, 607.013793
-169, 33, -105, 607.018341
-169, 33, -105, 607.023559
-169, 33, -105, 607.028472
-169, 33, -105, 607.033721
-169, 33, -105, 607.038299
-169, 33, -105, 607.043395
-169, 33, -105, 607.052856
-169, 33, -105, 607.058654
-169, 33, -105, 607.063385
-169, 33, -105, 607.068847
-169, 33, -105, 607.073577
-169, 33, -105, 607.078643
-169, 33, -105, 607.083892
-169, 33, -105, 607.088958
-169, 33, -105, 607.094299
-169, 33, -105, 607.098541
-169, 33, -105, 607.103576
-169, 33, -105, 607.108428
-169, 33, -105, 607.113525
-169, 33, -105, 607.11856
-169, 33, -105, 607.123474
-169, 33, -105, 607.129058
-169, 33, -105, 607.134155
-169, 33, -105, 607.138275
-169, 33, -105, 607.143432
-169, 33, -105, 607.14862
-169, 33, -105, 607.15332
-169, 33, -105, 607.158264
-169, 33, -105, 607.16333
-169, 33, -105, 607.168731
-169, 33, -105, 607.173614
-169, 33, -105, 607.178253
-169, 33, -105, 607.183532
-169, 33, -105, 607.188873
-169, 33, -105, 607.193084
-169, 33, -105, 607.19815
-169, 33, -105, 607.20346
-169, 33, -105, 607.208801
-169, 33, -105, 607.213653
-169, 33, -105, 607.2182
-169, 33, -105, 607.223083
-169, 33, -105, 607.228271
-169, 33, -105, 607.233459
-169, 33, -105, 607.238189
-169, 33, -105, 607.243286
-169, 33, -105, 607.24887
-169, 33, -105, 607.254302
-169, 33, -105, 607.258117
-169, 33, -105, 607.263122
-169, 33, -105, 607.26828
-169, 33, -105, 607.273101
-169, 33, -105, 607.278137
-169, 33, -105, 607.283172
-169, 33, -105, 607.288604
-169, 33, -105, 607.293853
-169, 33, -105, 607.298156
-169, 33, -105, 607.3031
-169, 33, -105, 607.308166
-169, 33, -105, 607.313537
-169, 33, -105, 607.318237
-169, 33, -105, 607.322998
-169, 33, -105, 607.328582
-169, 33, -105, 607.333984
-169, 33, -105, 607.338012
-169, 33, -105, 607.342987
-169, 33, -105, 607.34851
-169, 33, -105, 607.353088
-169, 33, -105, 607.358123
-169, 33, -105, 607.363128
-169, 33, -105, 607.36856
-169, 33, -105, 607.373657
-169, 33, -105, 607.378021
-169, 33, -105, 607.383148
-169, 33, -105, 607.388092
-169, 33, -105, 607.393035
-169, 33, -105, 607.398315
-169, 33, -105, 607.403228
-169, 33, -105, 607.40863
-169, 33, -105, 607.413696
-169, 33, -105, 607.417999
-169, 33, -105, 607.422973
-169, 33, -105, 607.4281
-169, 33, -105, 607.433288
-169, 33, -105, 607.437896
-169, 33, -105, 607.442932
-169, 33, -105, 607.44873
-169, 33, -105, 607.45343
-169, 33, -105, 607.457946
-169, 33, -105, 607.462921
-169, 33, -105, 607.46817
-169, 33, -105, 607.472869
-169, 33, -105, 607.478118
-169, 33, -105, 607.482879
-169, 33, -105, 607.488708
-169, 33, -105, 607.493347
-169, 33, -105, 607.497924
-169, 33, -105, 607.503204
-169, 33, -105, 607.507965
-169, 33, -105, 607.513153
-169, 33, -105, 607.517852
-169, 33, -105, 607.522888
-169, 33, -105, 607.528442
-169, 33, -105, 607.533508
-169, 33, -105, 607.537872
-169, 33, -105, 607.543426
-169, 33, -105, 607.548004
-169, 33, -105, 607.552856
-169, 33, -105, 607.557891
-169, 33, -105, 607.562866
-169, 33, -105, 607.56842
-169, 33, -105, 607.573638
-169, 33, -105, 607.582733
-169, 33, -105, 607.592803
-169, 33, -105, 607.59793
-169, 33, -105, 607.603027
-169, 33, -105, 607.608825
-169, 33, -105, 607.613464
-169, 33, -105, 607.617767
-169, 33, -105, 607.622833
-169, 33, -105, 607.627777
-169, 33, -105, 607.63269
-169, 33, -105, 607.638
-169, 33, -105, 607.64331
-169, 33, -105, 607.64862
-169, 33, -105, 607.653228
-169, 33, -105, 607.657989
-169, 33, -105, 607.662658
-169, 33, -105, 607.66809
-169, 33, -105, 607.673004
-169, 33, -105, 607.677764
-169, 33, -105, 607.693023
-169, 33, -105, 607.698059
-169, 33, -105, 607.703399
-169, 33, -105, 607.708892
-169, 33, -105, 607.712707
-169, 33, -105, 607.717834
-169, 33, -105, 607.722808
-169, 33, -105, 607.728302
-169, 33, -105, 607.733428
-169, 33, -105, 607.737792
-169, 33, -105, 607.74295
-169, 33, -105, 607.747741
-169, 33, -105, 607.752716
-169, 33, -105, 607.768432
-169, 33, -105, 607.773223
-169, 33, -105, 607.77774
-169, 33, -105, 607.787658
-169, 33, -105, 607.792572
-169, 33, -105, 607.797729
-169, 33, -105, 607.802917
-169, 33, -105, 607.808624
-169, 33, -105, 607.813293
-169, 33, -105, 607.817565
-169, 33, -105, 607.822753
-169, 33, -105, 607.827941
-169, 33, -105, 607.832611
-169, 33, -105, 607.837768
-169, 33, -105, 607.842498
-169, 33, -105, 607.848297
-169, 33, -105, 607.852905
-169, 33, -105, 607.857513
-169, 33, -105, 607.862762
-169, 33, -105, 607.867919
-169, 33, -105, 607.87265
-169, 33, -105, 607.877807
-169, 33, -105, 607.882537
-169, 33, -105, 607.887969
-169, 33, -105, 607.893157
-169, 33, -105, 607.897583
-169, 33, -105, 607.902954
-169, 33, -105, 607.907653
-169, 33, -105, 607.912475
-169, 33, -105, 607.917755
-169, 33, -105, 607.922424
-169, 33, -105, 607.92807
-169, 33, -105, 607.933197
-169, 33, -105, 607.937591
-169, 33, -105, 607.94284
-169, 33, -105, 607.947479
-169, 33, -105, 607.952392
-169, 33, -105, 607.957366
-169, 33, -105, 607.962646
-169, 33, -105, 607.968078
-169, 33, -105, 607.9729
-169, 33, -105, 607.987426
-169, 33, -105, 607.992462
-169, 33, -105, 607.997344
-169, 33, -105, 608.002593
-169, 33, -105, 608.007904
-169, 33, -105, 608.013092
-169, 33, -105, 608.017364
-169, 33, -105, 608.022338
-169, 33, -105, 608.027435
-169, 33, -105, 608.032775
-169, 33, -105, 608.037322
-169, 33, -105, 608.042449
-169, 33, -105, 608.047882
-169, 33, -105, 608.053283
-169, 33, -105, 608.057373
-169, 33, -105, 608.062377
-169, 33, -105, 608.067596
-169, 33, -105, 608.072326
-169, 33, -105, 608.077545
-169, 33, -105, 608.08255
-169, 33, -105, 608.088043
-169, 33, -105, 608.092987
-169, 33, -105, 608.097473
-169, 33, -105, 608.102569
-169, 33, -105, 608.10733
-169, 33, -105, 608.11267
-169, 33, -105, 608.117218
-169, 33, -105, 608.122528
-169, 33, -105, 608.128051
-169, 33, -105, 608.133056
-169, 33, -105, 608.137268
-169, 33, -105, 608.142333
-169, 33, -105, 608.14743
-169, 33, -105, 608.152496
-169, 33, -105, 608.157226
-169, 33, -105, 608.16275
-169, 33, -105, 608.168212
-169, 33, -105, 608.172851
-169, 33, -105, 608.177215
-169, 33, -105, 608.182617
-169, 33, -105, 608.187225
-169, 33, -105, 608.192199
-169, 33, -105, 608.197662
-169, 33, -105, 608.207733
-169, 33, -105, 608.212982
-169, 33, -105, 608.217163
-169, 33, -105, 608.227294
-169, 33, -105, 608.237121
-169, 33, -105, 608.242218
-169, 33, -105, 608.24765
-169, 33, -105, 608.25296
-169, 33, -105, 608.25711
-169, 33, -105, 608.262603
-169, 33, -105, 608.272186
-169, 33, -105, 608.277038
-169, 33, -105, 608.282379
-169, 33, -105, 608.287872
-169, 33, -105, 608.293212
-169, 33, -105, 608.29718
-169, 33, -105, 608.302093
-169, 33, -105, 608.307464
-169, 33, -105, 608.312194
-169, 33, -105, 608.317077
-169, 33, -105, 608.322052
-169, 33, -105, 608.330718
-169, 33, -105, 608.337554
-169, 33, -105, 608.342041
-169, 33, -105, 608.347503
-169, 33, -105, 608.352233
-169, 33, -105, 608.357421
-169, 33, -105, 608.362274
-169, 33, -105, 608.367797
-169, 33, -105, 608.372619
-169, 33, -105, 608.377105
-169, 33, -105, 608.382293
-169, 33, -105, 608.38742
-169, 33, -105, 608.392456
-169, 33, -105, 608.396972
-169, 33, -105, 608.402069
-169, 33, -105, 608.407623
-169, 33, -105, 608.412902
-169, 33, -105, 608.417053
-169, 33, -105, 608.421905
-169, 33, -105, 608.427215
-169, 33, -105, 608.431945
-169, 33, -105, 608.437194
-169, 33, -105, 608.441864
-169, 33, -105, 608.44754
-169, 33, -105, 608.452484
-169, 33, -105, 608.457061
-169, 33, -105, 608.467041
-169, 33, -105, 608.471923
-169, 33, -105, 608.476928
-169, 33, -105, 608.487457
-169, 33, -105, 608.492645
-169, 33, -105, 608.496887
-169, 33, -105, 608.501922
-169, 33, -105, 608.50708
-169, 33, -105, 608.512145
-169, 33, -105, 608.516906
-169, 33, -105, 608.521972
-169, 33, -105, 608.527374
-169, 33, -105, 608.532684
-169, 33, -105, 608.536834
-169, 33, -105, 608.541809
-169, 33, -105, 608.54718
-169, 33, -105, 608.556945
-169, 33, -105, 608.567474
-169, 33, -105, 608.572357
-169, 33, -105, 608.576751
-169, 33, -105, 608.581939
-169, 33, -105, 608.587524
-169, 33, -105, 608.591918
-169, 33, -105, 608.596923
-169, 33, -105, 608.601745
-169, 33, -105, 608.607574
-169, 33, -105, 608.612304
-169, 33, -105, 608.616729
-169, 33, -105, 608.621856
-169, 33, -105, 608.627136
-169, 33, -105, 608.631713
-169, 33, -105, 608.636749
-169, 33, -105, 608.641693
-169, 33, -105, 608.647247
-169, 33, -105, 608.652862
-169, 33, -105, 608.65686
-169, 33, -105, 608.661743
-169, 33, -105, 608.666839
-169, 33, -105, 608.671722
-169, 33, -105, 608.676879
-169, 33, -105, 608.681671
-169, 33, -105, 608.687347
-169, 33, -105, 608.692291
-169, 33, -105, 608.696655
-169, 33, -105, 608.701934
-169, 33, -105, 608.706787
-169, 33, -105, 608.711639
-169, 33, -105, 608.716979
-169, 33, -105, 608.721801
-169, 33, -105, 608.727233
-169, 33, -105, 608.732482
-169, 33, -105, 608.736694
-169, 33, -105, 608.741851
-169, 33, -105, 608.746856
-169, 33, -105, 608.751708
-169, 33, -105, 608.756713
-169, 33, -105, 608.76181
-169, 33, -105, 608.767211
-169, 33, -105, 608.772308
-169, 33, -105, 608.776641
-169, 33, -105, 608.782226
-169, 33, -105, 608.786834
-169, 33, -105, 608.791778
-169, 33, -105, 608.7966
-169, 33, -105, 608.801544
-169, 33, -105, 608.807128
-169, 33, -105, 608.812713
-169, 33, -105, 608.81668
-169, 33, -105, 608.821746
-169, 33, -105, 608.82669
-169, 33, -105, 608.831634
-169, 33, -105, 608.836547
-169, 33, -105, 608.841735
-169, 33, -105, 608.847656
-169, 33, -105, 608.852447
-169, 33, -105, 608.856567
-169, 33, -105, 608.86148
-169, 33, -105, 608.866668
-169, 33, -105, 608.87152
-169, 33, -105, 608.881591
-169, 33, -105, 608.892395
-169, 33, -105, 608.896484
-169, 33, -105, 608.901489
-169, 33, -105, 608.906524
-169, 33, -105, 608.916748
-169, 33, -105, 608.921569
-169, 33, -105, 608.927368
-169, 33, -105, 608.932525
-169, 33, -105, 608.936523
-169, 33, -105, 608.941375
-169, 33, -105, 608.946594
-169, 33, -105, 608.951446
-169, 33, -105, 608.956512
-169, 33, -105, 608.961669
-169, 33, -105, 608.972839
-169, 33, -105, 608.976562
-169, 33, -105, 608.981597
-169, 33, -105, 608.986877
-169, 33, -105, 608.991485
-169, 33, -105, 608.996765
-169, 33, -105, 609.001495
-169, 33, -105, 609.007019
-169, 33, -105, 609.01239
-169, 33, -105, 609.016357
-169, 33, -105, 609.021392
-169, 33, -105, 609.026519
-169, 33, -105, 609.031494
-169, 33, -105, 609.036285
-169, 33, -105, 609.041351
-169, 33, -105, 609.047027
-169, 33, -105, 609.052124
-169, 33, -105, 609.056518
-169, 33, -105, 609.06134
-169, 33, -105, 609.066375
-169, 33, -105, 609.071472
-169, 33, -105, 609.076751
-169, 33, -105, 609.081359
-169, 33, -105, 609.086822
-169, 33, -105, 609.092193
-169, 33, -105, 609.096343
-169, 33, -105, 609.101257
-169, 33, -105, 609.106323
-169, 33, -105, 609.111419
-169, 33, -105, 609.116302
-169, 33, -105, 609.121429
-169, 33, -105, 609.126739
-169, 33, -105, 609.131958
-169, 33, -105, 609.136291
-169, 33, -105, 609.141693
-169, 33, -105, 609.146301
-169, 33, -105, 609.151275
-169, 33, -105, 609.15625
-169, 33, -105, 609.161285
-169, 33, -105, 609.16687
-169, 33, -105, 609.172149
-169, 33, -105, 609.17633
-169, 33, -105, 609.18161
-169, 33, -105, 609.186279
-169, 33, -105, 609.191253
-169, 33, -105, 609.196197
-169, 33, -105, 609.201141
-169, 33, -105, 609.216094
-169, 33, -105, 609.221252
-169, 33, -105, 609.226226
-169, 33, -105, 609.23117
-169, 33, -105, 609.236145
-169, 33, -105, 609.241271
-169, 33, -105, 609.246673
-169, 33, -105, 609.251678
-169, 33, -105, 609.256134
-169, 33, -105, 609.261199
-169, 33, -105, 609.266113
-169, 33, -105, 609.271209
-169, 33, -105, 609.276245
-169, 33, -105, 609.281127
-169, 33, -105, 609.286926
-169, 33, -105, 609.291839
-169, 33, -105, 609.296081
-169, 33, -105, 609.301086
-169, 33, -105, 609.306732
-169, 33, -105, 609.311126
-169, 33, -105, 609.316192
-169, 33, -105, 609.321075
-169, 33, -105, 609.326873
-169, 33, -105, 609.332061
-169, 33, -105, 609.336151
-169, 33, -105, 609.341522
-169, 33, -105, 609.346038
-169, 33, -105, 609.351104
-169, 33, -105, 609.356048
-169, 33, -105, 609.361236
-169, 33, -105, 609.366912
-169, 33, -105, 609.37207
-169, 33, -105, 609.376068
-169, 33, -105, 609.381011
-169, 33, -105, 609.386444
-169, 33, -105, 609.39096
-169, 33, -105, 609.396362
-169, 33, -105, 609.40097
-169, 33, -105, 609.406982
-169, 33, -105, 609.411529
-169, 33, -105, 609.416015
-169, 33, -105, 609.420989
-169, 33, -105, 609.426086
-169, 33, -105, 609.431274
-169, 33, -105, 609.436187
-169, 33, -105, 609.441253
-169, 33, -105, 609.446777
-169, 33, -105, 609.452087
-169, 33, -105, 609.455871
-169, 33, -105, 609.461029
-169, 33, -105, 609.466491
-169, 33, -105, 609.471038
-169, 33, -105, 609.480926
-169, 33, -105, 609.48645
-169, 33, -105, 609.491577
-169, 33, -105, 609.495941
-169, 33, -105, 609.501464
-169, 33, -105, 609.50592
-169, 33, -105, 609.51123
-169, 33, -105, 609.515869
-169, 33, -105, 609.520904
-169, 33, -105, 609.526489
-169, 33, -105, 609.531372
-169, 33, -105, 609.536071
-169, 33, -105, 609.540893
-169, 33, -105, 609.546234
-169, 33, -105, 609.550872
-169, 33, -105, 609.555786
-169, 33, -105, 609.561096
-169, 33, -105, 609.566864
-169, 33, -105, 609.571563
-169, 33, -105, 609.575836
-169, 33, -105, 609.581024
-169, 33, -105, 609.585906
-169, 33, -105, 609.590972
-169, 33, -105, 609.596069
-169, 33, -105, 609.601013
-169, 33, -105, 609.611633
-169, 33, -105, 609.615997
-169, 33, -105, 609.620758
-169, 33, -105, 609.626403
-169, 33, -105, 609.631011
-169, 33, -105, 609.635833
-169, 33, -105, 609.641265
-169, 33, -105, 609.646606
-169, 33, -105, 609.651916
-169, 33, -105, 609.655822
-169, 33, -105, 609.66098
-169, 33, -105, 609.66629
-169, 33, -105, 609.670684
-169, 33, -105, 609.675933
-169, 33, -105, 609.680999
-169, 33, -105, 609.686401
-169, 33, -105, 609.691375
-169, 33, -105, 609.695922
-169, 33, -105, 609.700683
-169, 33, -105, 609.705749
-169, 33, -105, 609.710723
-169, 33, -105, 609.715667
-169, 33, -105, 609.720703
-169, 33, -105, 609.726257
-169, 33, -105, 609.731567
-169, 33, -105, 609.735687
-169, 33, -105, 609.740661
-169, 33, -105, 609.746032
-169, 33, -105, 609.750579
-169, 33, -105, 609.75592
-169, 33, -105, 609.760803
-169, 33, -105, 609.766326
-169, 33, -105, 609.771087
-169, 33, -105, 609.775787
-169, 33, -105, 609.780639
-169, 33, -105, 609.78601
-169, 33, -105, 609.790771
-169, 33, -105, 609.795745
-169, 33, -105, 609.800598
-169, 33, -105, 609.810974
-169, 33, -105, 609.815582
-169, 33, -105, 609.820556
-169, 33, -105, 609.826202
-169, 33, -105, 609.830566
-169, 33, -105, 609.835662
-169, 33, -105, 609.840637
-169, 33, -105, 609.846069
-169, 33, -105, 609.850891
-169, 33, -105, 609.855621
-169, 33, -105, 609.861022
-169, 33, -105, 609.865753
-169, 33, -105, 609.870605
-169, 33, -105, 609.875579
-169, 33, -105, 609.880676
-169, 33, -105, 609.886199
-169, 33, -105, 609.891845
-169, 33, -105, 609.895599
-169, 33, -105, 609.900512
-169, 33, -105, 609.90567
-169, 33, -105, 609.910461
-169, 33, -105, 609.915527
-169, 33, -105, 609.920776
-169, 33, -105, 609.926483
-169, 33, -105, 609.931121
-169, 33, -105, 609.935485
-169, 33, -105, 609.94049
-169, 33, -105, 609.945648
-169, 33, -105, 609.950744
-169, 33, -105, 609.956024
-169, 33, -105, 609.960479
-169, 33, -105, 609.966003
-169, 33, -105, 609.970855
-169, 33, -105, 609.975433
-169, 33, -105, 609.980438
-169, 33, -105, 609.985748
-169, 33, -105, 609.99057
-169, 33, -105, 609.995422
-169, 33, -105, 610.005981
-169, 33, -105, 610.015472
-169, 33, -105, 610.020599
-169, 33, -105, 610.050903
-169, 33, -105, 610.055511
-169, 33, -105, 610.060455
-169, 33, -105, 610.065765
-169, 33, -105, 610.070343
-169, 33, -105, 610.075317
-169, 33, -105, 610.080566
-169, 33, -105, 610.086029
-169, 33, -105, 610.091003
-169, 33, -105, 610.095428
-169, 33, -105, 610.100585
-169, 33, -105, 610.105377
-169, 33, -105, 610.110595
-169, 33, -105, 610.115631
-169, 33, -105, 610.120513
-169, 33, -105, 610.126098
-169, 33, -105, 610.13095
-169, 33, -105, 610.135314
-169, 33, -105, 610.140228
-169, 33, -105, 610.145294
-169, 33, -105, 610.150909
-169, 33, -105, 610.155273
-169, 33, -105, 610.160583
-169, 33, -105, 610.166107
-169, 33, -105, 610.171173
-169, 33, -105, 610.175354
-169, 33, -105, 610.180267
-169, 33, -105, 610.185852
-169, 33, -105, 610.190185
-169, 33, -105, 610.195434
-169, 33, -105, 610.200225
-169, 33, -105, 610.205963
-169, 33, -105, 610.21109
-169, 33, -105, 610.215301
-169, 33, -105, 610.220367
-169, 33, -105, 610.225616
-169, 33, -105, 610.230255
-169, 33, -105, 610.235168
-169, 33, -105, 610.240203
-169, 33, -105, 610.250427
-169, 33, -105, 610.255401
-169, 33, -105, 610.260253
-169, 33, -105, 610.265869
-169, 33, -105, 610.270324
-169, 33, -105, 610.275512
-169, 33, -105, 610.280364
-169, 33, -105, 610.285766
-169, 33, -105, 610.290893
-169, 33, -105, 610.295166
-169, 33, -105, 610.300201
-169, 33, -105, 610.305175
-169, 33, -105, 610.310424
-169, 33, -105, 610.315216
-169, 33, -105, 610.320068
-169, 33, -105, 610.325988
-169, 33, -105, 610.330596
-169, 33, -105, 610.335174
-169, 33, -105, 610.340301
-169, 33, -105, 610.345214
-169, 33, -105, 610.35025
-169, 33, -105, 610.355133
-169, 33, -105, 610.360137
-169, 33, -105, 610.365753
-169, 33, -105, 610.371002
-169, 33, -105, 610.375091
-169, 33, -105, 610.380218
-169, 33, -105, 610.385192
-169, 33, -105, 610.390045
-169, 33, -105, 610.400054
-169, 33, -105, 610.405578
-169, 33, -105, 610.410949
-169, 33, -105, 610.415161
-169, 33, -105, 610.420013
-169, 33, -105, 610.425201
-169, 33, -105, 610.429992
-169, 33, -105, 610.434997
-169, 33, -105, 610.440032
-169, 33, -105, 610.445617
-169, 33, -105, 610.450653
-169, 33, -105, 610.454986
-169, 33, -105, 610.460052
-169, 33, -105, 610.465393
-169, 33, -105, 610.46994
-169, 33, -105, 610.47528
-169, 33, -105, 610.480194
-169, 33, -105, 610.485504
-169, 33, -105, 610.490692
-169, 33, -105, 610.494964
-169, 33, -105, 610.499938
-169, 33, -105, 610.505004
-169, 33, -105, 610.510437
-169, 33, -105, 610.515075
-169, 33, -105, 610.520111
-169, 33, -105, 610.52539
-169, 33, -105, 610.530639
-169, 33, -105, 610.534881
-169, 33, -105, 610.54013
-169, 33, -105, 610.545227
-169, 33, -105, 610.549926
-169, 33, -105, 610.554962
-169, 33, -105, 610.560089
-169, 33, -105, 610.56546
-169, 33, -105, 610.570678
-169, 33, -105, 610.575073
-169, 33, -105, 610.579986
-169, 33, -105, 610.585052
-169, 33, -105, 610.590087
-169, 33, -105, 610.594818
-169, 33, -105, 610.600219
-169, 33, -105, 610.605621
-169, 33, -105, 610.610778
-169, 33, -105, 610.614837
-169, 33, -105, 610.619903
-169, 33, -105, 610.625061
-169, 33, -105, 610.629821
-169, 33, -105, 610.634857
-169, 33, -105, 610.640319
-169, 33, -105, 610.645446
-169, 33, -105, 610.650665
-169, 33, -105, 610.654815
-169, 33, -105, 610.65982
-169, 33, -105, 610.665191
-169, 33, -105, 610.669738
-169, 33, -105, 610.675445
-169, 33, -105, 610.679779
-169, 33, -105, 610.685333
-169, 33, -105, 610.690856
-169, 33, -105, 610.694763
-169, 33, -105, 610.699768
-169, 33, -105, 610.705139
-169, 33, -105, 610.709899
-169, 33, -105, 610.715087
-169, 33, -105, 610.719726
-169, 33, -105, 610.730346
-169, 33, -105, 610.734893
-169, 33, -105, 610.739929
-169, 33, -105, 610.744781
-169, 33, -105, 610.749786
-169, 33, -105, 610.754638
-169, 33, -105, 610.759674
-169, 33, -105, 610.765197
-169, 33, -105, 610.770874
-169, 33, -105, 610.774841
-169, 33, -105, 610.779785
-169, 33, -105, 610.78479
-169, 33, -105, 610.789672
-169, 33, -105, 610.794952
-169, 33, -105, 610.799865
-169, 33, -105, 610.805603
-169, 33, -105, 610.810302
-169, 33, -105, 610.814666
-169, 33, -105, 610.81961
-169, 33, -105, 610.824737
-169, 33, -105, 610.829864
-169, 33, -105, 610.834655
-169, 33, -105, 610.839752
-169, 33, -105, 610.845184
-169, 33, -105, 610.850463
-169, 33, -105, 610.854614
-169, 33, -105, 610.859649
-169, 33, -105, 610.864654
-169, 33, -105, 610.869842
-169, 33, -105, 610.874542
-169, 33, -105, 610.879669
-169, 33, -105, 610.889343
-169, 33, -105, 610.894622
-169, 33, -105, 610.899932
-169, 33, -105, 610.905487
-169, 33, -105, 610.909729
-169, 33, -105, 610.914886
-169, 33, -105, 610.919586
-169, 33, -105, 610.925354
-169, 33, -105, 610.930511
-169, 33, -105, 610.934661
-169, 33, -105, 610.939453
-169, 33, -105, 610.944641
-169, 33, -105, 610.949493
-169, 33, -105, 610.954498
-169, 33, -105, 610.959503
-169, 33, -105, 610.965057
-169, 33, -105, 610.96997
-169, 33, -105, 610.974609
-169, 33, -105, 610.979431
-169, 33, -105, 610.984558
-169, 33, -105, 610.989562
-169, 33, -105, 610.994445
-169, 33, -105, 610.999908
-169, 33, -105, 611.004943
-169, 33, -105, 611.009918
-169, 33, -105, 611.014587
-169, 33, -105, 611.019409
-169, 33, -105, 611.024505
-169, 33, -105, 611.029663
-169, 33, -105, 611.034667
-169, 33, -105, 611.039489
-169, 33, -105, 611.044921
-169, 33, -105, 611.049926
-169, 33, -105, 611.054443
-169, 33, -105, 611.059326
-169, 33, -105, 611.064605
-169, 33, -105, 611.069458
-169, 33, -105, 611.074676
-169, 33, -105, 611.079742
-169, 33, -105, 611.084869
-169, 33, -105, 611.089752
-169, 33, -105, 611.094329
-169, 33, -105, 611.099456
-169, 33, -105, 611.104461
-169, 33, -105, 611.109344
-169, 33, -105, 611.11441
-169, 33, -105, 611.119354
-169, 33, -105, 611.124847
-169, 33, -105, 611.130187
-169, 33, -105, 611.134429
-169, 33, -105, 611.139404
-169, 33, -105, 611.144409
-169, 33, -105, 611.149322
-169, 33, -105, 611.154327
-169, 33, -105, 611.159454
-169, 33, -105, 611.164947
-169, 33, -105, 611.170043
-169, 33, -105, 611.174255
-169, 33, -105, 611.179534
-169, 33, -105, 611.184356
-169, 33, -105, 611.18927
-169, 33, -105, 611.194549
-169, 33, -105, 611.19934
-169, 33, -105, 611.204986
-169, 33, -105, 611.210113
-169, 33, -105, 611.214355
-169, 33, -105, 611.219329
-169, 33, -105, 611.224426
-169, 33, -105, 611.229431
-169, 33, -105, 611.234313
-169, 33, -105, 611.239257
-169, 33, -105, 611.244689
-169, 33, -105, 611.249694
-169, 33, -105, 611.25418
-169, 33, -105, 611.259277
-169, 33, -105, 611.264434
-169, 33, -105, 611.269256
-169, 33, -105, 611.274536
-169, 33, -105, 611.279144
-169, 33, -105, 611.284973
-169, 33, -105, 611.289978
-169, 33, -105, 611.294372
-169, 33, -105, 611.299163
-169, 33, -105, 611.304229
-169, 33, -105, 611.309143
-169, 33, -105, 611.314178
-169, 33, -105, 611.319091
-169, 33, -105, 611.325164
-169, 33, -105, 611.329864
-169, 33, -105, 611.334197
-169, 33, -105, 611.339172
-169, 33, -105, 611.344177
-169, 33, -105, 611.349273
-169, 33, -105, 611.354095
-169, 33, -105, 611.359252
-169, 33, -105, 611.364685
-169, 33, -105, 611.369628
-169, 33, -105, 611.374114
-169, 33, -105, 611.379364
-169, 33, -105, 611.384094
-169, 33, -105, 611.389312
-169, 33, -105, 611.394744
-169, 33, -105, 611.399108
-169, 33, -105, 611.404907
-169, 33, -105, 611.409545
-169, 33, -105, 611.414062
-169, 33, -105, 611.419342
-169, 33, -105, 611.424621
-169, 33, -105, 611.429077
-169, 33, -105, 611.434234
-169, 33, -105, 611.439025
-169, 33, -105, 611.44458
-169, 33, -105, 611.449707
-169, 33, -105, 611.454132
-169, 33, -105, 611.459594
-169, 33, -105, 611.464111
-169, 33, -105, 611.469024
-169, 33, -105, 611.474029
-169, 33, -105, 611.484619
-169, 33, -105, 611.489685
-169, 33, -105, 611.494171
-169, 33, -105, 611.499023
-169, 33, -105, 611.504089
-169, 33, -105, 611.508972
-169, 33, -105, 611.514007
-169, 33, -105, 611.519012
-169, 33, -105, 611.529113
-169, 33, -105, 611.534179
-169, 33, -105, 611.53897
-169, 33, -105, 611.544586
-169, 33, -105, 611.548919
-169, 33, -105, 611.554168
-169, 33, -105, 611.559295
-169, 33, -105, 611.564392
-169, 33, -105, 611.569854
-169, 33, -105, 611.573944
-169, 33, -105, 611.578887
-169, 33, -105, 611.584289
-169, 33, -105, 611.589233
-169, 33, -105, 611.593902
-169, 33, -105, 611.598907
-169, 33, -105, 611.604736
-169, 33, -105, 611.609619
-169, 33, -105, 611.613952
-169, 33, -105, 611.618988
-169, 33, -105, 611.623931
-169, 33, -105, 611.629058
-169, 33, -105, 611.63388
-169, 33, -105, 611.639129
-169, 33, -105, 611.644287
-169, 33, -105, 611.649261
-169, 33, -105, 611.654022
-169, 33, -105, 611.658843
-169, 33, -105, 611.663909
-169, 33, -105, 611.668884
-169, 33, -105, 611.673736
-169, 33, -105, 611.678894
-169, 33, -105, 611.684722
-169, 33, -105, 611.6893
-169, 33, -105, 611.693786
-169, 33, -105, 611.699157
-169, 33, -105, 611.703857
-169, 33, -105, 611.708953
-169, 33, -105, 611.714172
-169, 33, -105, 611.718963
-169, 33, -105, 611.724334
-169, 33, -105, 611.729553
-169, 33, -105, 611.733795
-169, 33, -105, 611.738861
-169, 33, -105, 611.743743
-169, 33, -105, 611.748931
-169, 33, -105, 611.754119
-169, 33, -105, 611.758911
-169, 33, -105, 611.764282
-169, 33, -105, 611.769256
-169, 33, -105, 611.773681
-169, 33, -105, 611.778717
-169, 33, -105, 611.784027
-169, 33, -105, 611.788604
-169, 33, -105, 611.793701
-169, 33, -105, 611.798736
-169, 33, -105, 611.804382
-169, 33, -105, 611.809112
-169, 33, -105, 611.813629
-169, 33, -105, 611.818939
-169, 33, -105, 611.824523
-169, 33, -105, 611.828796
-169, 33, -105, 611.833648
-169, 33, -105, 611.838958
-169, 33, -105, 611.844177
-169, 33, -105, 611.849578
-169, 33, -105, 611.85379
-169, 33, -105, 611.858612
-169, 33, -105, 611.864013
-169, 33, -105, 611.868652
-169, 33, -105, 611.873901
-169, 33, -105, 611.878631
-169, 33, -105, 611.884399
-169, 33, -105, 611.889617
-169, 33, -105, 611.893615
-169, 33, -105, 611.89859
-169, 33, -105, 611.903686
-169, 33, -105, 611.908813
-169, 33, -105, 611.913787
-169, 33, -105, 611.918548
-169, 33, -105, 611.924224
-169, 33, -105, 611.929473
-169, 33, -105, 611.933502
-169, 33, -105, 611.938812
-169, 33, -105, 611.944213
-169, 33, -105, 611.948608
-169, 33, -105, 611.953491
-169, 33, -105, 611.958557
-169, 33, -105, 611.964111
-169, 33, -105, 611.968872
-169, 33, -105, 611.97351
-169, 33, -105, 611.978698
-169, 33, -105, 611.983489
-169, 33, -105, 611.988555
-169, 33, -105, 611.99356
-169, 33, -105, 611.998474
-169, 33, -105, 612.004241
-169, 33, -105, 612.009124
-169, 33, -105, 612.013549
-169, 33, -105, 612.018646
-169, 33, -105, 612.023498
-169, 33, -105, 612.028503
-169, 33, -105, 612.033386
-169, 33, -105, 612.038848
-169, 33, -105, 612.044403
-169, 33, -105, 612.04898
-169, 33, -105, 612.053527
-169, 33, -105, 612.058715
-169, 33, -105, 612.06369
-169, 33, -105, 612.068389
-169, 33, -105, 612.073791
-169, 33, -105, 612.078857
-169, 33, -105, 612.083862
-169, 33, -105, 612.088775
-169, 33, -105, 612.093414
-169, 33, -105, 612.09851
-169, 33, -105, 612.103851
-169, 33, -105, 612.108947
-169, 33, -105, 612.113281
-169, 33, -105, 612.12387
-169, 33, -105, 612.128784
-169, 33, -105, 612.1333
-169, 33, -105, 612.138732
-169, 33, -105, 612.143585
-169, 33, -105, 612.148437
-169, 33, -105, 612.15335
-169, 33, -105, 612.158599
-169, 33, -105, 612.166931
-169, 33, -105, 612.170379
-169, 33, -105, 612.173583
-169, 33, -105, 612.178405
-169, 33, -105, 612.18402
-169, 33, -105, 612.188415
-169, 33, -105, 612.193328
-169, 33, -105, 612.198364
-169, 33, -105, 612.203887
-169, 33, -105, 612.208984
-169, 33, -105, 612.213256
-169, 33, -105, 612.218597
-169, 33, -105, 612.223266
-169, 33, -105, 612.228607
-169, 33, -105, 612.233215
-169, 33, -105, 612.2388
-169, 33, -105, 612.243652
-169, 33, -105, 612.248718
-169, 33, -105, 612.253326
-169, 33, -105, 612.258209
-169, 33, -105, 612.263214
-169, 33, -105, 612.26831
-169, 33, -105, 612.273315
-169, 33, -105, 612.278167
-169, 33, -105, 612.284057
-169, 33, -105, 612.288848
-169, 33, -105, 612.293273
-169, 33, -105, 612.298156
-169, 33, -105, 612.303771
-169, 33, -105, 612.308258
-169, 33, -105, 612.31314
-169, 33, -105, 612.318267
-169, 33, -105, 612.323608
-169, 33, -105, 612.328948
-169, 33, -105, 612.33319
-169, 33, -105, 612.338317
-169, 33, -105, 612.34317
-169, 33, -105, 612.348175
-169, 33, -105, 612.353118
-169, 33, -105, 612.358337
-169, 33, -105, 612.363647
-169, 33, -105, 612.368865
-169, 33, -105, 612.373077
-169, 33, -105, 612.378173
-169, 33, -105, 612.383239
-169, 33, -105, 612.388092
-169, 33, -105, 612.393096
-169, 33, -105, 612.398101
-169, 33, -105, 612.403717
-169, 33, -105, 612.408721
-169, 33, -105, 612.413024
-169, 33, -105, 612.41809
-169, 33, -105, 612.423156
-169, 33, -105, 612.42807
-169, 33, -105, 612.433258
-169, 33, -105, 612.438049
-169, 33, -105, 612.443572
-169, 33, -105, 612.448516
-169, 33, -105, 612.453033
-169, 33, -105, 612.458282
-169, 33, -105, 612.463348
-169, 33, -105, 612.46817
-169, 33, -105, 612.473388
-169, 33, -105, 612.483428
-169, 33, -105, 612.488433
-169, 33, -105, 612.498565
-169, 33, -105, 612.503082
-169, 33, -105, 612.507995
-169, 33, -105, 612.513122
-169, 33, -105, 612.517944
-169, 33, -105, 612.523437
-169, 33, -105, 612.528442
-169, 33, -105, 612.533081
-169, 33, -105, 612.537994
-169, 33, -105, 612.543121
-169, 33, -105, 612.547912
-169, 33, -105, 612.552978
-169, 33, -105, 612.558349
-169, 33, -105, 612.563537
-169, 33, -105, 612.572906
-169, 33, -105, 612.577972
-169, 33, -105, 612.582946
-169, 33, -105, 612.592895
-169, 33, -105, 612.598052
-169, 33, -105, 612.603424
-169, 33, -105, 612.608245
-169, 33, -105, 612.612884
-169, 33, -105, 612.617858
-169, 33, -105, 612.622985
-169, 33, -105, 612.62857
-169, 33, -105, 612.633056
-169, 33, -105, 612.637878
-169, 33, -105, 612.643615
-169, 33, -105, 612.64859
-169, 33, -105, 612.652801
-169, 33, -105, 612.657867
-169, 33, -105, 612.663085
-169, 33, -105, 612.667846
-169, 33, -105, 612.673156
-169, 33, -105, 612.677825
-169, 33, -105, 612.683319
-169, 33, -105, 612.688446
-169, 33, -105, 612.692871
-169, 33, -105, 612.698028
-169, 33, -105, 612.70288
-169, 33, -105, 612.707855
-169, 33, -105, 612.712707
-169, 33, -105, 612.718048
-169, 33, -105, 612.723419
-169, 33, -105, 612.728851
-169, 33, -105, 612.732757
-169, 33, -105, 612.737854
-169, 33, -105, 612.742797
-169, 33, -105, 612.747741
-169, 33, -105, 612.752777
-169, 33, -105, 612.758056
-169, 33, -105, 612.763336
-169, 33, -105, 612.768127
-169, 33, -105, 612.772735
-169, 33, -105, 612.782745
-169, 33, -105, 612.787872
-169, 33, -105, 612.792816
-169, 33, -105, 612.797698
-169, 33, -105, 612.805938
-169, 33, -105, 612.808898
-169, 33, -105, 612.812988
-169, 33, -105, 612.817718
-169, 33, -105, 612.822967
-169, 33, -105, 612.828369
-169, 33, -105, 612.832733
-169, 33, -105, 612.837982
-169, 33, -105, 612.843505
-169, 33, -105, 612.848236
-169, 33, -105, 612.852722
-169, 33, -105, 612.858032
-169, 33, -105, 612.862762
-169, 33, -105, 612.867706
-169, 33, -105, 612.872802
-169, 33, -105, 612.877624
-169, 33, -105, 612.883422
-169, 33, -105, 612.888702
-169, 33, -105, 612.892761
-169, 33, -105, 612.897613
-169, 33, -105, 612.90274
-169, 33, -105, 612.907562
-169, 33, -105, 612.912567
-169, 33, -105, 612.917663
-169, 33, -105, 612.923217
-169, 33, -105, 612.928588
-169, 33, -105, 612.932617
-169, 33, -105, 612.937561
-169, 33, -105, 612.942565
-169, 33, -105, 612.947601
-169, 33, -105, 612.952484
-169, 33, -105, 612.957641
-169, 33, -105, 612.963348
-169, 33, -105, 612.968109
-169, 33, -105, 612.972717
-169, 33, -105, 612.987731
-169, 33, -105, 612.992645
-169, 33, -105, 612.997589
-169, 33, -105, 613.003173
-169, 33, -105, 613.008148
-169, 33, -105, 613.012542
-169, 33, -105, 613.022674
-169, 33, -105, 613.027465
-169, 33, -105, 613.037597
-169, 33, -105, 613.043029
-169, 33, -105, 613.048461
-169, 33, -105, 613.052581
-169, 33, -105, 613.057586
-169, 33, -105, 613.0625
-169, 33, -105, 613.067504
-169, 33, -105, 613.072418
-169, 33, -105, 613.077575
-169, 33, -105, 613.083251
-169, 33, -105, 613.088195
-169, 33, -105, 613.092468
-169, 33, -105, 613.097473
-169, 33, -105, 613.102722
-169, 33, -105, 613.107391
-169, 33, -105, 613.112365
-169, 33, -105, 613.117553
-169, 33, -105, 613.123016
-169, 33, -105, 613.127929
-169, 33, -105, 613.132415
-169, 33, -105, 613.13739
-169, 33, -105, 613.14273
-169, 33, -105, 613.147338
-169, 33, -105, 613.152465
-169, 33, -105, 613.157623
-169, 33, -105, 613.163116
-169, 33, -105, 613.167907
-169, 33, -105, 613.172363
-169, 33, -105, 613.177368
-169, 33, -105, 613.182708
-169, 33, -105, 613.187469
-169, 33, -105, 613.192382
-169, 33, -105, 613.197296
-169, 33, -105, 613.203125
-169, 33, -105, 613.207702
-169, 33, -105, 613.212249
-169, 33, -105, 613.217712
-169, 33, -105, 613.222351
-169, 33, -105, 613.227539
-169, 33, -105, 613.232299
-169, 33, -105, 613.237243
-169, 33, -105, 613.242797
-169, 33, -105, 613.24826
-169, 33, -105, 613.257324
-169, 33, -105, 613.262451
-169, 33, -105, 613.267578
-169, 33, -105, 613.272338
-169, 33, -105, 613.277435
-169, 33, -105, 613.283233
-169, 33, -105, 613.287841
-169, 33, -105, 613.292327
-169, 33, -105, 613.297485
-169, 33, -105, 613.302215
-169, 33, -105, 613.307495
-169, 33, -105, 613.312225
-169, 33, -105, 613.317565
-169, 33, -105, 613.322753
-169, 33, -105, 613.327697
-169, 33, -105, 613.332153
-169, 33, -105, 613.337463
-169, 33, -105, 613.342376
-169, 33, -105, 613.347351
-169, 33, -105, 613.352172
-169, 33, -105, 613.357238
-169, 33, -105, 613.362945
-169, 33, -105, 613.367492
-169, 33, -105, 613.372192
-169, 33, -105, 613.377593
-169, 33, -105, 613.382232
-169, 33, -105, 613.387268
-169, 33, -105, 613.392089
-169, 33, -105, 613.397155
-169, 33, -105, 613.402923
-169, 33, -105, 613.407623
-169, 33, -105, 613.412231
-169, 33, -105, 613.417297
-169, 33, -105, 613.422119
-169, 33, -105, 613.427429
-169, 33, -105, 613.432037
-169, 33, -105, 613.437194
-169, 33, -105, 613.447052
-169, 33, -105, 613.452331
-169, 33, -105, 613.457092
-169, 33, -105, 613.462738
-169, 33, -105, 613.467102
-169, 33, -105, 613.472442
-169, 33, -105, 613.482574
-169, 33, -105, 613.487854
-169, 33, -105, 613.492065
-169, 33, -105, 613.497009
-169, 33, -105, 613.512481
-169, 33, -105, 613.52246
-169, 33, -105, 613.527374
-169, 33, -105, 613.536926
-169, 33, -105, 613.542572
-169, 33, -105, 613.547088
-169, 33, -105, 613.551971
-169, 33, -105, 613.557006
-169, 33, -105, 613.56253
-169, 33, -105, 613.567535
-169, 33, -105, 613.572021
-169, 33, -105, 613.576995
-169, 33, -105, 613.582214
-169, 33, -105, 613.586883
-169, 33, -105, 613.591949
-169, 33, -105, 613.596984
-169, 33, -105, 613.602386
-169, 33, -105, 613.607727
-169, 33, -105, 613.612091
-169, 33, -105, 613.616882
-169, 33, -105, 613.622039
-169, 33, -105, 613.626922
-169, 33, -105, 613.631835
-169, 33, -105, 613.637176
-169, 33, -105, 613.642852
-169, 33, -105, 613.647247
-169, 33, -105, 613.652313
-169, 33, -105, 613.656829
-169, 33, -105, 613.6622
-169, 33, -105, 613.666778
-169, 33, -105, 613.672332
-169, 33, -105, 613.67691
-169, 33, -105, 613.682434
-169, 33, -105, 613.687225
-169, 33, -105, 613.691894
-169, 33, -105, 613.696807
-169, 33, -105, 613.702117
-169, 33, -105, 613.707244
-169, 33, -105, 613.711883
-169, 33, -105, 613.716766
-169, 33, -105, 613.722625
-169, 33, -105, 613.727325
-169, 33, -105, 613.731781
-169, 33, -105, 613.737304
-169, 33, -105, 613.741912
-169, 33, -105, 613.746734
-169, 33, -105, 613.7518
-169, 33, -105, 613.756805
-169, 33, -105, 613.76239
-169, 33, -105, 613.767089
-169, 33, -105, 613.771881
-169, 33, -105, 613.776794
-169, 33, -105, 613.781921
-169, 33, -105, 613.786712
-169, 33, -105, 613.791992
-169, 33, -105, 613.796661
-169, 33, -105, 613.802215
-169, 33, -105, 613.807739
-169, 33, -105, 613.811737
-169, 33, -105, 613.816711
-169, 33, -105, 613.821807
-169, 33, -105, 613.826629
-169, 33, -105, 613.831695
-169, 33, -105, 613.837158
-169, 33, -105, 613.842254
-169, 33, -105, 613.851654
-169, 33, -105, 613.861663
-169, 33, -105, 613.866729
-169, 33, -105, 613.871826
-169, 33, -105, 613.876586
-169, 33, -105, 613.882476
-169, 33, -105, 613.887176
-169, 33, -105, 613.891632
-169, 33, -105, 613.896606
-169, 33, -105, 613.902282
-169, 33, -105, 613.906616
-169, 33, -105, 613.911804
-169, 33, -105, 613.916564
-169, 33, -105, 613.922363
-169, 33, -105, 613.927612
-169, 33, -105, 613.93164
-169, 33, -105, 613.937072
-169, 33, -105, 613.941589
-169, 33, -105, 613.946594
-169, 33, -105, 613.95166
-169, 33, -105, 613.956604
-169, 33, -105, 613.962066
-169, 33, -105, 613.96759
-169, 33, -105, 613.971649
-169, 33, -105, 613.976623
-169, 33, -105, 613.981933
-169, 33, -105, 613.986511
-169, 33, -105, 613.991485
-169, 33, -105, 613.99652
-169, 33, -105, 614.002441
-169, 33, -105, 614.006896
-169, 33, -105, 614.011657
-169, 33, -105, 614.01651
-169, 33, -105, 614.021545
-169, 33, -105, 614.026458
-169, 33, -105, 614.031707
-169, 33, -105, 614.036407
-169, 33, -105, 614.042327
-169, 33, -105, 614.046875
-169, 33, -105, 614.051513
-169, 33, -105, 614.056396
-169, 33, -105, 614.061584
-169, 33, -105, 614.066619
-169, 33, -105, 614.071472
-169, 33, -105, 614.076721
-169, 33, -105, 614.086395
-169, 33, -105, 614.091766
-169, 33, -105, 614.097229
-169, 33, -105, 614.101654
-169, 33, -105, 614.106475
-169, 33, -105, 614.11148
-169, 33, -105, 614.116516
-169, 33, -105, 614.12207
-169, 33, -105, 614.12677
-169, 33, -105, 614.131561
-169, 33, -105, 614.136383
-169, 33, -105, 614.141448
-169, 33, -105, 614.146423
-169, 33, -105, 614.151306
-169, 33, -105, 614.156372
-169, 33, -105, 614.162078
-169, 33, -105, 614.166839
-169, 33, -105, 614.171356
-169, 33, -105, 614.176635
-169, 33, -105, 614.181396
-169, 33, -105, 614.186614
-169, 33, -105, 614.19168
-169, 33, -105, 614.196502
-169, 33, -105, 614.201812
-169, 33, -105, 614.206726
-169, 33, -105, 614.211425
-169, 33, -105, 614.216461
-169, 33, -105, 614.221557
-169, 33, -105, 614.226867
-169, 33, -105, 614.231262
-169, 33, -105, 614.236297
-169, 33, -105, 614.24179
-169, 33, -105, 614.246978
-169, 33, -105, 614.251342
-169, 33, -105, 614.256256
-169, 33, -105, 614.261566
-169, 33, -105, 614.266265
-169, 33, -105, 614.271514
-169, 33, -105, 614.276519
-169, 33, -105, 614.28189
-169, 33, -105, 614.286926
-169, 33, -105, 614.291839
-169, 33, -105, 614.296264
-169, 33, -105, 614.301574
-169, 33, -105, 614.306457
-169, 33, -105, 614.311187
-169, 33, -105, 614.321746
-169, 33, -105, 614.331268
-169, 33, -105, 614.336212
-169, 33, -105, 614.341278
-169, 33, -105, 614.351135
-169, 33, -105, 614.361694
-169, 33, -105, 614.366912
-169, 33, -105, 614.371215
-169, 33, -105, 614.376159
-169, 33, -105, 614.3815
-169, 33, -105, 614.386291
-169, 33, -105, 614.391235
-169, 33, -105, 614.396148
-169, 33, -105, 614.406677
-169, 33, -105, 614.411071
-169, 33, -105, 614.416107
-169, 33, -105, 614.421295
-169, 33, -105, 614.426116
-169, 33, -105, 614.431396
-169, 33, -105, 614.436431
-169, 33, -105, 614.441558
-169, 33, -105, 614.446319
-169, 33, -105, 614.45111
-169, 33, -105, 614.456207
-169, 33, -105, 614.461029
-169, 33, -105, 614.466064
-169, 33, -105, 614.471313
-169, 33, -105, 614.475982
-169, 33, -105, 614.481536
-169, 33, -105, 614.486694
-169, 33, -105, 614.491027
-169, 33, -105, 614.496063
-169, 33, -105, 614.506225
-169, 33, -105, 614.511108
-169, 33, -105, 614.516326
-169, 33, -105, 614.521942
-169, 33, -105, 614.531036
-169, 33, -105, 614.536041
-169, 33, -105, 614.540893
-169, 33, -105, 614.546234
-169, 33, -105, 614.551055
-169, 33, -105, 614.556427
-169, 33, -105, 614.561492
-169, 33, -105, 614.56665
-169, 33, -105, 614.570953
-169, 33, -105, 614.576019
-169, 33, -105, 614.58142
-169, 33, -105, 614.586425
-169, 33, -105, 614.590972
-169, 33, -105, 614.601562
-169, 33, -105, 614.606445
-169, 33, -105, 614.610931
-169, 33, -105, 614.616027
-169, 33, -105, 614.621429
-169, 33, -105, 614.631195
-169, 33, -105, 614.635864
-169, 33, -105, 614.641693
-169, 33, -105, 614.64624
-169, 33, -105, 614.651031
-169, 33, -105, 614.655914
-169, 33, -105, 614.660949
-169, 33, -105, 614.665893
-169, 33, -105, 614.671051
-169, 33, -105, 614.675842
-169, 33, -105, 614.686431
-169, 33, -105, 614.691192
-169, 33, -105, 614.695892
-169, 33, -105, 614.700866
-169, 33, -105, 614.70581
-169, 33, -105, 614.710845
-169, 33, -105, 614.716308
-169, 33, -105, 614.725799
-169, 33, -105, 614.73117
-169, 33, -105, 614.7359
-169, 33, -105, 614.741271
-169, 33, -105, 614.745941
-169, 33, -105, 614.75595
-169, 33, -105, 614.761413
-169, 33, -105, 614.766082
-169, 33, -105, 614.770812
-169, 33, -105, 614.776123
-169, 33, -105, 614.780975
-169, 33, -105, 614.785949
-169, 33, -105, 614.79074
-169, 33, -105, 614.795806
-169, 33, -105, 614.801605
-169, 33, -105, 614.806182
-169, 33, -105, 614.81076
-169, 33, -105, 614.8208
-169, 33, -105, 614.825744
-169, 33, -105, 614.830871
-169, 33, -105, 614.835693
-169, 33, -105, 614.841278
-169, 33, -105, 614.846618
-169, 33, -105, 614.85083
-169, 33, -105, 614.855682
-169, 33, -105, 614.86087
-169, 33, -105, 614.865631
-169, 33, -105, 614.870971
-169, 33, -105, 614.87564
-169, 33, -105, 614.881317
-169, 33, -105, 614.886779
-169, 33, -105, 614.890716
-169, 33, -105, 614.895599
-169, 33, -105, 614.900634
-169, 33, -105, 614.905639
-169, 33, -105, 614.910797
-169, 33, -105, 614.91574
-169, 33, -105, 614.921142
-169, 33, -105, 614.926086
-169, 33, -105, 614.930786
-169, 33, -105, 614.935577
-169, 33, -105, 614.940948
-169, 33, -105, 614.945709
-169, 33, -105, 614.955871
-169, 33, -105, 614.961059
-169, 33, -105, 614.966003
-169, 33, -105, 614.970642
-169, 33, -105, 614.975799
-169, 33, -105, 614.980712
-169, 33, -105, 614.985595
-169, 33, -105, 614.9906
-169, 33, -105, 614.995666
-169, 33, -105, 615.001068
-169, 33, -105, 615.00592
-169, 33, -105, 615.010711
-169, 33, -105, 615.020935
-169, 33, -105, 615.025512
-169, 33, -105, 615.030517
-169, 33, -105, 615.035522
-169, 33, -105, 615.041412
-169, 33, -105, 615.046173
-169, 33, -105, 615.050506
-169, 33, -105, 615.055511
-169, 33, -105, 615.060516
-169, 33, -105, 615.06549
-169, 33, -105, 615.070434
-169, 33, -105, 615.075927
-169, 33, -105, 615.080993
-169, 33, -105, 615.08612
-169, 33, -105, 615.090484
-169, 33, -105, 615.095397
-169, 33, -105, 615.100708
-169, 33, -105, 615.105682
-169, 33, -105, 615.110534
-169, 33, -105, 615.115417
-169, 33, -105, 615.120971
-169, 33, -105, 615.125823
-169, 33, -105, 615.130523
-169, 33, -105, 615.135375
-169, 33, -105, 615.140625
-169, 33, -105, 615.145355
-169, 33, -105, 615.150726
-169, 33, -105, 615.155303
-169, 33, -105, 615.160888
-169, 33, -105, 615.166076
-169, 33, -105, 615.170501
-169, 33, -105, 615.175537
-169, 33, -105, 615.18045
-169, 33, -105, 615.185363
-169, 33, -105, 615.190734
-169, 33, -105, 615.195434
-169, 33, -105, 615.200897
-169, 33, -105, 615.206451
-169, 33, -105, 615.210388
-169, 33, -105, 615.215393
-169, 33, -105, 615.220336
-169, 33, -105, 615.22528
-169, 33, -105, 615.230346
-169, 33, -105, 615.235229
-169, 33, -105, 615.240936
-169, 33, -105, 615.245971
-169, 33, -105, 615.250305
-169, 33, -105, 615.255249
-169, 33, -105, 615.260284
-169, 33, -105, 615.265319
-169, 33, -105, 615.275238
-169, 33, -105, 615.280853
-169, 33, -105, 615.285797
-169, 33, -105, 615.290252
-169, 33, -105, 615.295227
-169, 33, -105, 615.300567
-169, 33, -105, 615.305328
-169, 33, -105, 615.310516
-169, 33, -105, 615.315246
-169, 33, -105, 615.3208
-169, 33, -105, 615.325836
-169, 33, -105, 615.330169
-169, 33, -105, 615.335723
-169, 33, -105, 615.34027
-169, 33, -105, 615.345275
-169, 33, -105, 615.350372
-169, 33, -105, 615.355163
-169, 33, -105, 615.365203
-169, 33, -105, 615.370849
-169, 33, -105, 615.375335
-169, 33, -105, 615.381134
-169, 33, -105, 615.385223
-169, 33, -105, 615.395172
-169, 33, -105, 615.400909
-169, 33, -105, 615.405395
-169, 33, -105, 615.4104
-169, 33, -105, 615.4151
-169, 33, -105, 615.420318
-169, 33, -105, 615.425445
-169, 33, -105, 615.430023
-169, 33, -105, 615.435241
-169, 33, -105, 615.440734
-169, 33, -105, 615.445373
-169, 33, -105, 615.450134
-169, 33, -105, 615.455413
-169, 33, -105, 615.460021
-169, 33, -105, 615.46524
-169, 33, -105, 615.470184
-169, 33, -105, 615.485382
-169, 33, -105, 615.490295
-169, 33, -105, 615.495025
-169, 33, -105, 615.500213
-169, 33, -105, 615.505126
-169, 33, -105, 615.510009
-169, 33, -105, 615.515014
-169, 33, -105, 615.520721
-169, 33, -105, 615.525329
-169, 33, -105, 615.530212
-169, 33, -105, 615.535095
-169, 33, -105, 615.540435
-169, 33, -105, 615.544982
-169, 33, -105, 615.550018
-169, 33, -105, 615.555206
-169, 33, -105, 615.560577
-169, 33, -105, 615.56546
-169, 33, -105, 615.569976
-169, 33, -105, 615.575256
-169, 33, -105, 615.580017
-169, 33, -105, 615.585296
-169, 33, -105, 615.589874
-169, 33, -105, 615.59555
-169, 33, -105, 615.600524
-169, 33, -105, 615.605834
-169, 33, -105, 615.609893
-169, 33, -105, 615.614929
-169, 33, -105, 615.620208
-169, 33, -105, 615.624877
-169, 33, -105, 615.629974
-169, 33, -105, 615.63504
-169, 33, -105, 615.640411
-169, 33, -105, 615.645355
-169, 33, -105, 615.649932
-169, 33, -105, 615.654907
-169, 33, -105, 615.660308
-169, 33, -105, 615.665435
-169, 33, -105, 615.669921
-169, 33, -105, 615.674865
-169, 33, -105, 615.680633
-169, 33, -105, 615.685211
-169, 33, -105, 615.689819
-169, 33, -105, 615.694976
-169, 33, -105, 615.700164
-169, 33, -105, 615.705047
-169, 33, -105, 615.709838
-169, 33, -105, 615.715148
-169, 33, -105, 615.72052
-169, 33, -105, 615.725402
-169, 33, -105, 615.73001
-169, 33, -105, 615.734863
-169, 33, -105, 615.74002
-169, 33, -105, 615.744934
-169, 33, -105, 615.749786
-169, 33, -105, 615.760406
-169, 33, -105, 615.765319
-169, 33, -105, 615.769805
-169, 33, -105, 615.775115
-169, 33, -105, 615.779815
-169, 33, -105, 615.785003
-169, 33, -105, 615.790039
-169, 33, -105, 615.795074
-169, 33, -105, 615.800628
-169, 33, -105, 615.805511
-169, 33, -105, 615.809722
-169, 33, -105, 615.814788
-169, 33, -105, 615.819915
-169, 33, -105, 615.825195
-169, 33, -105, 615.829681
-169, 33, -105, 615.834716
-169, 33, -105, 615.840301
-169, 33, -105, 615.845275
-169, 33, -105, 615.84967
-169, 33, -105, 615.855072
-169, 33, -105, 615.859893
-169, 33, -105, 615.864746
-169, 33, -105, 615.869659
-169, 33, -105, 615.874664
-169, 33, -105, 615.880218
-169, 33, -105, 615.889923
-169, 33, -105, 615.894866
-169, 33, -105, 615.899719
-169, 33, -105, 615.905029
-169, 33, -105, 615.909729
-169, 33, -105, 615.914642
-169, 33, -105, 615.920135
-169, 33, -105, 615.925323
-169, 33, -105, 615.929626
-169, 33, -105, 615.93457
-169, 33, -105, 615.939666
-169, 33, -105, 615.944641
-169, 33, -105, 615.949584
-169, 33, -105, 615.955078
-169, 33, -105, 615.960113
-169, 33, -105, 615.965057
-169, 33, -105, 615.969604
-169, 33, -105, 615.979583
-169, 33, -105, 615.98468
-169, 33, -105, 615.989746
-169, 33, -105, 615.994567
-169, 33, -105, 616.004669
-169, 33, -105, 616.009704
-169, 33, -105, 616.014526
-169, 33, -105, 616.020019
-169, 33, -105, 616.024719
-169, 33, -105, 616.029693
-169, 33, -105, 616.034729
-169, 33, -105, 616.0401
-169, 33, -105, 616.044982
-169, 33, -105, 616.049591
-169, 33, -105, 616.054718
-169, 33, -105, 616.059906
-169, 33, -105, 616.064483
-169, 33, -105, 616.069763
-169, 33, -105, 616.074768
