-129, 11, -121, 176.409881
-129, 11, -121, 176.414794
-126, 14, -118, 176.419891
-126, 14, -118, 176.424926
-129, 9, -121, 176.429748
-129, 9, -121, 176.435241
-132, 16, -120, 176.440093
-132, 16, -120, 176.444732
-131, 13, -121, 176.449645
-131, 13, -121, 176.454864
177.871563629
-126, 10, -122, 176.459838
-126, 10, -122, 176.46466
-128, 12, -124, 176.469696
-128, 12, -124, 176.475097
-130, 12, -124, 176.480133
-130, 12, -124, 176.484771
-123, 9, -117, 176.489715
-123, 9, -117, 176.49475
-131, 13, -123, 176.499755
-131, 13, -123, 176.504577
179.338927758
-138, 12, -122, 176.509857
-138, 12, -122, 176.514923
-125, 11, -121, 176.52008
-125, 11, -121, 176.524627
-132, 16, -122, 176.529571
-132, 16, -122, 176.534698
-137, 13, -119, 176.539611
-137, 13, -119, 176.544525
-136, 14, -122, 176.549743
-136, 14, -122, 176.555084
177.456298356
-134, 20, -122, 176.56015
-134, 20, -122, 176.564666
-133, 15, -119, 176.569488
-133, 15, -119, 176.574554
-139, 15, -125, 176.579406
-139, 15, -125, 176.584625
-133, 13, -119, 176.589569
-137, 11, -111, 176.599945
-137, 11, -111, 176.604766
-140, 16, -114, 176.609405
175.760680031
-134, 14, -116, 176.62442
-137, 17, -115, 176.629425
-137, 17, -115, 176.634765
-144, 12, -116, 176.639709
-144, 12, -116, 176.644317
-138, 14, -116, 176.649444
-138, 14, -116, 176.654418
-141, 15, -113, 176.659301
-141, 15, -113, 176.664337
-139, 11, -117, 176.669342
176.828610214
-139, 11, -117, 176.674652
-135, 11, -115, 176.679534
-135, 11, -115, 176.684509
-136, 14, -106, 176.689239
-136, 14, -106, 176.694366
-140, 10, -120, 176.699218
-140, 10, -120, 176.704254
-139, 15, -109, 176.709167
-139, 15, -109, 176.714782
-134, 14, -118, 176.719635
178.191176489
-134, 14, -118, 176.724151
-143, 11, -115, 176.729187
-143, 11, -115, 176.734252
-139, 9, -117, 176.739105
-139, 9, -117, 176.744232
-139, 9, -115, 176.749328
-135, 13, -113, 176.774322
-140, 14, -112, 176.779205
-140, 14, -112, 176.784179
-130, 14, -118, 176.789062
178.790277774
-130, 14, -118, 176.794525
-135, 7, -111, 176.799438
-135, 7, -111, 176.804016
-141, 15, -113, 176.809173
-141, 15, -113, 176.814361
-138, 14, -110, 176.819
-138, 14, -110, 176.824035
-133, 13, -119, 176.82901
-133, 13, -119, 176.834442
-137, 15, -115, 176.839294
178.026487387
-137, 15, -115, 176.844085
-138, 16, -118, 176.849029
-138, 16, -118, 176.854064
-133, 11, -119, 176.858978
-133, 11, -119, 176.863983
-132, 14, -120, 176.938781
-132, 14, -120, 176.944
-142, 10, -112, 176.948822
-142, 10, -112, 176.954193
-138, 12, -112, 176.978668
177.789307242
-138, 12, -112, 176.983703
-138, 12, -110, 176.988708
-138, 12, -110, 176.99414
-134, 14, -116, 176.99887
-134, 14, -116, 177.003692
-130, 8, -120, 177.008911
-130, 8, -120, 177.013702
-134, 16, -116, 177.018646
-134, 16, -116, 177.023681
-129, 9, -117, 177.028594
178.560847107
-129, 9, -117, 177.034057
-132, 8, -114, 177.03897
-132, 8, -114, 177.04367
-133, 11, -115, 177.048583
-133, 11, -115, 177.053863
-133, 13, -125, 177.058563
-133, 13, -125, 177.063537
-132, 8, -116, 177.068542
-132, 8, -116, 177.074157
-125, 7, -127, 177.078826
180.944909309
-133, 9, -119, 177.088562
-133, 9, -119, 177.093475
-138, 6, -120, 177.098571
-138, 6, -120, 177.103485
-134, 4, -116, 177.108642
-134, 4, -116, 177.114044
-139, 11, -117, 177.118682
-139, 11, -117, 177.123474
-136, 4, -118, 177.128417
-136, 4, -118, 177.133575
183.413374331
-135, 7, -113, 177.139007
-135, 7, -113, 177.143432
-138, 14, -116, 177.148406
-138, 14, -116, 177.153869
-137, 7, -117, 177.158691
-137, 7, -117, 177.163452
-129, 9, -121, 177.168487
-129, 9, -121, 177.173614
-135, 9, -121, 177.178283
-135, 9, -121, 177.18341
181.25018512
-134, 12, -120, 177.188354
-134, 12, -120, 177.193725
-130, 8, -116, 177.198547
-130, 8, -116, 177.203521
-134, 12, -116, 177.208312
-134, 12, -116, 177.213409
-126, 12, -114, 177.218353
-126, 12, -114, 177.223236
-129, 13, -119, 177.228271
-131, 13, -115, 177.238891
179.104510576
-131, 13, -115, 177.243743
-132, 12, -116, 177.248718
-132, 12, -116, 177.25354
-129, 9, -117, 177.258422
-129, 9, -117, 177.263458
-132, 12, -118, 177.268585
-132, 12, -118, 177.273498
-129, 15, -119, 177.278533
-129, 15, -119, 177.283264
-133, 15, -117, 177.288208
178.113646863
-133, 15, -117, 177.293182
-131, 11, -117, 177.298309
-131, 11, -117, 177.303314
-134, 8, -114, 177.308319
-134, 8, -114, 177.31372
-130, 12, -122, 177.318328
-130, 12, -122, 177.323089
-131, 9, -117, 177.328155
-131, 9, -117, 177.333343
-129, 13, -111, 177.338043
179.677929404
-129, 13, -111, 177.343383
-131, 11, -117, 177.348205
-131, 11, -117, 177.353393
-125, 11, -117, 177.358398
-125, 11, -117, 177.363159
-125, 15, -121, 177.368255
-125, 15, -121, 177.373199
-137, 7, -117, 177.378082
-137, 7, -117, 177.382995
-130, 10, -118, 177.387939
179.214175316
-132, 8, -124, 177.417938
-132, 8, -124, 177.422882
-128, 8, -118, 177.427947
-128, 8, -118, 177.433471
-130, 10, -120, 177.438079
-130, 10, -120, 177.442901
-121, 11, -121, 177.447998
-121, 11, -121, 177.452819
-125, 9, -113, 177.463195
-126, 14, -120, 177.467834
180.780844535
-126, 14, -120, 177.473205
-119, 19, -123, 177.478149
-119, 15, -119, 177.498016
-119, 15, -119, 177.502777
-126, 6, -124, 177.517974
-126, 6, -124, 177.522705
-126, 10, -124, 177.527954
-126, 10, -124, 177.532684
-123, 11, -123, 177.59317
-123, 15, -117, 177.597869
177.942442722
-123, 15, -117, 177.6026
-130, 10, -118, 177.607727
-122, 12, -116, 177.637786
-122, 12, -116, 177.642547
-119, 13, -119, 177.677673
-119, 13, -119, 177.682434
-120, 12, -122, 177.68753
-120, 12, -122, 177.692871
-127, 13, -121, 177.697418
-127, 13, -121, 177.702392
177.643486831
-119, 15, -119, 177.707427
-119, 15, -119, 177.71286
-120, 16, -122, 177.717803
-120, 16, -122, 177.722412
-121, 13, -117, 177.727508
-121, 13, -117, 177.732452
-124, 14, -120, 177.737396
-124, 14, -120, 177.742279
-123, 15, -131, 177.747619
-123, 15, -131, 177.752685
175.087008258
-129, 17, -123, 177.762329
-125, 15, -119, 177.767303
-125, 15, -119, 177.772308
-118, 20, -120, 177.777313
-118, 20, -120, 177.782226
-119, 15, -125, 177.787292
-119, 15, -125, 177.792816
-122, 16, -120, 177.797637
-122, 16, -120, 177.802276
-120, 24, -124, 177.807189
171.880716704
-120, 24, -124, 177.812286
-124, 26, -124, 177.81726
-124, 26, -124, 177.822265
-125, 19, -117, 177.827178
-125, 19, -117, 177.832611
-117, 19, -123, 177.837402
-117, 19, -123, 177.842254
-128, 22, -118, 177.847259
-128, 22, -118, 177.852264
-118, 18, -124, 177.857238
167.543250306
-118, 18, -124, 177.862152
-121, 25, -125, 177.867156
-123, 15, -127, 177.877502
-123, 15, -127, 177.882202
-129, 21, -119, 177.887207
-129, 21, -119, 177.892364
-120, 18, -120, 177.89746
-120, 18, -120, 177.902343
-120, 14, -120, 177.907379
-120, 14, -120, 177.912506
171.471052702
-125, 21, -123, 177.917663
-125, 21, -123, 177.92221
-130, 18, -120, 177.927001
-130, 18, -120, 177.932128
-130, 18, -116, 177.93692
-130, 18, -116, 177.941986
-129, 11, -119, 177.94696
-129, 11, -119, 177.952514
-122, 20, -122, 177.957427
-122, 20, -122, 177.961975
172.351083128
-129, 13, -119, 177.967193
-129, 13, -119, 177.972167
-126, 18, -122, 177.976867
-126, 18, -122, 177.981872
-125, 19, -121, 177.986999
-125, 19, -121, 177.992309
-122, 18, -126, 177.997131
-122, 18, -126, 178.001831
-123, 21, -123, 178.006835
-123, 21, -123, 178.011932
171.830541501
-120, 18, -124, 178.017333
-120, 18, -124, 178.021942
-124, 22, -122, 178.026824
-131, 19, -123, 178.056732
-131, 19, -123, 178.061767
-131, 15, -117, 178.06668
-121, 17, -121, 178.077087
-121, 17, -121, 178.081909
-128, 24, -122, 178.086791
-128, 24, -122, 178.091918
170.414609699
-124, 22, -124, 178.096618
-122, 22, -118, 178.111999
-126, 14, -128, 178.117095
-126, 14, -128, 178.121673
-124, 18, -120, 178.126647
-124, 18, -120, 178.131652
-126, 18, -128, 178.136657
-126, 18, -128, 178.141632
-127, 17, -121, 178.14682
-132, 22, -126, 178.161865
171.500132963
-129, 17, -123, 178.166656
-129, 17, -123, 178.171691
-130, 16, -120, 178.176452
-131, 19, -121, 178.191986
-135, 15, -121, 178.241455
-128, 18, -120, 178.246551
-128, 18, -120, 178.251495
-127, 17, -131, 178.256408
-127, 17, -131, 178.261352
-124, 16, -128, 178.266357
173.274679398
-124, 16, -128, 178.271789
-130, 18, -122, 178.276885
-124, 20, -122, 178.286315
-124, 20, -122, 178.291473
-123, 11, -129, 178.296295
-123, 11, -129, 178.301361
-133, 17, -123, 178.312011
-123, 15, -123, 178.316589
-126, 20, -128, 178.326232
-123, 19, -127, 178.336273
173.232977245
-123, 19, -127, 178.341278
-124, 18, -126, 178.346374
-124, 18, -126, 178.351684
-132, 16, -126, 178.356597
-132, 16, -126, 178.361267
-125, 15, -127, 178.366241
-125, 15, -127, 178.371246
-127, 19, -121, 178.376464
-127, 19, -121, 178.381256
-123, 19, -127, 178.38623
172.483441657
-123, 19, -127, 178.39151
-130, 22, -126, 178.396636
-130, 22, -126, 178.401214
-128, 20, -126, 178.406036
-128, 20, -126, 178.411346
-125, 19, -121, 178.416168
-125, 19, -121, 178.421081
-125, 19, -125, 178.426055
-125, 19, -125, 178.431518
-125, 23, -123, 178.436401
169.634089766
-125, 23, -123, 178.441802
-122, 22, -124, 178.446197
-122, 22, -124, 178.451171
-132, 24, -122, 178.455993
-132, 24, -122, 178.461029
-123, 21, -121, 178.466003
-123, 21, -121, 178.471313
-127, 15, -125, 178.476684
-127, 15, -125, 178.48114
-125, 19, -125, 178.4859
169.075051643
-125, 19, -125, 178.491088
-131, 21, -119, 178.496032
-131, 21, -119, 178.500946
-121, 23, -125, 178.506225
-127, 17, -123, 178.517089
-127, 17, -123, 178.521362
-131, 19, -121, 178.526123
-131, 19, -121, 178.531585
-127, 21, -123, 178.536071
-127, 19, -125, 178.546051
170.438470981
-127, 19, -125, 178.551208
-130, 20, -128, 178.556427
-130, 20, -128, 178.560974
-126, 22, -126, 178.565856
-126, 22, -126, 178.571075
-127, 21, -133, 178.575958
-127, 21, -133, 178.580841
-127, 19, -127, 178.585723
-127, 19, -127, 178.591125
-121, 15, -127, 178.596343
170.149929146
-121, 15, -127, 178.600799
-128, 22, -124, 178.605895
-128, 22, -124, 178.610931
-124, 16, -130, 178.615753
-124, 16, -130, 178.620849
-126, 20, -128, 178.625793
-126, 20, -128, 178.631042
-123, 15, -121, 178.636199
-123, 15, -121, 178.640899
-125, 21, -125, 178.645812
171.590179506
-125, 21, -125, 178.650665
-128, 18, -124, 178.65567
-128, 18, -124, 178.660644
-128, 16, -128, 178.665588
-128, 16, -128, 178.671112
-127, 21, -125, 178.695587
-127, 21, -125, 178.700531
-122, 20, -130, 178.705718
-122, 20, -130, 178.710998
-124, 20, -128, 178.716247
170.625469512
-124, 20, -128, 178.720642
-117, 21, -129, 178.725646
-117, 21, -129, 178.730529
-122, 18, -132, 178.735687
-120, 18, -126, 178.745544
-120, 18, -126, 178.750885
-126, 20, -134, 178.756042
-126, 20, -134, 178.760467
-125, 19, -127, 178.765533
-125, 19, -127, 178.770629
169.583359866
-124, 20, -130, 178.780395
-124, 18, -128, 178.785491
-124, 18, -128, 178.790802
-119, 15, -131, 178.795837
-118, 18, -124, 178.840362
-119, 17, -133, 178.845275
-119, 17, -133, 178.850341
-122, 20, -130, 178.855346
-122, 16, -130, 178.871002
-129, 17, -131, 178.875762
171.674507939
-124, 16, -126, 178.890258
-125, 17, -129, 178.895355
-125, 17, -129, 178.900299
-122, 10, -126, 178.905242
-122, 10, -126, 178.910675
-119, 15, -129, 178.91571
-119, 15, -129, 178.920196
-123, 17, -129, 178.925231
-123, 17, -129, 178.930358
-120, 14, -128, 178.935394
175.001687237
-120, 14, -128, 178.940093
-126, 22, -126, 178.94519
-126, 22, -126, 178.950531
-122, 20, -128, 178.955474
-122, 20, -128, 178.960144
-127, 17, -119, 178.965301
-127, 17, -119, 178.970184
-123, 17, -129, 178.975311
-123, 17, -129, 178.980072
-130, 16, -130, 178.985076
171.444496464
-130, 16, -130, 178.990417
-126, 18, -128, 178.995666
-126, 18, -128, 179.000152
-131, 13, -133, 179.005004
-131, 13, -133, 179.010101
-132, 22, -130, 179.015075
-132, 22, -130, 179.019897
-123, 21, -127, 179.025024
-123, 21, -127, 179.030609
-128, 22, -126, 179.035369
171.509185851
-128, 22, -126, 179.040069
-130, 18, -128, 179.044952
-130, 18, -128, 179.050079
-127, 23, -129, 179.05487
-127, 23, -129, 179.059844
-126, 22, -126, 179.065093
-126, 22, -126, 179.07022
-126, 20, -130, 179.075347
-126, 20, -130, 179.079986
-124, 22, -134, 179.084808
168.860838273
-124, 22, -134, 179.090179
-126, 24, -122, 179.095001
-126, 24, -122, 179.099853
-124, 22, -126, 179.104949
-124, 22, -126, 179.110198
-124, 26, -132, 179.115142
-124, 26, -132, 179.11975
-133, 21, -129, 179.125
-133, 21, -129, 179.129943
-125, 23, -133, 179.134796
166.488892268
-125, 23, -133, 179.140106
-130, 24, -126, 179.144805
-132, 22, -128, 179.155914
-132, 22, -128, 179.160156
-132, 22, -128, 179.164886
-132, 22, -128, 179.170318
-130, 26, -122, 179.174774
-130, 26, -122, 179.179779
-129, 21, -127, 179.184783
-129, 21, -127, 179.190093
167.632644464
-128, 24, -122, 179.195404
-128, 24, -122, 179.199676
-133, 21, -119, 179.20465
-133, 21, -119, 179.209808
-135, 29, -125, 179.21463
-135, 29, -125, 179.219604
-132, 24, -120, 179.224822
-132, 24, -120, 179.230041
-134, 26, -126, 179.234924
-134, 26, -126, 179.239593
166.394727914
-129, 27, -125, 179.244567
-129, 27, -125, 179.249664
-127, 27, -127, 179.254669
-127, 27, -127, 179.259735
-130, 26, -130, 179.264495
-130, 26, -130, 179.269958
-130, 26, -124, 179.274871
-130, 26, -124, 179.27951
-135, 25, -125, 179.284576
-135, 25, -125, 179.289794
164.471002312
-130, 26, -124, 179.294403
-130, 26, -124, 179.299591
-129, 25, -125, 179.304473
-129, 25, -125, 179.309875
-135, 25, -125, 179.334411
-135, 25, -125, 179.339477
-125, 21, -127, 179.34436
-125, 21, -127, 179.349792
-132, 30, -124, 179.35498
-132, 30, -124, 179.359344
165.358554337
-129, 29, -127, 179.364349
-129, 29, -127, 179.369476
-127, 27, -127, 179.374298
-128, 24, -130, 179.38449
-128, 24, -130, 179.389862
-129, 21, -129, 179.394592
-129, 21, -129, 179.399383
-133, 27, -129, 179.404296
-133, 27, -129, 179.409301
-125, 29, -123, 179.414276
164.598188646
-125, 29, -123, 179.419433
-129, 25, -125, 179.439239
-124, 26, -126, 179.444152
-124, 26, -126, 179.449401
-123, 31, -121, 179.514801
-123, 31, -121, 179.519317
-125, 33, -127, 179.524047
-125, 33, -127, 179.529205
-126, 22, -132, 179.569061
-119, 23, -131, 179.574127
161.156399269
-119, 23, -131, 179.579101
-124, 28, -126, 179.584075
-124, 28, -126, 179.589324
-129, 23, -129, 179.59436
-129, 23, -129, 179.599182
-123, 29, -125, 179.603912
-123, 29, -125, 179.609008
-124, 28, -126, 179.614105
-124, 28, -126, 179.618865
-126, 26, -128, 179.623992
162.536873289
-126, 26, -128, 179.629394
-124, 30, -134, 179.634216
-124, 30, -134, 179.638916
-120, 28, -126, 179.644073
-120, 28, -126, 179.649078
-127, 23, -125, 179.658843
-125, 23, -133, 179.663848
-125, 23, -133, 179.669158
-128, 24, -124, 179.674255
-128, 24, -124, 179.679138
163.18169397
-125, 25, -127, 179.683776
-125, 25, -127, 179.688903
-124, 20, -132, 179.693847
-124, 20, -132, 179.698791
-123, 27, -131, 179.703674
-123, 27, -131, 179.709167
-126, 22, -124, 179.714263
-126, 22, -124, 179.718719
-131, 25, -125, 179.723754
-131, 25, -125, 179.728851
165.735666071
-133, 25, -129, 179.733856
-133, 25, -129, 179.738677
-126, 22, -130, 179.743774
-126, 22, -130, 179.749267
-127, 23, -129, 179.75418
-127, 23, -129, 179.758789
-122, 28, -128, 179.763671
-122, 28, -128, 179.768859
-128, 16, -132, 179.773651
-128, 16, -132, 179.778747
167.039037888
-128, 26, -130, 179.783508
-125, 23, -123, 179.794464
-125, 23, -123, 179.798828
-126, 22, -134, 179.803833
-126, 22, -134, 179.809143
-127, 21, -129, 179.813751
-127, 21, -129, 179.818603
-120, 24, -128, 179.824035
-120, 24, -128, 179.828887
-119, 27, -127, 179.834045
165.761028839
-119, 27, -127, 179.838623
-122, 18, -130, 179.843688
-122, 18, -130, 179.848419
-122, 24, -126, 179.853607
-122, 24, -126, 179.858398
-122, 22, -132, 179.863464
-122, 22, -132, 179.868835
-127, 23, -133, 179.874114
-127, 23, -133, 179.878723
-124, 20, -132, 179.883483
166.774434545
-124, 20, -132, 179.888549
-123, 17, -127, 179.893493
-123, 17, -127, 179.898376
-130, 22, -134, 179.903442
-130, 22, -134, 179.908905
-124, 20, -130, 179.91397
-124, 20, -130, 179.918426
-129, 23, -129, 179.923431
-129, 23, -129, 179.928375
-123, 23, -129, 179.933349
169.051064831
-123, 23, -129, 179.938659
-127, 23, -129, 179.943511
-127, 23, -129, 179.94873
-123, 21, -131, 179.973449
-123, 21, -131, 179.978179
-125, 23, -131, 179.983276
-125, 23, -131, 179.988586
-126, 20, -132, 179.99353
-126, 20, -132, 179.99826
-123, 19, -135, 180.003265
167.80318069
-123, 19, -135, 180.008422
-122, 18, -132, 180.013244
-122, 18, -132, 180.018188
-121, 21, -137, 180.04364
-121, 21, -137, 180.048248
-125, 25, -135, 180.053161
-125, 25, -135, 180.058074
-119, 17, -135, 180.06311
-119, 17, -135, 180.06845
-119, 21, -133, 180.083374
168.70425187
-119, 21, -133, 180.088104
-122, 24, -134, 180.093017
-122, 24, -134, 180.098205
-123, 23, -133, 180.10321
-121, 17, -133, 180.132995
-121, 17, -133, 180.138061
-125, 19, -137, 180.142944
-125, 19, -137, 180.148345
-122, 26, -134, 180.153259
-122, 26, -134, 180.157989
167.19505004
-122, 22, -138, 180.162933
-122, 22, -138, 180.168212
-124, 22, -130, 180.173004
-124, 22, -130, 180.177917
-116, 20, -134, 180.182983
-124, 20, -136, 180.193542
-124, 20, -136, 180.197875
-119, 23, -129, 180.203033
-119, 23, -129, 180.207916
-125, 21, -133, 180.212921
167.151042896
-124, 16, -128, 180.222808
-124, 16, -128, 180.22821
-122, 18, -134, 180.233825
-122, 18, -134, 180.237884
-121, 19, -137, 180.242889
-121, 19, -137, 180.247863
-124, 20, -132, 180.252807
-124, 20, -132, 180.25772
-123, 17, -133, 180.262725
-123, 17, -133, 180.268249
171.342842268
-126, 26, -134, 180.273315
-126, 26, -134, 180.27777
-127, 21, -135, 180.282775
-127, 21, -135, 180.28775
-120, 20, -130, 180.292724
-120, 20, -130, 180.297576
-117, 23, -133, 180.302917
-117, 23, -133, 180.308105
-119, 27, -129, 180.313262
-119, 27, -129, 180.317687
164.987337754
-122, 22, -134, 180.322723
-122, 22, -134, 180.327667
-122, 24, -136, 180.332763
-122, 24, -136, 180.337554
-118, 20, -134, 180.342651
-118, 20, -134, 180.347869
-127, 19, -131, 180.353088
-127, 19, -131, 180.357666
-122, 24, -128, 180.36264
-122, 24, -128, 180.367828
166.894783114
-122, 20, -130, 180.372558
-122, 20, -130, 180.377532
-124, 30, -132, 180.382537
-124, 30, -132, 180.387847
-125, 27, -129, 180.392944
-125, 27, -129, 180.397705
-130, 26, -134, 180.402618
-130, 26, -134, 180.407623
-120, 24, -134, 180.412597
-120, 24, -134, 180.41748
163.7019343
-126, 24, -132, 180.422485
-129, 25, -129, 180.433288
-129, 25, -129, 180.437835
-132, 20, -132, 180.442779
-132, 20, -132, 180.448059
-125, 25, -131, 180.452423
-125, 25, -131, 180.457458
-125, 21, -133, 180.462585
-125, 21, -133, 180.467803
-133, 23, -133, 180.4729
167.148769977
-133, 23, -133, 180.477386
-127, 25, -131, 180.48236
-127, 25, -131, 180.487426
-126, 20, -132, 180.492309
-126, 20, -132, 180.497406
-126, 28, -130, 180.502258
-126, 28, -130, 180.507751
-130, 18, -130, 180.512847
-130, 18, -130, 180.517364
-125, 31, -131, 180.522247
166.3596262
-125, 31, -131, 180.527862
-128, 22, -134, 180.532348
-128, 22, -134, 180.537322
-126, 22, -132, 180.542236
-126, 22, -132, 180.547607
-126, 24, -136, 180.552734
-126, 24, -136, 180.55725
-120, 28, -132, 180.562286
-120, 28, -132, 180.56726
-129, 27, -133, 180.572235
164.310925686
-129, 27, -133, 180.577514
-127, 29, -131, 180.582122
-127, 29, -131, 180.587524
-129, 27, -131, 180.617095
-129, 23, -131, 180.621978
-129, 23, -131, 180.627563
-127, 31, -133, 180.632629
-127, 31, -133, 180.637176
-124, 26, -130, 180.642181
-124, 26, -130, 180.647186
162.729456566
-128, 30, -132, 180.651977
-128, 30, -132, 180.657165
-124, 24, -136, 180.672485
-124, 24, -136, 180.677062
-120, 26, -132, 180.682006
-120, 26, -132, 180.687011
-119, 25, -135, 180.692047
-119, 25, -135, 180.696929
-122, 32, -130, 180.701904
-122, 32, -130, 180.707427
161.065625291
-123, 25, -133, 180.727081
-125, 33, -129, 180.731994
-125, 33, -129, 180.736816
-120, 28, -124, 180.741851
-127, 31, -135, 180.79251
-127, 31, -135, 180.796905
-128, 32, -132, 180.801727
-128, 32, -132, 180.806793
-128, 32, -136, 180.81665
-125, 29, -129, 180.821807
158.957266296
-125, 29, -129, 180.827087
-127, 29, -131, 180.832153
-127, 29, -131, 180.836883
-124, 32, -134, 180.841674
-124, 32, -134, 180.846771
-125, 29, -129, 180.851654
-125, 29, -129, 180.85675
-123, 31, -133, 180.861755
-123, 31, -133, 180.867004
-132, 24, -132, 180.872192
159.846214212
-130, 26, -126, 180.881561
-130, 26, -126, 180.886779
-128, 30, -128, 180.891662
-128, 30, -128, 180.896575
-132, 34, -132, 180.901733
-132, 34, -132, 180.906951
-129, 31, -135, 180.912109
-129, 31, -135, 180.916656
-126, 28, -136, 180.921691
-126, 28, -136, 180.926635
160.875849203
-129, 29, -133, 180.941497
-129, 29, -133, 180.946868
-131, 31, -131, 180.95227
-131, 31, -131, 180.956817
-125, 33, -131, 180.961486
-125, 33, -131, 180.966583
-127, 33, -129, 180.971435
-127, 33, -129, 180.97644
-129, 29, -133, 180.981323
-129, 29, -133, 180.986938
159.419723705
-127, 31, -133, 180.991973
-127, 31, -133, 180.99649
-122, 28, -132, 181.001403
-122, 28, -132, 181.006469
-128, 28, -130, 181.011352
-128, 28, -130, 181.016479
-122, 34, -132, 181.021453
-122, 34, -132, 181.026794
-127, 31, -137, 181.03186
-127, 31, -137, 181.036407
158.914962958
-125, 31, -129, 181.041381
-125, 31, -129, 181.046356
-129, 31, -125, 181.051452
-129, 31, -125, 181.056365
-129, 29, -133, 181.061218
-126, 28, -132, 181.072753
-126, 28, -132, 181.07666
-127, 33, -125, 181.081848
-127, 33, -125, 181.087036
-129, 35, -133, 181.09143
159.130218022
-129, 35, -133, 181.096252
-126, 30, -128, 181.101226
-126, 30, -128, 181.106597
-130, 34, -136, 181.111755
-130, 34, -136, 181.116363
-125, 33, -131, 181.121276
-125, 33, -131, 181.126159
-127, 35, -129, 181.131195
-127, 35, -129, 181.136199
-118, 28, -132, 181.141082
157.238382316
-118, 28, -132, 181.146972
-123, 33, -135, 181.151885
-123, 33, -135, 181.156158
-122, 34, -132, 181.161224
-122, 34, -132, 181.166137
-123, 33, -139, 181.171112
-123, 33, -139, 181.176147
-128, 28, -132, 181.181182
-128, 28, -132, 181.186492
-127, 33, -137, 181.191619
157.064067581
-127, 33, -137, 181.196136
-123, 39, -129, 181.201171
-123, 39, -129, 181.205993
-122, 32, -132, 181.210998
-122, 32, -132, 181.216156
-122, 34, -130, 181.221008
-122, 34, -130, 181.226379
-127, 37, -135, 181.250976
-127, 37, -135, 181.255859
-119, 31, -127, 181.260925
154.085467843
-119, 31, -127, 181.266296
-124, 38, -128, 181.271423
-124, 38, -128, 181.276
-122, 34, -132, 181.281188
-122, 34, -132, 181.285858
-117, 33, -133, 181.290954
-117, 33, -133, 181.295867
-118, 38, -134, 181.300842
-118, 38, -134, 181.306274
-121, 31, -131, 181.311523
152.542821702
-121, 31, -131, 181.315948
-121, 31, -133, 181.320861
-121, 31, -133, 181.325897
-120, 34, -134, 181.330871
-120, 32, -134, 181.355865
-125, 37, -131, 181.360809
-125, 37, -131, 181.365814
-128, 34, -132, 181.37088
-115, 39, -137, 181.405822
-124, 38, -132, 181.410888
153.751149104
-124, 38, -132, 181.415679
-112, 40, -140, 181.420654
-112, 40, -140, 181.426055
-124, 34, -130, 181.431152
-124, 34, -130, 181.43576
-118, 36, -136, 181.440887
-118, 36, -136, 181.445739
-114, 38, -138, 181.450714
-118, 26, -132, 181.460632
-118, 26, -132, 181.46585
151.438670847
-120, 34, -132, 181.480499
-120, 34, -132, 181.485595
-117, 33, -133, 181.49057
-117, 33, -133, 181.495513
-119, 35, -135, 181.500488
-119, 35, -135, 181.50595
-124, 38, -136, 181.511138
-124, 38, -136, 181.515502
-121, 33, -139, 181.520538
-121, 33, -139, 181.525543
152.724436933
-119, 37, -135, 181.530639
-119, 37, -135, 181.53543
-121, 31, -133, 181.540649
-121, 31, -133, 181.545776
-115, 31, -133, 181.551025
-115, 31, -133, 181.555511
-126, 34, -134, 181.560394
-126, 34, -134, 181.565429
-119, 37, -131, 181.570465
-119, 37, -131, 181.575378
153.163925464
-122, 30, -138, 181.580718
-122, 30, -138, 181.585754
-119, 35, -135, 181.590972
-119, 35, -135, 181.595336
-116, 28, -134, 181.600341
-116, 28, -134, 181.60556
-121, 35, -137, 181.61029
-121, 35, -137, 181.615264
-121, 35, -133, 181.620361
-121, 35, -133, 181.62561
154.569633862
-117, 29, -137, 181.63092
-117, 29, -137, 181.635284
-117, 35, -141, 181.640472
-117, 35, -141, 181.645416
-119, 31, -133, 181.650268
-119, 31, -133, 181.655212
-122, 28, -140, 181.660186
-122, 28, -140, 181.665679
-124, 34, -136, 181.670959
-124, 34, -136, 181.675262
155.704568352
-121, 29, -135, 181.680236
-121, 29, -135, 181.685302
-118, 34, -138, 181.690124
-118, 34, -138, 181.695098
-122, 36, -136, 181.700408
-113, 33, -133, 181.711242
-113, 33, -133, 181.71582
-119, 35, -133, 181.720306
-119, 41, -139, 181.730377
-119, 41, -139, 181.735321
151.872729523
-122, 44, -142, 181.73999
-122, 44, -142, 181.745544
-116, 34, -136, 181.750671
-116, 34, -136, 181.755065
-114, 42, -142, 181.76007
-114, 42, -142, 181.765228
-119, 31, -137, 181.77008
-119, 31, -137, 181.775085
-127, 31, -137, 181.779998
-127, 31, -137, 181.7854
150.666466201
-118, 38, -136, 181.790344
-118, 38, -136, 181.795074
-120, 44, -138, 181.800262
-120, 44, -138, 181.804992
-122, 34, -136, 181.809967
-122, 34, -136, 181.815002
-119, 41, -137, 181.819854
-119, 41, -137, 181.825286
-121, 35, -141, 181.830413
-121, 35, -141, 181.835083
149.108838561
-124, 40, -134, 181.839874
-124, 40, -134, 181.845001
-117, 35, -135, 181.849884
-117, 35, -135, 181.854919
-118, 36, -134, 181.859863
-118, 36, -134, 181.865478
-122, 36, -132, 181.8703
-127, 35, -137, 181.894927
-129, 39, -135, 181.899902
-129, 39, -135, 181.905181
151.431000188
-122, 36, -134, 181.9104
-122, 36, -134, 181.914825
-122, 38, -132, 181.919708
-122, 38, -132, 181.924835
-119, 41, -139, 181.929931
-119, 41, -139, 181.934661
-119, 39, -131, 181.939697
-119, 39, -131, 181.945129
-121, 37, -139, 181.950225
-121, 37, -139, 181.954772
149.531755199
-123, 41, -137, 181.959808
-123, 41, -137, 181.964904
-126, 42, -138, 181.969787
-126, 42, -138, 181.974639
-131, 31, -135, 181.979644
-123, 37, -133, 182.02536
-122, 36, -132, 182.030242
-122, 36, -132, 182.034637
-122, 36, -134, 182.039489
-127, 39, -133, 182.049468
151.576216216
-127, 39, -133, 182.054504
-126, 46, -132, 182.059661
-126, 46, -132, 182.06488
-123, 43, -135, 182.070068
-123, 43, -135, 182.074615
-130, 36, -134, 182.079406
-130, 36, -134, 182.084533
-126, 42, -132, 182.089508
-130, 42, -134, 182.099426
-130, 42, -134, 182.10498
149.942220894
-125, 45, -135, 182.114624
-127, 39, -133, 182.119476
-127, 39, -133, 182.124603
-128, 40, -134, 182.129364
-128, 40, -134, 182.134399
-132, 40, -130, 182.139404
-132, 40, -130, 182.144775
-124, 42, -130, 182.149841
-124, 42, -130, 182.154418
-129, 37, -131, 182.159515
151.028832283
-129, 37, -131, 182.164459
-123, 39, -139, 182.169281
-123, 39, -139, 182.174316
-128, 42, -138, 182.179382
-128, 42, -138, 182.184753
-127, 41, -135, 182.189788
-127, 41, -135, 182.194335
-130, 44, -132, 182.199249
-130, 44, -132, 182.204345
-127, 41, -133, 182.209197
150.416989979
-127, 41, -133, 182.214508
-129, 43, -131, 182.219238
-129, 43, -131, 182.224792
-127, 41, -131, 182.229858
-127, 41, -131, 182.234344
-130, 36, -134, 182.239135
-130, 36, -134, 182.244293
-131, 33, -137, 182.249145
-131, 33, -137, 182.254241
-128, 44, -132, 182.259307
152.733316142
-128, 44, -132, 182.264892
-133, 35, -133, 182.269622
-133, 35, -133, 182.274169
-132, 42, -138, 182.279144
-132, 42, -138, 182.284179
-124, 38, -130, 182.289245
-124, 38, -130, 182.294067
-130, 34, -138, 182.299163
-130, 34, -138, 182.304443
-129, 33, -135, 182.30957
154.268435478
-129, 33, -135, 182.314117
-125, 37, -135, 182.319091
-125, 37, -135, 182.324249
-122, 34, -134, 182.32904
-122, 34, -134, 182.334045
-128, 30, -134, 182.338989
-123, 33, -135, 182.350341
-123, 33, -135, 182.354431
-126, 38, -142, 182.359069
-126, 38, -142, 182.364288
154.790534797
-124, 34, -136, 182.369293
-124, 34, -136, 182.374053
-123, 35, -139, 182.37918
-123, 35, -139, 182.384368
-124, 30, -138, 182.389801
-124, 30, -138, 182.394042
-129, 29, -143, 182.398956
-129, 29, -143, 182.403869
-123, 31, -141, 182.408905
-123, 31, -141, 182.413909
157.333581554
-121, 35, -139, 182.419311
-121, 35, -139, 182.424255
-125, 33, -143, 182.429382
-125, 33, -143, 182.433807
-125, 29, -137, 182.438995
-125, 29, -137, 182.443969
-121, 35, -139, 182.448974
-121, 35, -139, 182.45401
-122, 32, -136, 182.458862
-122, 32, -136, 182.464294
155.632984321
-119, 31, -139, 182.469512
-119, 31, -139, 182.473846
-127, 29, -143, 182.478851
-127, 29, -143, 182.483978
-128, 30, -146, 182.488891
-128, 30, -146, 182.493835
-127, 27, -135, 182.498718
-127, 27, -135, 182.504119
-126, 22, -138, 182.509277
-127, 21, -145, 182.528778
161.622920443
-130, 18, -144, 182.538757
-130, 18, -144, 182.544036
-126, 20, -140, 182.549285
-126, 20, -140, 182.553802
-130, 20, -144, 182.558746
-130, 20, -144, 182.563659
-128, 16, -148, 182.568695
-128, 16, -148, 182.573638
-123, 15, -145, 182.578643
-123, 15, -145, 182.584259
172.33617844
-124, 22, -140, 182.588958
-124, 22, -140, 182.593658
-124, 20, -140, 182.598602
-124, 20, -140, 182.603576
-126, 24, -142, 182.608581
-126, 24, -142, 182.613739
-128, 22, -140, 182.618713
-128, 22, -140, 182.623962
-124, 12, -140, 182.628906
-125, 19, -145, 182.648864
168.929076823
-125, 19, -145, 182.653442
-127, 27, -143, 182.658569
-127, 27, -143, 182.663787
-125, 21, -137, 182.668762
-125, 21, -137, 182.673461
-126, 24, -140, 182.678558
-126, 24, -140, 182.683532
-125, 23, -141, 182.688476
-125, 23, -141, 182.693328
-125, 21, -147, 182.698425
166.565007468
-125, 21, -147, 182.703826
-124, 22, -138, 182.70874
-124, 22, -138, 182.713623
-131, 25, -141, 182.718444
-131, 25, -141, 182.723419
-126, 22, -138, 182.728332
-126, 22, -138, 182.733276
-127, 23, -139, 182.738372
-131, 27, -139, 182.748748
-131, 27, -139, 182.753417
166.462927006
-125, 23, -143, 182.7583
-125, 23, -143, 182.763336
-130, 20, -142, 182.76831
-130, 20, -142, 182.773162
-130, 22, -138, 182.778533
-130, 22, -138, 182.78366
-133, 21, -139, 182.788482
-133, 21, -139, 182.793182
-132, 28, -138, 182.798187
-132, 28, -138, 182.803222
167.729233306
-131, 21, -137, 182.808288
-131, 21, -137, 182.813262
-130, 22, -142, 182.818267
-130, 22, -142, 182.823547
-131, 19, -141, 182.828521
-131, 19, -141, 182.83319
-124, 16, -136, 182.838104
-132, 18, -140, 182.848114
-132, 18, -140, 182.853149
-130, 18, -134, 182.858062
171.108803961
-135, 21, -135, 182.868438
-135, 21, -135, 182.873077
-131, 15, -139, 182.878265
-131, 15, -139, 182.883148
-135, 11, -135, 182.888061
-135, 11, -135, 182.893005
-138, 14, -132, 182.898101
-138, 14, -132, 182.90335
-134, 10, -138, 182.908569
-134, 10, -138, 182.913024
176.54768607
-134, 12, -134, 182.918273
-134, 12, -134, 182.923004
-135, 11, -139, 182.927947
-135, 11, -139, 182.933013
-133, 17, -137, 182.937988
-133, 17, -137, 182.943481
-129, 9, -135, 182.948272
-129, 9, -135, 182.952911
-131, 13, -133, 182.957916
-131, 13, -133, 182.963012
178.187699703
-135, 11, -133, 182.968078
-135, 11, -133, 182.973083
-129, 13, -135, 182.977996
-131, 5, -135, 182.988708
-131, 5, -135, 182.99298
-128, 0, -140, 182.997894
-128, 0, -140, 183.002838
-132, 6, -128, 183.008056
-132, 6, -128, 183.012939
-129, 1, -135, 183.017974
184.773705795
-129, 1, -135, 183.023406
-140, 6, -134, 183.028045
-140, 6, -134, 183.032836
-136, 4, -134, 183.038024
-136, 4, -134, 183.042999
-135, 5, -133, 183.047821
-135, 5, -133, 183.052734
-136, 4, -132, 183.057739
-136, 4, -132, 183.063171
-136, 2, -136, 183.067962
185.916950314
-140, 2, -140, 183.077758
-140, 2, -140, 183.082702
-135, 3, -137, 183.087677
-135, 3, -137, 183.092712
-132, 2, -132, 183.097656
-132, 2, -132, 183.103179
-135, -5, -135, 183.108062
-135, -5, -135, 183.112792
-140, -2, -136, 183.117584
-140, -2, -136, 183.12268
189.45897861
-128, -2, -140, 183.127899
-128, -2, -140, 183.132598
-129, -7, -137, 183.137725
-129, -7, -137, 183.143066
-130, -4, -134, 183.147766
-136, -6, -130, 183.172851
-136, -6, -130, 183.177551
-136, -6, -130, 183.183074
-130, -6, -132, 183.187744
-130, -6, -132, 183.192535
195.215492857
-135, -7, -133, 183.197418
-135, -7, -133, 183.202697
-127, -5, -137, 183.20758
-127, -5, -137, 183.212463
-132, -8, -136, 183.217468
-132, -8, -136, 183.2229
-131, -7, -133, 183.2276
-131, -7, -133, 183.232543
-135, -7, -131, 183.237579
-135, -7, -131, 183.242523
196.480174406
-132, -16, -134, 183.247558
-132, -16, -134, 183.25241
-125, -15, -131, 183.257415
-125, -15, -131, 183.262756
-137, -7, -137, 183.322357
-130, -16, -134, 183.327239
-130, -16, -134, 183.332366
-128, -20, -130, 183.337249
-131, -19, -131, 183.347473
-132, -26, -134, 183.377258
205.544046709
-132, -26, -134, 183.382568
-125, -23, -131, 183.387481
-125, -23, -131, 183.392089
-124, -24, -130, 183.397308
-124, -24, -130, 183.40216
-125, -21, -135, 183.407135
-125, -21, -135, 183.412139
-128, -20, -130, 183.417114
-128, -20, -130, 183.422668
-131, -21, -135, 183.427459
211.681106001
-125, -23, -137, 183.442077
-132, -26, -128, 183.447113
-132, -26, -128, 183.452148
-124, -26, -132, 183.45697
-124, -26, -132, 183.462554
-124, -22, -132, 183.467285
-124, -22, -132, 183.472106
-126, -32, -130, 183.477081
-126, -32, -130, 183.482086
-123, -29, -133, 183.486907
215.078052309
-123, -29, -133, 183.49234
-123, -25, -127, 183.49707
-123, -25, -127, 183.50241
-120, -28, -130, 183.507263
-120, -28, -130, 183.511993
-130, -24, -132, 183.516906
-130, -24, -132, 183.521911
-118, -28, -132, 183.527069
-118, -28, -132, 183.532043
-123, -33, -127, 183.536895
217.498596134
-123, -33, -127, 183.542449
-124, -32, -138, 183.547363
-124, -32, -138, 183.551879
-124, -30, -132, 183.556823
-124, -30, -132, 183.562164
-126, -32, -130, 183.566802
-126, -32, -130, 183.57196
-125, -29, -135, 183.576782
-125, -29, -135, 183.582214
-126, -32, -126, 183.587036
219.088083079
-126, -32, -126, 183.592346
-127, -31, -131, 183.596954
-127, -31, -131, 183.601806
-129, -35, -129, 183.606781
-129, -35, -129, 183.611785
-113, -33, -129, 183.61676
-121, -37, -125, 183.627777
-121, -37, -125, 183.631805
-119, -33, -127, 183.636871
-119, -33, -127, 183.642028
221.846696797
-114, -38, -126, 183.646728
-114, -38, -126, 183.652069
-120, -34, -130, 183.65686
-120, -34, -130, 183.662109
-124, -36, -126, 183.667022
-124, -36, -126, 183.671661
-121, -39, -129, 183.676696
-121, -39, -129, 183.68164
-114, -36, -130, 183.686614
-114, -36, -130, 183.691772
226.328353846
-125, -35, -129, 183.696594
-125, -35, -129, 183.701995
-118, -36, -128, 183.707153
-118, -36, -128, 183.711547
-118, -38, -124, 183.716583
-118, -38, -124, 183.721618
-121, -39, -131, 183.726745
-121, -39, -131, 183.731506
-116, -40, -130, 183.736572
-116, -40, -130, 183.741912
226.255898558
-122, -42, -128, 183.74707
-122, -42, -128, 183.751556
-118, -40, -128, 183.756713
-118, -40, -128, 183.761505
-121, -41, -131, 183.76651
-121, -41, -131, 183.771575
-116, -42, -126, 183.776458
-116, -42, -126, 183.781829
-117, -39, -129, 183.787109
-117, -39, -129, 183.791687
228.579078939
-111, -41, -129, 183.796386
-111, -41, -129, 183.801483
-117, -43, -123, 183.806457
-117, -43, -123, 183.811309
-115, -47, -123, 183.816406
-115, -47, -123, 183.82196
-113, -47, -125, 183.826721
-113, -47, -125, 183.831481
-112, -44, -128, 183.836334
-112, -44, -128, 183.841339
233.855992798
-109, -51, -127, 183.846588
-109, -51, -127, 183.851379
-114, -52, -126, 183.856506
-114, -52, -126, 183.861633
-111, -49, -125, 183.86679
-111, -49, -125, 183.871307
-108, -52, -124, 183.876251
-108, -52, -124, 183.881286
-104, -46, -122, 183.886505
-104, -46, -122, 183.891174
239.516003066
-111, -49, -131, 183.901702
-101, -53, -121, 183.906524
-101, -53, -121, 183.911315
-96, -56, -126, 183.91632
-96, -56, -126, 183.921417
-97, -55, -125, 183.926177
-97, -55, -125, 183.931213
-98, -54, -128, 183.936187
-98, -54, -128, 183.941497
-93, -59, -125, 183.946746
248.681497874
-93, -59, -125, 183.951416
-95, -59, -127, 183.956085
-95, -59, -127, 183.961181
-102, -54, -124, 183.966217
-102, -54, -124, 183.971069
-99, -51, -121, 183.976043
-99, -51, -121, 183.981536
-93, -57, -125, 183.986694
-93, -57, -125, 183.991119
-94, -60, -124, 183.996124
250.878825894
-94, -60, -124, 184.001403
-95, -57, -127, 184.006103
-95, -57, -127, 184.011108
