-132, 22, -126, 37.174438
-132, 22, -126, 37.179199
-129, 23, -133, 37.184234
-129, 23, -133, 37.189239
-129, 19, -127, 37.194213
-129, 19, -127, 37.199127
-127, 15, -131, 37.209442
-134, 24, -126, 37.21463
-134, 24, -126, 37.219085
-132, 22, -126, 37.224029
170.759398935
-130, 22, -132, 37.234069
-130, 22, -132, 37.238952
-127, 27, -127, 37.244079
-127, 27, -127, 37.249603
-131, 21, -127, 37.254455
-131, 21, -127, 37.259094
-138, 22, -122, 37.263977
-138, 22, -122, 37.269134
-129, 25, -129, 37.273864
-129, 25, -129, 37.279052
340.611423667
-130, 20, -130, 37.284057
-130, 20, -130, 37.289337
-126, 24, -128, 37.294311
-126, 24, -128, 37.29895
-122, 30, -130, 37.303863
-122, 30, -130, 37.309143
-131, 23, -129, 37.313995
-131, 23, -129, 37.318908
-134, 28, -130, 37.323944
-134, 28, -130, 37.332305
509.590368342
-133, 23, -127, 37.335266
-133, 23, -127, 37.338958
-129, 25, -125, 37.343994
-129, 25, -125, 37.349334
-130, 22, -130, 37.353912
-130, 22, -130, 37.358947
-132, 20, -124, 37.364074
-132, 20, -124, 37.36914
-132, 20, -134, 37.374267
-132, 20, -134, 37.379058
680.067386423
-133, 27, -129, 37.383728
-133, 27, -129, 37.388977
-137, 23, -131, 37.393737
-137, 23, -131, 37.398803
-130, 26, -124, 37.403656
-130, 26, -124, 37.40924
-130, 24, -126, 37.414123
-130, 24, -126, 37.41867
-128, 24, -132, 37.428771
-127, 25, -129, 37.433624
849.336833698
-127, 25, -129, 37.43869
-131, 23, -127, 37.443817
-131, 23, -127, 37.449096
-128, 22, -130, 37.45401
-128, 22, -130, 37.458648
-128, 26, -128, 37.463623
-128, 26, -128, 37.468597
-131, 27, -131, 37.473785
-131, 27, -131, 37.478607
-125, 23, -127, 37.48352
1018.61307265
-125, 23, -127, 37.489013
-131, 21, -127, 37.493988
-131, 21, -127, 37.498504
-131, 27, -129, 37.50354
-131, 27, -129, 37.508819
-124, 18, -126, 37.513458
-124, 18, -126, 37.518585
-131, 23, -131, 37.523468
-131, 23, -131, 37.5289
-134, 28, -124, 37.533935
1188.59622853
-134, 28, -124, 37.538757
-135, 25, -131, 37.543609
-135, 25, -131, 37.548492
-124, 22, -128, 37.553466
-124, 22, -128, 37.558502
-130, 22, -130, 37.563354
-130, 22, -130, 37.568817
-129, 29, -125, 37.573974
-129, 29, -125, 37.57843
-125, 21, -133, 37.583374
1357.89702749
-125, 21, -133, 37.588439
-128, 26, -128, 37.593383
-128, 26, -128, 37.598297
-137, 21, -125, 37.603363
-137, 21, -125, 37.608917
-132, 24, -126, 37.613616
-132, 24, -126, 37.618438
-133, 29, -131, 37.623382
-133, 29, -131, 37.628356
-132, 22, -126, 37.633422
1527.43685298
-132, 22, -126, 37.638488
-135, 27, -125, 37.64328
-135, 27, -125, 37.648681
-129, 27, -127, 37.653533
-129, 27, -127, 37.658264
-132, 24, -124, 37.663177
-132, 24, -124, 37.668395
-138, 26, -130, 37.673339
-138, 26, -130, 37.678192
-134, 22, -126, 37.683288
1696.73719457
-134, 22, -126, 37.688629
-133, 25, -129, 37.69345
-133, 25, -129, 37.69815
-134, 26, -126, 37.703308
-134, 26, -126, 37.70816
-133, 25, -123, 37.713134
-133, 25, -123, 37.71817
-133, 21, -129, 37.723114
-133, 21, -129, 37.728485
-135, 27, -131, 37.733489
1866.42506481
-135, 27, -131, 37.738616
-127, 23, -133, 37.743041
-127, 23, -133, 37.748107
-129, 23, -127, 37.753082
-129, 23, -127, 37.758026
-131, 21, -125, 37.763061
-131, 21, -125, 37.768615
-136, 26, -130, 37.773223
-136, 26, -130, 37.778045
-131, 27, -131, 37.78302
2036.06866053
-131, 27, -131, 37.788055
-134, 28, -124, 37.793121
-134, 28, -124, 37.798187
-135, 23, -127, 37.803161
-135, 23, -127, 37.808288
-131, 25, -123, 37.813262
-131, 25, -123, 37.817932
-134, 24, -128, 37.822845
-134, 24, -128, 37.827972
-136, 22, -128, 37.833068
2205.4993698
-136, 22, -128, 37.838165
-132, 24, -128, 37.842895
-132, 24, -128, 37.848297
-134, 24, -128, 37.853149
-134, 24, -128, 37.85794
-134, 26, -130, 37.862976
-134, 26, -130, 37.868072
-137, 23, -127, 37.872863
-137, 23, -127, 37.877838
-132, 16, -130, 37.882843
2375.69552906
-132, 16, -130, 37.888153
-133, 23, -123, 37.893127
-133, 23, -123, 37.89801
-139, 19, -125, 37.902709
-139, 19, -125, 37.907897
-133, 21, -129, 37.91278
-133, 21, -129, 37.917694
-125, 25, -127, 37.922698
-125, 25, -127, 37.928161
-137, 23, -125, 37.933166
2546.47606272
-137, 23, -125, 37.937652
-137, 21, -125, 37.942749
-137, 21, -125, 37.947753
-135, 27, -125, 37.952575
-135, 27, -125, 37.957672
-131, 21, -129, 37.96286
-131, 21, -129, 37.972564
-139, 27, -127, 37.977783
-139, 27, -127, 37.982635
-137, 23, -125, 37.987945
2716.54527936
-137, 23, -125, 37.992706
-134, 28, -132, 37.997802
-134, 28, -132, 38.002716
-138, 26, -126, 38.008026
-138, 26, -126, 38.012878
-139, 19, -123, 38.017456
-139, 19, -123, 38.022521
-138, 24, -124, 38.027801
-138, 24, -124, 38.03247
-135, 23, -129, 38.037506
2886.60122665
-135, 23, -129, 38.042907
-133, 27, -125, 38.047851
-133, 27, -125, 38.052795
-134, 24, -124, 38.057525
-134, 24, -124, 38.062591
-137, 23, -127, 38.067504
-137, 23, -127, 38.072479
-129, 21, -133, 38.077453
-129, 21, -133, 38.082427
-131, 25, -131, 38.087768
3056.47285703
-131, 25, -131, 38.093292
-139, 27, -125, 38.097412
-139, 27, -125, 38.102416
-129, 29, -129, 38.107482
-129, 29, -129, 38.112335
-136, 22, -126, 38.11734
-136, 22, -126, 38.122436
-133, 25, -127, 38.127868
-133, 25, -127, 38.13272
-130, 22, -124, 38.137298
3225.73267587
-130, 22, -124, 38.142303
-136, 24, -126, 38.147277
-136, 24, -126, 38.152282
-137, 25, -125, 38.157287
-137, 25, -125, 38.162475
-135, 27, -131, 38.167755
-135, 27, -131, 38.172637
-130, 22, -130, 38.177185
-130, 22, -130, 38.18222
-135, 27, -127, 38.187286
3395.38835316
-135, 27, -127, 38.192687
-132, 28, -122, 38.197082
-132, 28, -122, 38.202239
-129, 25, -129, 38.207611
-129, 25, -129, 38.212402
-133, 23, -129, 38.217132
-133, 23, -129, 38.22229
-134, 26, -128, 38.227294
-134, 26, -128, 38.232177
-138, 24, -124, 38.237152
3564.52373978
-138, 24, -124, 38.24237
-130, 28, -130, 38.247528
-130, 28, -130, 38.25238
-131, 21, -127, 38.257232
-131, 21, -127, 38.262207
-130, 22, -130, 38.267181
-130, 22, -130, 38.272064
-135, 27, -127, 38.277038
-135, 27, -127, 38.282073
-132, 26, -128, 38.287536
3733.98753072
-132, 26, -128, 38.292816
-129, 25, -131, 38.297027
-129, 25, -131, 38.302062
-132, 26, -128, 38.306976
-132, 26, -128, 38.311981
-132, 26, -128, 38.316955
-132, 26, -128, 38.322174
-127, 25, -123, 38.32727
-127, 25, -123, 38.332397
-131, 29, -131, 38.336883
3902.74714307
-131, 29, -131, 38.342163
-128, 28, -128, 38.347015
-128, 28, -128, 38.351928
-131, 27, -135, 38.357025
-131, 27, -135, 38.361938
-126, 26, -134, 38.367309
-126, 26, -134, 38.3721
-134, 26, -126, 38.376861
-134, 26, -126, 38.381927
-127, 25, -131, 38.387054
4071.06040452
-127, 25, -131, 38.392272
-131, 21, -133, 38.39682
-131, 21, -133, 38.401885
-133, 25, -129, 38.407165
-133, 25, -129, 38.412109
-123, 27, -131, 38.416778
-123, 27, -131, 38.421997
-131, 23, -131, 38.426818
-131, 23, -131, 38.431793
-128, 20, -128, 38.436737
4240.64048586
-128, 20, -128, 38.442077
-122, 22, -130, 38.447174
-122, 22, -130, 38.452117
-130, 24, -130, 38.456787
-130, 24, -130, 38.461791
-127, 25, -133, 38.466796
-127, 25, -133, 38.471679
-130, 20, -132, 38.476745
-130, 20, -132, 38.481597
-129, 25, -135, 38.487182
4410.54286636
-129, 25, -135, 38.492034
-132, 22, -130, 38.496673
-132, 22, -130, 38.501678
-132, 18, -134, 38.506622
-132, 18, -134, 38.511718
-130, 22, -138, 38.516723
-130, 22, -138, 38.521606
-129, 23, -127, 38.52713
-129, 23, -127, 38.531829
-129, 25, -133, 38.536499
4580.96103769
-129, 25, -133, 38.541656
-130, 24, -132, 38.5466
-130, 24, -132, 38.551666
-128, 28, -132, 38.556549
-128, 28, -132, 38.561584
-127, 25, -135, 38.566894
-127, 25, -135, 38.571838
-126, 20, -130, 38.576568
-126, 20, -130, 38.581878
-128, 16, -132, 38.586791
4750.56096645
-128, 16, -132, 38.591461
-125, 25, -129, 38.596466
-125, 25, -129, 38.601501
-131, 15, -135, 38.61148
-131, 15, -135, 38.616607
-130, 20, -132, 38.622009
-130, 20, -132, 38.626861
-122, 20, -138, 38.631561
-122, 20, -138, 38.636596
-128, 22, -132, 38.641418
4921.69373255
-128, 22, -132, 38.646759
-119, 19, -133, 38.651702
-119, 19, -133, 38.656341
-127, 19, -131, 38.661407
-127, 19, -131, 38.666351
-127, 23, -135, 38.671508
-127, 23, -135, 38.67633
-125, 25, -133, 38.681396
-125, 25, -133, 38.686676
-127, 21, -131, 38.69168
5091.94866434
-127, 21, -131, 38.696502
-119, 17, -137, 38.701263
-119, 17, -137, 38.70639
-129, 21, -137, 38.711273
-129, 21, -137, 38.716369
-123, 21, -133, 38.721282
-123, 21, -133, 38.726623
-128, 22, -132, 38.731597
-128, 22, -132, 38.736236
-129, 23, -135, 38.74121
5262.63547859
-129, 23, -135, 38.746643
-128, 18, -128, 38.75122
-128, 18, -128, 38.756256
-129, 25, -133, 38.76123
-129, 25, -133, 38.766571
-124, 16, -134, 38.771453
-124, 16, -134, 38.776214
-125, 23, -131, 38.781188
-125, 23, -131, 38.786102
-127, 21, -135, 38.791107
5433.33562038
-127, 21, -135, 38.796051
-125, 25, -131, 38.801086
-125, 25, -131, 38.806488
-125, 21, -137, 38.811706
-125, 21, -137, 38.816406
-127, 23, -133, 38.821075
-127, 23, -133, 38.82608
-126, 18, -128, 38.831054
-126, 18, -128, 38.83609
-130, 16, -128, 38.840911
5603.84683726
-130, 16, -128, 38.846496
-128, 16, -134, 38.851287
-128, 16, -134, 38.856018
-126, 16, -126, 38.861053
-126, 16, -126, 38.86618
-124, 18, -132, 38.870941
-124, 18, -132, 38.876068
-131, 19, -131, 38.881072
-131, 19, -131, 38.886413
-125, 15, -137, 38.891357
5776.28627432
-125, 15, -137, 38.895965
-126, 18, -132, 38.900909
-126, 18, -132, 38.905914
-130, 22, -132, 38.910949
-130, 22, -132, 38.915863
-129, 21, -129, 38.920867
-129, 21, -129, 38.926239
-122, 20, -136, 38.931365
-122, 20, -136, 38.935791
-125, 19, -137, 38.94104
5947.47958944
-125, 19, -137, 38.945983
-129, 15, -131, 38.950836
-129, 15, -131, 38.95578
-125, 13, -131, 38.960815
-125, 13, -131, 38.966186
-127, 17, -129, 38.971038
-127, 17, -129, 38.975891
-120, 16, -130, 38.980682
-120, 16, -130, 38.985778
-124, 22, -134, 38.990783
6120.05163265
-124, 22, -134, 38.996032
-128, 16, -134, 39.00064
-128, 16, -134, 39.006225
-127, 17, -135, 39.011199
-127, 17, -135, 39.015808
-122, 14, -142, 39.020568
-122, 14, -142, 39.025787
-128, 16, -138, 39.030761
-128, 16, -138, 39.035644
-122, 18, -134, 39.04071
6292.52231363
-122, 18, -134, 39.046264
-130, 16, -138, 39.051116
-130, 16, -138, 39.055541
-122, 18, -132, 39.060638
-122, 18, -132, 39.065673
-123, 17, -133, 39.0708
-123, 17, -133, 39.075683
-123, 19, -129, 39.080596
-123, 19, -129, 39.085906
-124, 16, -136, 39.09082
6464.53599543
-124, 16, -136, 39.095581
-120, 16, -134, 39.100463
-120, 16, -134, 39.105682
-124, 16, -138, 39.110565
-124, 16, -138, 39.115478
-125, 15, -129, 39.120483
-125, 15, -129, 39.125915
-129, 15, -137, 39.13092
-129, 15, -137, 39.135559
-129, 15, -141, 39.140533
6637.45318993
-129, 15, -141, 39.145599
-126, 14, -140, 39.150451
-126, 14, -140, 39.155487
-122, 16, -134, 39.1604
-122, 16, -134, 39.16574
-128, 18, -134, 39.170959
-128, 18, -134, 39.175506
-126, 20, -136, 39.180328
-126, 20, -136, 39.185333
-124, 16, -134, 39.190368
6809.88768574
-124, 16, -134, 39.195312
-131, 17, -135, 39.200286
-131, 17, -135, 39.20581
-127, 13, -131, 39.210662
-127, 13, -131, 39.215301
-130, 16, -134, 39.220275
-130, 16, -134, 39.225372
-126, 16, -134, 39.230224
-126, 16, -134, 39.235382
-127, 15, -131, 39.240325
6982.98059323
-127, 15, -131, 39.248565
-129, 21, -137, 39.255676
-129, 21, -137, 39.260223
-127, 17, -133, 39.26593
-127, 17, -133, 39.270782
-127, 17, -131, 39.275299
-127, 17, -131, 39.280181
-129, 21, -141, 39.285583
-129, 21, -141, 39.290527
-127, 15, -131, 39.295166
7154.88541409
-127, 15, -131, 39.300689
-125, 15, -133, 39.305297
-125, 15, -133, 39.31018
-122, 16, -128, 39.315093
-122, 16, -128, 39.320098
-134, 16, -134, 39.3255
-134, 16, -134, 39.330566
-129, 15, -133, 39.335266
-129, 15, -133, 39.340118
-125, 17, -135, 39.345092
7327.88630857
-125, 17, -135, 39.350189
-129, 17, -125, 39.355102
-129, 17, -125, 39.359985
-128, 22, -130, 39.36557
-128, 22, -130, 39.370544
-124, 20, -136, 39.37503
-124, 20, -136, 39.380035
-123, 19, -131, 39.384979
-123, 19, -131, 39.389984
-125, 19, -135, 39.39505
7499.20704569
-125, 19, -135, 39.400451
-122, 20, -130, 39.405426
-122, 20, -130, 39.410217
-126, 24, -130, 39.414947
-126, 24, -130, 39.419952
-127, 19, -131, 39.424926
-127, 19, -131, 39.430053
-128, 22, -132, 39.434997
-128, 22, -132, 39.43988
-127, 15, -131, 39.445343
7669.99823531
-127, 15, -131, 39.450561
-124, 16, -124, 39.454895
-124, 16, -124, 39.45993
-128, 18, -130, 39.465057
-128, 18, -130, 39.469879
-125, 15, -135, 39.474792
-125, 15, -135, 39.479888
-126, 20, -134, 39.485229
-126, 20, -134, 39.490234
-133, 21, -135, 39.494995
7842.18367615
-133, 21, -135, 39.500213
-127, 19, -131, 39.504852
-127, 19, -131, 39.509826
-129, 19, -133, 39.514709
-129, 19, -133, 39.519775
-130, 24, -130, 39.525238
-130, 24, -130, 39.530242
-125, 19, -127, 39.534881
-125, 19, -127, 39.539672
-132, 20, -134, 39.544769
8013.22697565
-132, 20, -134, 39.549926
-132, 20, -132, 39.554626
-132, 20, -132, 39.559631
-125, 19, -127, 39.565246
-125, 19, -127, 39.569946
-129, 21, -135, 39.574707
-129, 21, -135, 39.579742
-126, 22, -128, 39.584655
-126, 22, -128, 39.589538
-134, 18, -132, 39.594726
8184.3187409
-134, 18, -132, 39.599578
-131, 19, -123, 39.60501
-131, 19, -123, 39.609954
-132, 22, -124, 39.614624
-132, 22, -124, 39.619506
-128, 28, -130, 39.624664
-128, 28, -130, 39.62973
-131, 23, -127, 39.634399
-131, 23, -127, 39.639587
-133, 19, -129, 39.644927
8354.73840769
-133, 19, -129, 39.649871
-134, 24, -134, 39.654602
-134, 24, -134, 39.659667
-136, 20, -126, 39.664581
-136, 20, -126, 39.669433
-127, 23, -125, 39.674438
-127, 23, -125, 39.679473
-134, 22, -134, 39.684783
-134, 22, -134, 39.68988
-133, 21, -131, 39.69461
8525.40650196
-133, 21, -131, 39.69931
-127, 21, -127, 39.704528
-127, 21, -127, 39.709442
-134, 22, -126, 39.714355
-134, 22, -126, 39.719451
-131, 25, -127, 39.724884
-131, 25, -127, 39.729827
-135, 19, -131, 39.734344
-135, 19, -131, 39.739379
-130, 24, -126, 39.744384
8695.95771934
-130, 24, -126, 39.749267
-129, 27, -125, 39.754394
-129, 27, -125, 39.75949
-126, 26, -124, 39.764648
-126, 26, -124, 39.769836
-130, 20, -124, 39.774291
-130, 20, -124, 39.779235
-131, 25, -125, 39.784271
-131, 25, -125, 39.789337
-133, 27, -125, 39.794311
8865.1580511
-133, 27, -125, 39.799194
-133, 21, -125, 39.804626
-133, 21, -125, 39.809692
-132, 26, -126, 39.814208
-132, 26, -126, 39.819183
-134, 20, -130, 39.824432
-134, 20, -130, 39.829162
-135, 21, -127, 39.834197
-135, 21, -127, 39.839263
-132, 28, -124, 39.844482
9035.32377393
-132, 28, -124, 39.849609
-132, 22, -128, 39.854278
-132, 22, -128, 39.859222
-132, 24, -130, 39.864349
-132, 24, -130, 39.869171
-131, 23, -125, 39.874084
-131, 23, -125, 39.879028
-131, 29, -123, 39.887664
-131, 29, -123, 39.894378
-132, 24, -126, 39.899353
9204.65427334
-132, 24, -126, 39.904357
-138, 26, -128, 39.909088
-138, 26, -128, 39.914031
-127, 25, -125, 39.919189
-127, 25, -125, 39.924591
-132, 22, -128, 39.929534
-132, 22, -128, 39.934051
-135, 25, -127, 39.938964
-135, 25, -127, 39.94403
-134, 18, -124, 39.948944
9374.50688877
-134, 26, -124, 39.958923
-134, 26, -124, 39.964416
-133, 25, -127, 39.96939
-133, 25, -127, 39.973937
-134, 22, -130, 39.978851
-134, 22, -130, 39.984191
-133, 27, -125, 39.98883
-133, 27, -125, 39.993988
-134, 24, -124, 39.99887
-134, 24, -124, 40.004272
9543.99109224
-136, 26, -126, 40.00949
-136, 26, -126, 40.013885
-137, 19, -129, 40.019073
-137, 19, -129, 40.023864
-133, 21, -123, 40.028839
-133, 21, -123, 40.033813
-130, 30, -130, 40.038696
-130, 30, -130, 40.044158
-135, 31, -125, 40.049407
-135, 31, -125, 40.05371
9713.26750959
-135, 29, -125, 40.058837
-135, 29, -125, 40.063812
-130, 24, -126, 40.068756
-130, 24, -126, 40.073699
-133, 23, -125, 40.078765
-133, 23, -125, 40.084259
-132, 24, -126, 40.089019
-132, 24, -126, 40.09378
-136, 28, -124, 40.098693
-136, 28, -124, 40.103698
9882.40097552
-142, 28, -128, 40.108642
-142, 28, -128, 40.113769
-137, 23, -123, 40.118743
-137, 23, -123, 40.124145
-134, 20, -128, 40.129028
-134, 20, -128, 40.133636
-134, 26, -126, 40.138519
-134, 26, -126, 40.143829
-130, 26, -124, 40.148712
-130, 26, -124, 40.153472
10052.1082561
-131, 23, -123, 40.158874
-131, 23, -123, 40.16397
-131, 25, -127, 40.168884
-131, 25, -127, 40.173583
-134, 28, -122, 40.178649
-134, 28, -122, 40.183746
-136, 32, -130, 40.188476
-136, 32, -130, 40.193481
-134, 28, -126, 40.198547
-134, 28, -126, 40.203826
10220.5868277
-133, 23, -123, 40.209289
-133, 23, -123, 40.213653
-129, 27, -131, 40.218261
-129, 27, -131, 40.223541
-132, 26, -122, 40.228424
-132, 26, -122, 40.233398
-137, 27, -129, 40.238372
-137, 27, -129, 40.243896
-131, 25, -127, 40.248992
-131, 25, -127, 40.25354
10389.6411666
-135, 25, -127, 40.258331
-135, 25, -127, 40.263427
-133, 25, -125, 40.268249
-133, 25, -125, 40.273345
-133, 23, -129, 40.278533
-133, 23, -129, 40.283569
-134, 26, -130, 40.288757
-134, 26, -130, 40.293365
-133, 27, -127, 40.298278
-133, 27, -127, 40.303375
10558.9603948
-133, 23, -125, 40.308715
-133, 23, -125, 40.313415
-134, 22, -122, 40.318359
-134, 22, -122, 40.32376
-136, 28, -128, 40.328613
-136, 28, -128, 40.333251
-132, 24, -134, 40.338287
-132, 24, -134, 40.343414
-131, 23, -127, 40.348144
-131, 23, -127, 40.35321
10728.7542583
-133, 23, -121, 40.363555
-129, 25, -127, 40.36856
-129, 25, -127, 40.373168
-129, 25, -125, 40.378356
-129, 25, -125, 40.383209
-123, 23, -127, 40.388153
-123, 23, -127, 40.393127
-134, 30, -126, 40.39804
-134, 30, -126, 40.403564
-129, 25, -129, 40.40863
10897.6471692
-129, 25, -129, 40.413116
-134, 18, -126, 40.41809
-134, 18, -126, 40.423156
-138, 24, -128, 40.428009
-138, 24, -128, 40.433074
-128, 24, -128, 40.438079
-128, 24, -128, 40.443572
-126, 22, -128, 40.448333
-126, 22, -128, 40.453094
-126, 26, -130, 40.457946
11067.7765371
-126, 26, -130, 40.463287
-131, 23, -125, 40.467956
-131, 23, -125, 40.473205
-128, 22, -126, 40.477935
-128, 22, -126, 40.483367
-128, 24, -128, 40.488311
-128, 24, -128, 40.492919
-129, 19, -127, 40.497894
-129, 19, -127, 40.503051
-123, 25, -125, 40.508087
11237.7200886
-123, 25, -125, 40.513183
-131, 23, -129, 40.517883
-131, 23, -129, 40.528137
-128, 20, -130, 40.533294
-128, 20, -130, 40.538269
-132, 20, -136, 40.543304
-132, 20, -136, 40.548034
-127, 23, -127, 40.552856
-127, 23, -127, 40.557861
-126, 12, -124, 40.563201
11408.4833978
-126, 12, -124, 40.56842
-133, 19, -121, 40.572906
-133, 19, -121, 40.577789
-126, 16, -134, 40.582824
-126, 16, -134, 40.587799
-125, 17, -131, 40.592803
-125, 17, -131, 40.597869
-124, 16, -128, 40.60324
-124, 16, -128, 40.608032
-126, 24, -130, 40.612792
11580.7682575
-126, 24, -130, 40.617736
-131, 19, -129, 40.622711
-131, 19, -129, 40.627685
-127, 17, -129, 40.637786
-121, 13, -127, 40.643035
-121, 13, -127, 40.648071
-126, 12, -130, 40.652648
-126, 12, -130, 40.657623
-120, 14, -128, 40.66278
-120, 14, -128, 40.667694
11753.6316528
-125, 17, -129, 40.672698
-125, 17, -129, 40.677642
-131, 19, -131, 40.683074
-131, 19, -131, 40.687988
-129, 13, -127, 40.692626
-129, 13, -127, 40.697631
-129, 15, -127, 40.702758
-129, 15, -127, 40.70758
-126, 16, -128, 40.712615
-126, 16, -128, 40.717468
11926.5075505
-127, 17, -131, 40.7229
-127, 17, -131, 40.727935
-125, 13, -127, 40.732513
-125, 13, -127, 40.737701
-127, 19, -127, 40.742523
-127, 19, -127, 40.747497
-126, 14, -128, 40.75238
-126, 14, -128, 40.757476
-122, 20, -128, 40.762847
-122, 20, -128, 40.768005
12098.9636074
-127, 15, -131, 40.772491
-127, 15, -131, 40.777526
-125, 9, -131, 40.782348
-125, 9, -131, 40.787475
-127, 11, -131, 40.792449
-127, 11, -131, 40.797393
-120, 16, -130, 40.802764
-120, 16, -130, 40.807769
-126, 12, -130, 40.812347
-126, 12, -130, 40.817352
12273.1958648
-131, 15, -129, 40.822357
-131, 15, -129, 40.827362
-125, 11, -127, 40.832458
-125, 11, -127, 40.837463
-129, 15, -129, 40.842742
-129, 15, -129, 40.847717
-122, 10, -132, 40.852325
-122, 10, -132, 40.857299
-129, 17, -133, 40.862213
-129, 17, -133, 40.867431
12447.1186175
-130, 14, -130, 40.872253
-130, 14, -130, 40.877288
-129, 11, -129, 40.882537
-129, 11, -129, 40.887756
-127, 11, -129, 40.892211
-127, 11, -129, 40.897308
-125, 13, -127, 40.902374
-125, 13, -127, 40.907226
-126, 12, -124, 40.912139
-126, 12, -124, 40.917114
12621.6490564
-134, 6, -132, 40.922576
-134, 6, -132, 40.927581
-123, 13, -129, 40.932495
-123, 13, -129, 40.937194
-125, 13, -125, 40.942138
-125, 13, -125, 40.947052
-123, 15, -129, 40.952026
-123, 15, -129, 40.957122
-120, 14, -128, 40.962615
-120, 14, -128, 40.967681
12796.0208393
-123, 11, -131, 40.972229
-123, 11, -131, 40.97702
-129, 13, -131, 40.982055
-129, 13, -131, 40.98706
-130, 18, -126, 40.991912
-130, 18, -126, 40.997314
-125, 9, -127, 41.00241
-125, 9, -127, 41.007415
-126, 18, -128, 41.011993
-126, 18, -128, 41.016937
12969.8217033
-125, 11, -133, 41.022247
-125, 11, -133, 41.027099
-125, 13, -133, 41.032043
-125, 13, -133, 41.036987
-132, 18, -126, 41.042358
-132, 18, -126, 41.047241
-133, 17, -127, 41.052032
-133, 17, -127, 41.056854
-125, 17, -129, 41.062225
-125, 17, -129, 41.066925
13143.0697716
-128, 14, -126, 41.072174
-128, 14, -126, 41.076904
-126, 14, -124, 41.082336
-126, 14, -124, 41.08731
-126, 16, -126, 41.092132
-126, 16, -126, 41.096984
-128, 14, -128, 41.101928
-128, 14, -128, 41.10675
-132, 8, -130, 41.111755
-132, 8, -130, 41.116821
13317.1640843
-127, 9, -133, 41.122222
-127, 9, -133, 41.127563
-122, 10, -130, 41.131713
-122, 10, -130, 41.13684
-132, 14, -130, 41.141693
-132, 14, -130, 41.146728
-125, 5, -135, 41.151733
-125, 5, -135, 41.156768
-125, 15, -131, 41.166381
-125, 15, -131, 41.172302
13492.3788264
-124, 16, -130, 41.17691
-124, 16, -130, 41.182128
-123, 11, -135, 41.186676
-123, 11, -135, 41.191894
-123, 15, -135, 41.19696
-123, 15, -135, 41.202026
-125, 9, -135, 41.207122
-125, 9, -135, 41.211669
-120, 10, -130, 41.216583
-120, 10, -130, 41.221527
13666.7194565
-124, 14, -134, 41.22705
-124, 14, -134, 41.231719
-120, 12, -132, 41.23648
-120, 12, -132, 41.241912
-123, 9, -133, 41.24707
-123, 9, -133, 41.251556
-121, 7, -135, 41.256622
-121, 7, -135, 41.261596
-129, 9, -127, 41.26654
-129, 9, -127, 41.271453
13841.9918118
-127, 7, -131, 41.276916
-127, 7, -131, 41.281829
-119, 15, -135, 41.287017
-119, 15, -135, 41.291656
-117, 9, -127, 41.296508
-117, 9, -127, 41.301483
-123, 9, -129, 41.306396
-123, 9, -129, 41.311401
-112, 6, -134, 41.316345
-112, 6, -134, 41.321899
14017.5941167
-118, 8, -134, 41.327178
-118, 8, -134, 41.331542
-123, 9, -127, 41.336273
-123, 9, -127, 41.3414
-128, 12, -132, 41.346313
-128, 12, -132, 41.351287
-120, 6, -134, 41.356445
-120, 6, -134, 41.361755
-113, 5, -129, 41.366821
-113, 5, -129, 41.371368
14193.8312196
-119, 7, -137, 41.376525
-119, 7, -137, 41.381347
-125, 7, -135, 41.386566
-125, 7, -135, 41.391326
-122, 2, -132, 41.39627
-122, 2, -132, 41.401733
-119, 1, -131, 41.406738
-119, 1, -131, 41.411315
-123, 9, -127, 41.416168
-123, 9, -127, 41.421356
14371.3959197
-133, 3, -129, 41.426239
-133, 3, -129, 41.431152
-121, 7, -133, 41.436157
-121, 7, -133, 41.441558
-122, 6, -130, 41.446594
-122, 6, -130, 41.451446
-120, 4, -130, 41.456176
-120, 4, -130, 41.461242
-120, 0, -132, 41.466064
-120, 0, -132, 41.471099
14549.5304458
-119, -1, -135, 41.476104
-119, -1, -135, 41.481414
-130, 0, -136, 41.486724
-130, 0, -136, 41.49118
-121, 1, -135, 41.495971
-121, 1, -135, 41.501098
-122, 2, -136, 41.506103
-122, 2, -136, 41.511016
-124, -4, -128, 41.516082
-124, -4, -128, 41.521575
14729.713691
-126, 4, -130, 41.526367
-126, 4, -130, 41.53125
-120, 0, -130, 41.536041
-120, 0, -130, 41.541046
-125, -1, -135, 41.545928
-125, -1, -135, 41.551116
-127, -3, -135, 41.55603
-124, 0, -132, 41.566406
-124, 0, -132, 41.571014
-120, 2, -130, 41.575836
14909.4814757
-120, 2, -130, 41.580932
-120, 0, -132, 41.586029
-120, 0, -132, 41.590972
-125, 5, -131, 41.596008
-125, 5, -131, 41.601318
-122, 0, -134, 41.606353
-122, 0, -134, 41.610839
-121, 7, -133, 41.615936
-121, 7, -133, 41.620971
-124, -2, -132, 41.625823
15088.3580849
-124, -2, -132, 41.630889
-123, -3, -135, 41.635894
-123, -3, -135, 41.641113
-125, -5, -133, 41.646148
-125, -5, -133, 41.650909
-121, 1, -133, 41.655792
-121, 1, -133, 41.660949
-122, 0, -130, 41.66574
-122, 0, -130, 41.670745
-117, -1, -135, 41.675659
15269.142225
-117, -1, -135, 41.681213
-123, -1, -135, 41.686218
-123, -1, -135, 41.690795
-122, 4, -132, 41.695648
-122, 4, -132, 41.700805
-127, -1, -129, 41.705627
-127, -1, -129, 41.710601
-116, -4, -136, 41.715759
-116, -4, -136, 41.721069
-125, -3, -133, 41.726135
15449.531388
-125, -3, -133, 41.730682
-121, -1, -129, 41.735626
-121, -1, -129, 41.740631
-122, 0, -132, 41.745727
-122, 0, -132, 41.750579
-124, -4, -132, 41.755554
-124, -4, -132, 41.761016
-123, -1, -131, 41.765991
-123, -1, -131, 41.770538
-124, -2, -128, 41.775634
15630.3185101
-124, -2, -128, 41.781188
-128, -4, -132, 41.785552
-128, -4, -132, 41.790496
-126, 0, -134, 41.795471
-126, 0, -134, 41.803741
-122, -2, -132, 41.808532
-122, -2, -132, 41.810943
-122, -2, -132, 41.815582
-126, 2, -130, 41.820922
-126, 2, -130, 41.825653
15810.8686872
-126, 0, -134, 41.83554
-123, 1, -131, 41.840911
-123, 1, -131, 41.845886
-126, 2, -132, 41.850433
-126, 2, -132, 41.855285
-123, -7, -127, 41.865356
-126, 0, -128, 41.870269
-126, 0, -128, 41.875427
-122, -4, -128, 41.880828
-122, -4, -128, 41.885559
15991.2949169
-130, -2, -136, 41.890686
-130, -2, -136, 41.895355
-124, -2, -128, 41.900329
-124, -2, -128, 41.905303
-130, -6, -130, 41.910522
-130, -6, -130, 41.915252
-131, 1, -125, 41.920684
-131, 1, -125, 41.925476
-127, -3, -131, 41.930267
-127, -3, -131, 41.935119
16172.3675912
-128, 0, -126, 41.940551
-128, 0, -126, 41.945281
-125, -3, -131, 41.950164
-125, -3, -131, 41.95523
-127, -5, -127, 41.960632
-127, -5, -127, 41.965393
-124, 0, -124, 41.970184
-124, 0, -124, 41.975341
-132, -2, -126, 41.980224
-132, -2, -126, 41.985168
16353.2669321
-129, -1, -133, 41.990142
-129, -1, -133, 41.995117
-131, -3, -125, 42.00061
-131, -3, -125, 42.005462
-127, -1, -131, 42.010162
-127, -1, -131, 42.015014
-127, -5, -129, 42.020172
-127, -5, -129, 42.025054
-130, -8, -132, 42.029998
-130, -8, -132, 42.035003
16534.8634212
-127, -3, -129, 42.040679
-127, -3, -129, 42.045532
-123, -3, -131, 42.050079
-123, -3, -131, 42.054931
-128, -2, -126, 42.060058
-128, -2, -126, 42.06488
-124, -8, -130, 42.069946
-124, -8, -130, 42.075103
-132, -4, -130, 42.080322
-132, -4, -130, 42.085235
16716.6777982
-128, 4, -130, 42.09024
-128, 4, -130, 42.094848
-131, 1, -125, 42.099975
-131, 1, -125, 42.105133
-127, -1, -129, 42.109832
-127, -1, -129, 42.114868
-131, 1, -125, 42.120391
-131, 1, -125, 42.125061
-133, -1, -127, 42.130004
-133, -1, -127, 42.134857
16896.3212858
-125, 3, -127, 42.140106
-125, 3, -127, 42.144805
-140, 0, -130, 42.149841
-140, 0, -130, 42.154815
-138, 2, -130, 42.160156
-138, 2, -130, 42.165069
-129, 3, -129, 42.170013
-129, 3, -129, 42.174682
-136, -2, -124, 42.17984
-136, -2, -124, 42.184722
17075.7823466
-132, -2, -128, 42.189758
-132, -2, -128, 42.194824
-127, 1, -127, 42.200225
-127, 1, -127, 42.205078
-134, -6, -128, 42.209655
-134, -6, -128, 42.214691
-132, 0, -128, 42.219787
-132, 0, -128, 42.224609
-129, -3, -125, 42.229736
-129, -3, -125, 42.234832
17256.6448367
-131, -3, -135, 42.240264
-131, -3, -135, 42.244873
-126, -4, -132, 42.249694
-126, -4, -132, 42.254547
-134, 2, -128, 42.259796
-134, 2, -128, 42.264678
-134, 0, -132, 42.269775
-134, 0, -132, 42.274505
-130, -2, -126, 42.280029
-130, -2, -126, 42.284881
17437.2760454
-130, 6, -126, 42.28952
-130, 6, -126, 42.294525
-126, -2, -124, 42.299804
-126, -2, -124, 42.304443
-131, 3, -131, 42.309539
-131, 3, -131, 42.314575
-128, -6, -122, 42.319885
-128, -6, -122, 42.324676
-133, 5, -131, 42.329681
-133, 5, -131, 42.334594
17616.7732274
-128, 6, -130, 42.3497
-128, 6, -130, 42.35437
-130, 4, -130, 42.359832
-130, 4, -130, 42.364868
-130, -2, -130, 42.369415
-130, -2, -130, 42.374389
-123, 7, -123, 42.379547
-123, 7, -123, 42.384338
-131, -1, -127, 42.389282
-131, -1, -127, 42.394409
17795.4963327
-127, 3, -127, 42.400238
-127, 3, -127, 42.404541
-134, 2, -128, 42.409423
-134, 2, -128, 42.414337
-127, 9, -133, 42.419311
-127, 9, -133, 42.424255
-125, 5, -125, 42.429504
-125, 5, -125, 42.434234
-121, 1, -129, 42.44281
-121, 1, -129, 42.447204
17973.6912908
-121, 1, -129, 42.449584
-130, 4, -136, 42.454345
-130, 4, -136, 42.459686
-129, 3, -129, 42.464477
-129, 3, -129, 42.469207
-127, 1, -135, 42.474395
-127, 1, -135, 42.479644
-126, 2, -132, 42.484436
-126, 2, -132, 42.489196
-126, 8, -132, 42.494354
18152.3897699
-126, 8, -132, 42.499206
-136, 4, -132, 42.50415
-136, 4, -132, 42.509185
-132, 0, -130, 42.514099
-132, 0, -130, 42.5195
-127, -3, -133, 42.524414
-127, -3, -133, 42.529266
-122, 0, -132, 42.533996
-122, 0, -132, 42.539154
-130, 10, -134, 42.544067
18331.5202747
-130, 10, -134, 42.54898
-130, -2, -130, 42.554016
-130, -2, -130, 42.559661
-127, 5, -133, 42.56427
-127, 5, -133, 42.569061
-132, 4, -128, 42.574035
-132, 4, -128, 42.579071
-127, 3, -127, 42.583953
-127, 3, -127, 42.58905
-130, 0, -132, 42.594146
18510.1880503
-130, 0, -132, 42.5997
-123, 1, -127, 42.604187
-123, 1, -127, 42.609008
-130, 6, -120, 42.613861
-130, 6, -120, 42.618988
-126, 6, -126, 42.624023
-126, 6, -126, 42.629058
-129, 11, -133, 42.633941
-129, 11, -133, 42.639343
-126, 8, -132, 42.644134
18687.6831624
-126, 8, -132, 42.648956
-126, 8, -130, 42.653808
-126, 8, -130, 42.659118
-130, 6, -130, 42.663787
-130, 6, -130, 42.668853
-131, 5, -131, 42.673858
-131, 5, -131, 42.679199
-131, 5, -131, 42.684051
-131, 5, -131, 42.688903
-128, 12, -126, 42.693908
18864.6550148
-128, 12, -126, 42.699218
-130, 10, -126, 42.703796
-130, 10, -126, 42.70874
-129, 3, -131, 42.713714
-129, 3, -131, 42.719177
-128, 2, -132, 42.724121
-128, 2, -132, 42.72879
-132, 6, -134, 42.733703
-132, 6, -134, 42.7388
-134, 4, -124, 42.743621
19042.1028686
-134, 4, -124, 42.748718
-128, 8, -132, 42.753753
-128, 8, -132, 42.759216
-126, 8, -130, 42.763946
-126, 8, -130, 42.768768
-134, 10, -126, 42.77359
-134, 10, -126, 42.778717
-125, 9, -129, 42.78363
-125, 9, -129, 42.788726
-130, 14, -128, 42.79367
19218.1982997
-130, 14, -128, 42.799011
-131, 11, -125, 42.803863
-131, 11, -125, 42.808532
-134, 10, -128, 42.813537
-134, 10, -128, 42.818725
-132, 12, -128, 42.82373
-132, 12, -128, 42.828582
-127, 7, -127, 42.833557
-127, 7, -127, 42.838897
-131, 5, -121, 42.84378
19393.8818052
-131, 5, -121, 42.848846
-126, 10, -130, 42.853607
-126, 10, -130, 42.858551
-125, 7, -129, 42.863586
-125, 7, -129, 42.868469
-130, 6, -128, 42.873443
-130, 6, -128, 42.878906
-124, 6, -132, 42.883666
-124, 6, -132, 42.88861
-122, 8, -126, 42.893432
19570.6570516
-122, 8, -126, 42.898803
-129, 9, -133, 42.903381
-129, 9, -133, 42.908386
-132, 12, -128, 42.913421
-132, 12, -128, 42.918914
-125, 1, -125, 42.923889
-125, 1, -125, 42.928375
-125, 9, -129, 42.933349
-125, 9, -129, 42.938385
-128, 6, -128, 42.943298
19747.2612727
-128, 6, -128, 42.948577
-126, 12, -126, 42.95343
-126, 12, -126, 42.958709
-125, 5, -129, 42.963653
-125, 5, -129, 42.968292
-130, 8, -128, 42.973266
-130, 8, -128, 42.978393
-127, 11, -125, 42.983398
-127, 11, -125, 42.98822
-133, 7, -131, 42.993347
19923.4512318
-133, 7, -131, 42.998626
-133, 5, -129, 43.003509
-133, 5, -129, 43.008453
-131, 9, -127, 43.013214
-131, 9, -127, 43.018432
-128, 8, -130, 43.023162
-128, 8, -130, 43.028228
-135, 9, -131, 43.033142
-135, 9, -131, 43.038543
-134, 6, -126, 43.043487
20100.1990158
-134, 6, -126, 43.048278
-129, 5, -133, 43.053375
-129, 5, -133, 43.058258
-131, 5, -131, 43.06311
-131, 5, -131, 43.068084
-134, 10, -130, 43.073059
-134, 10, -130, 43.081634
-132, 4, -132, 43.085968
-132, 4, -132, 43.088165
-132, 4, -132, 43.0932
20277.6874074
-135, 3, -129, 43.09848
-135, 3, -129, 43.103027
-132, 10, -122, 43.108093
-132, 10, -122, 43.113006
-140, 4, -136, 43.11853
-140, 4, -136, 43.123291
-128, 8, -130, 43.128051
-128, 8, -130, 43.132904
-136, 6, -128, 43.138153
-136, 6, -128, 43.142852
20455.0186827
-132, 4, -130, 43.148284
-132, 4, -130, 43.152923
-129, 11, -131, 43.158416
-129, 11, -131, 43.163177
-131, 1, -129, 43.167999
-131, 1, -129, 43.172912
-134, 8, -130, 43.178039
-134, 8, -130, 43.183074
-131, 7, -125, 43.187866
-131, 7, -125, 43.192901
20632.3143823
-134, 8, -128, 43.198699
-134, 8, -128, 43.203125
-134, 10, -134, 43.207885
-134, 10, -134, 43.212951
-132, 6, -132, 43.217834
-132, 6, -132, 43.222839
-131, 5, -127, 43.227783
-131, 5, -127, 43.232788
-131, 3, -129, 43.23825
-131, 3, -129, 43.243133
20809.5575856
-126, 8, -128, 43.248352
-126, 8, -128, 43.252746
-127, 5, -129, 43.257873
-127, 5, -129, 43.262878
-133, 11, -131, 43.267761
-133, 11, -131, 43.272674
-135, 9, -129, 43.278289
-135, 9, -129, 43.282958
-132, 12, -128, 43.28778
-132, 12, -128, 43.292663
20985.6329308
-130, 12, -128, 43.29776
-130, 12, -128, 43.302703
-131, 17, -131, 43.307678
-131, 17, -131, 43.312744
-132, 6, -130, 43.318084
-132, 6, -130, 43.322906
-135, 13, -135, 43.327789
-135, 13, -135, 43.33258
-134, 12, -130, 43.337707
-134, 12, -130, 43.342712
21160.4554399
-134, 8, -120, 43.347991
-134, 8, -120, 43.3526
-131, 17, -129, 43.35794
-131, 17, -129, 43.362792
-136, 14, -134, 43.367645
-136, 14, -134, 43.372436
-130, 12, -134, 43.377716
-130, 12, -134, 43.382507
-131, 11, -133, 43.387542
-131, 11, -133, 43.392608
21335.1032431
-129, 7, -133, 43.397949
-129, 7, -133, 43.402862
-127, 7, -133, 43.407714
-127, 7, -133, 43.412658
-127, 11, -139, 43.417663
-127, 11, -139, 43.422485
-131, 11, -127, 43.427459
-131, 11, -127, 43.432434
-128, 8, -128, 43.437805
-128, 8, -128, 43.44284
21511.1859293
-127, 9, -131, 43.447479
-127, 9, -131, 43.452423
-122, 10, -136, 43.457458
-122, 10, -136, 43.462493
-119, 5, -137, 43.467346
-119, 5, -137, 43.472564
-124, 6, -130, 43.477905
-124, 6, -130, 43.482635
-129, 5, -129, 43.487365
-129, 5, -129, 43.492279
21687.9590194
-122, 2, -138, 43.497436
-122, 2, -138, 43.502258
-118, 4, -138, 43.507415
-118, 4, -138, 43.512237
-123, 3, -133, 43.5177
-123, 3, -133, 43.522583
-126, 2, -136, 43.527435
-126, 2, -136, 43.532165
-122, 4, -134, 43.537506
-122, 4, -134, 43.542602
21866.546147
-127, -1, -129, 43.547302
-127, -1, -129, 43.552124
-127, 1, -135, 43.557617
-127, 1, -135, 43.56253
-129, 1, -129, 43.567199
-129, 1, -129, 43.572265
-126, 4, -136, 43.577209
-126, 4, -136, 43.582183
-129, 7, -131, 43.587249
-129, 7, -131, 43.592071
22045.4725424
-129, 3, -131, 43.597656
-129, 3, -131, 43.602752
-127, 13, -133, 43.607299
-127, 13, -133, 43.612213
-132, 8, -132, 43.617126
-132, 8, -132, 43.62207
-132, 8, -128, 43.627105
-132, 8, -128, 43.632019
-133, 11, -133, 43.637573
-133, 11, -133, 43.642547
22221.7044449
-140, 10, -134, 43.65213
-133, 11, -131, 43.657196
-133, 11, -131, 43.661956
-134, 14, -124, 43.667053
-134, 14, -124, 43.672058
-138, 14, -126, 43.677459
-138, 14, -126, 43.682373
-134, 14, -122, 43.687042
-134, 14, -122, 43.692016
-134, 16, -128, 43.69696
22396.1251738
-134, 16, -128, 43.702026
-138, 12, -132, 43.706878
-138, 12, -132, 43.711914
-129, 11, -125, 43.720611
-129, 11, -125, 43.725311
-129, 11, -125, 43.727569
-139, 19, -131, 43.731811
-139, 19, -131, 43.737335
-138, 14, -124, 43.742187
-138, 14, -124, 43.746856
22570.2730276
-138, 16, -126, 43.752197
-138, 16, -126, 43.757232
-135, 13, -127, 43.762298
-135, 13, -127, 43.766998
-134, 20, -126, 43.771972
-134, 20, -126, 43.776947
-133, 23, -125, 43.781738
-133, 23, -125, 43.786743
-138, 18, -122, 43.791717
-138, 18, -122, 43.797149
22742.7040771
-134, 18, -126, 43.802429
-134, 18, -126, 43.806884
-134, 16, -124, 43.811645
-134, 16, -124, 43.816833
-138, 14, -126, 43.821716
-138, 14, -126, 43.826629
-131, 17, -125, 43.831848
-131, 17, -125, 43.837097
-135, 17, -125, 43.842193
-135, 17, -125, 43.846801
22915.7394728
-134, 16, -124, 43.851623
-134, 16, -124, 43.856689
-135, 17, -125, 43.861694
-135, 17, -125, 43.86679
-135, 21, -131, 43.871643
-135, 21, -131, 43.876953
-130, 18, -124, 43.88211
-130, 18, -124, 43.886688
-132, 20, -128, 43.89154
-132, 20, -128, 43.896728
23087.8742386
-137, 11, -127, 43.901855
-137, 11, -127, 43.906585
-135, 23, -125, 43.91159
-135, 23, -125, 43.916961
-134, 12, -120, 43.921997
-134, 12, -120, 43.926666
-130, 14, -126, 43.93164
-130, 14, -126, 43.936614
-128, 20, -126, 43.941497
-128, 20, -126, 43.946472
23260.9936225
-137, 23, -129, 43.951538
-137, 23, -129, 43.956848
-136, 10, -124, 43.961944
-136, 10, -124, 43.966644
-135, 15, -123, 43.971405
-135, 15, -123, 43.976593
-127, 13, -129, 43.981445
-127, 13, -129, 43.986389
-130, 14, -128, 43.991363
-130, 14, -128, 43.996887
23434.5803955
-132, 12, -128, 44.001708
-132, 12, -128, 44.006378
-134, 14, -126, 44.011413
-134, 14, -126, 44.016387
-135, 13, -127, 44.02124
-135, 13, -127, 44.026641
-138, 16, -128, 44.031402
-138, 16, -128, 44.036682
-133, 15, -123, 44.0419
-133, 15, -123, 44.046417
23608.6390371
-131, 13, -131, 44.051177
-131, 13, -131, 44.056274
-130, 14, -128, 44.06134
-130, 14, -128, 44.066345
-131, 13, -127, 44.071197
-131, 13, -127, 44.076721
-132, 12, -128, 44.081726
-132, 12, -128, 44.086242
-135, 9, -125, 44.091186
-135, 9, -125, 44.096466
23783.3412446
-136, 6, -124, 44.101165
-136, 6, -124, 44.106231
-136, 8, -124, 44.111175
-136, 8, -124, 44.116485
-132, 10, -128, 44.12152
-132, 10, -128, 44.126342
-130, 6, -126, 44.131195
-130, 6, -126, 44.136169
-134, 8, -130, 44.141082
-134, 8, -130, 44.146179
23960.0845888
-124, 8, -130, 44.156433
-133, 7, -119, 44.161621
-133, 7, -119, 44.166107
-138, 6, -124, 44.171051
-138, 6, -124, 44.176147
-131, 7, -133, 44.180938
-131, 7, -133, 44.186065
-130, 14, -136, 44.191131
-130, 14, -136, 44.196411
-134, 10, -130, 44.201629
24136.3472771
-134, 10, -130, 44.206054
-128, 18, -128, 44.210968
-128, 18, -128, 44.216003
-129, 15, -131, 44.220916
-129, 15, -131, 44.226135
-125, 17, -131, 44.230865
-125, 17, -131, 44.236328
-125, 17, -133, 44.24121
-125, 17, -133, 44.24591
-121, 15, -131, 44.250854
24309.1886278
-121, 15, -131, 44.256256
-124, 12, -136, 44.261016
-124, 12, -136, 44.265808
-121, 7, -129, 44.270874
-121, 7, -129, 44.276275
-122, 16, -136, 44.28128
-122, 16, -136, 44.28598
-122, 12, -134, 44.290985
-122, 12, -134, 44.295806
-121, 19, -135, 44.300811
24483.2041787
-121, 19, -135, 44.305816
-125, 13, -127, 44.310729
-125, 13, -127, 44.316162
-124, 10, -136, 44.321411
-124, 10, -136, 44.325836
-121, 17, -129, 44.330688
-121, 17, -129, 44.335876
-114, 6, -134, 44.340728
-114, 6, -134, 44.345642
-117, 11, -133, 44.350738
24657.4631623
-117, 11, -133, 44.360229
-125, 15, -127, 44.366058
-125, 15, -127, 44.370819
-121, 17, -133, 44.375854
-121, 17, -133, 44.380767
-123, 15, -133, 44.386199
-123, 15, -133, 44.390777
-125, 13, -133, 44.395996
-125, 13, -133, 44.401397
-124, 10, -132, 44.405639
24830.9190203
-124, 10, -132, 44.410491
-123, 15, -127, 44.415618
-123, 15, -127, 44.420745
-128, 16, -132, 44.425506
-128, 16, -132, 44.430572
-122, 16, -134, 44.435974
-122, 16, -134, 44.440765
-124, 10, -132, 44.445587
-124, 10, -132, 44.450836
-130, 18, -138, 44.455474
25004.4377516
-130, 18, -138, 44.460784
-124, 14, -132, 44.465484
-124, 14, -132, 44.470489
-123, 19, -133, 44.475799
-123, 19, -133, 44.481109
-125, 13, -129, 44.485656
-125, 13, -129, 44.490417
-124, 16, -130, 44.495574
-124, 16, -130, 44.500488
-130, 20, -128, 44.50534
25177.0724556
-130, 20, -128, 44.510711
-125, 19, -125, 44.516021
-125, 19, -125, 44.520874
-125, 19, -131, 44.525421
-125, 19, -131, 44.530395
-128, 10, -132, 44.535461
-128, 10, -132, 44.540252
-127, 15, -129, 44.545471
-127, 15, -129, 44.550537
-132, 18, -130, 44.555694
25349.7237135
-132, 18, -130, 44.560943
-127, 17, -133, 44.565399
-127, 17, -133, 44.570281
-127, 13, -135, 44.575286
-127, 13, -135, 44.580596
-124, 18, -126, 44.585205
-124, 18, -126, 44.590209
-127, 21, -129, 44.595733
-127, 21, -129, 44.600616
-124, 14, -132, 44.605224
25522.0797137
-124, 14, -132, 44.610626
-125, 13, -131, 44.615417
-125, 13, -131, 44.620117
-130, 8, -132, 44.625244
-130, 8, -132, 44.63031
-121, 19, -129, 44.635498
-121, 19, -129, 44.640533
-129, 11, -133, 44.645263
-129, 11, -133, 44.650268
-126, 18, -134, 44.655273
25695.9713394
-126, 18, -134, 44.660156
-127, 15, -131, 44.665161
-127, 15, -131, 44.670074
-126, 18, -132, 44.675628
-126, 18, -132, 44.680603
-127, 19, -133, 44.684997
-127, 19, -133, 44.690093
-125, 19, -123, 44.695098
-125, 19, -123, 44.700012
-127, 17, -131, 44.705017
25867.9925314
-127, 17, -131, 44.710418
-126, 22, -132, 44.715576
-126, 22, -132, 44.720458
-126, 16, -132, 44.725006
-126, 16, -132, 44.730102
-124, 12, -132, 44.734985
-124, 12, -132, 44.740081
-132, 16, -128, 44.745147
-132, 16, -128, 44.749908
-128, 18, -132, 44.75534
26040.5138105
-128, 18, -132, 44.760559
-126, 18, -126, 44.764984
-126, 18, -126, 44.769958
-120, 18, -132, 44.775054
-120, 18, -132, 44.780059
-127, 13, -133, 44.785003
-127, 13, -133, 44.789886
-124, 18, -128, 44.795257
-124, 18, -128, 44.800537
-121, 17, -129, 44.80484
26212.7607613
-121, 17, -129, 44.810089
-129, 9, -131, 44.81491
-129, 9, -131, 44.819915
-123, 19, -127, 44.824859
-123, 19, -127, 44.829803
-123, 17, -129, 44.835205
-123, 17, -129, 44.840301
-122, 14, -136, 44.84497
-122, 14, -136, 44.849853
-128, 12, -130, 44.854827
26385.9880894
-128, 12, -130, 44.860046
-121, 19, -129, 44.864715
-121, 19, -129, 44.869873
-123, 15, -133, 44.875244
-123, 15, -133, 44.880187
-131, 17, -135, 44.884765
-131, 17, -135, 44.889801
-123, 17, -133, 44.894653
-123, 17, -133, 44.899719
-126, 10, -134, 44.904693
26558.7708695
-126, 10, -134, 44.910247
-125, 15, -133, 44.915069
-125, 15, -133, 44.920227
-123, 15, -123, 44.924652
-123, 15, -123, 44.929687
-130, 16, -130, 44.934692
-130, 16, -130, 44.939788
-126, 14, -132, 44.944549
-126, 14, -132, 44.949645
-123, 11, -129, 44.954956
26732.3757123
-123, 11, -129, 44.960327
-129, 9, -129, 44.964599
-129, 9, -129, 44.969543
-131, 13, -127, 44.974639
-131, 13, -127, 44.979522
-122, 16, -128, 44.984527
-122, 16, -128, 44.989562
-125, 9, -133, 44.999633
-125, 9, -133, 45.005065
-126, 14, -132, 45.009857
26906.9812093
-126, 14, -132, 45.015258
-126, 10, -134, 45.019744
-126, 10, -134, 45.024536
-120, 14, -130, 45.029815
-120, 14, -130, 45.034881
-132, 14, -132, 45.040008
-132, 14, -132, 45.044555
-118, 6, -130, 45.049407
-118, 6, -130, 45.054443
-127, 9, -123, 45.059448
27081.910537
-127, 9, -123, 45.064697
-128, 12, -128, 45.069549
-128, 12, -128, 45.074676
-126, 14, -130, 45.079803
-126, 14, -130, 45.084411
-126, 10, -138, 45.089324
-126, 10, -138, 45.09436
-128, 10, -128, 45.099304
-128, 10, -128, 45.104492
-129, 13, -133, 45.109283
27256.7896831
-129, 13, -133, 45.114868
-130, 12, -134, 45.11972
-130, 12, -134, 45.124237
-126, 8, -126, 45.129364
-126, 8, -126, 45.134338
-120, 16, -126, 45.13919
-120, 16, -126, 45.144256
-126, 12, -128, 45.14923
-126, 12, -128, 45.154541
-129, 11, -131, 45.159667
27431.33862
-129, 11, -131, 45.164276
-131, 11, -131, 45.169342
-131, 11, -131, 45.174102
-126, 8, -134, 45.179168
-126, 8, -134, 45.184112
-127, 7, -127, 45.189208
-127, 7, -127, 45.194488
-129, 7, -131, 45.199707
-129, 7, -131, 45.204223
-126, 10, -126, 45.209136
27607.4588705
-126, 10, -126, 45.214599
-124, 12, -132, 45.219116
-124, 12, -132, 45.224151
-123, 9, -133, 45.229064
-123, 9, -133, 45.234588
-130, 8, -124, 45.239562
-130, 8, -124, 45.244171
-122, 12, -130, 45.248992
-122, 12, -130, 45.25415
-126, 6, -124, 45.259094
27782.9623123
-126, 6, -124, 45.264282
-135, 3, -129, 45.269226
-135, 3, -129, 45.274353
-130, 10, -130, 45.279479
-130, 10, -130, 45.283996
-129, 9, -131, 45.288909
-129, 9, -131, 45.293975
-136, 14, -132, 45.299041
-136, 14, -132, 45.303955
-124, 8, -128, 45.30899
27959.2126833
-124, 8, -128, 45.314178
-122, 8, -128, 45.319396
-122, 8, -128, 45.324005
-127, 9, -125, 45.328796
-127, 9, -125, 45.334289
-129, 9, -123, 45.338928
-129, 9, -123, 45.343872
-131, 9, -125, 45.348785
-131, 9, -125, 45.354156
-127, 7, -125, 45.359283
28135.3829348
-127, 7, -125, 45.364013
-126, 6, -128, 45.368927
-126, 6, -128, 45.373931
-132, 8, -132, 45.378692
-132, 8, -132, 45.383819
-129, 9, -131, 45.388854
-129, 9, -131, 45.394195
-127, 11, -131, 45.399414
-127, 11, -131, 45.403839
-125, 11, -125, 45.408813
28311.5375468
-125, 11, -125, 45.413726
-127, 11, -131, 45.418701
-127, 11, -131, 45.423736
-126, 14, -124, 45.428863
-126, 14, -124, 45.434204
-126, 10, -126, 45.439239
-126, 10, -126, 45.443664
-129, 7, -129, 45.44873
-129, 7, -129, 45.453765
-127, -3, -129, 45.458587
28487.3832241
-127, -3, -129, 45.463928
-132, 4, -128, 45.468597
-132, 4, -128, 45.473999
-125, 11, -131, 45.479034
-125, 11, -131, 45.483642
-132, 8, -126, 45.488525
-132, 8, -126, 45.493774
-127, 13, -131, 45.498657
-127, 13, -131, 45.503692
-128, 6, -128, 45.508514
28664.0347699
-128, 6, -128, 45.513916
-127, 11, -125, 45.519165
-127, 11, -125, 45.523529
-130, 8, -126, 45.528839
-130, 8, -126, 45.533569
-126, 6, -132, 45.538543
-126, 6, -132, 45.543487
-132, 6, -130, 45.548492
-132, 6, -130, 45.553833
-129, 9, -131, 45.559082
28840.6073304
-129, 9, -131, 45.563629
-134, 8, -124, 45.568542
-134, 8, -124, 45.573394
-126, 6, -130, 45.578369
-126, 6, -130, 45.583435
-131, 7, -129, 45.588348
-131, 7, -129, 45.593933
-126, 4, -132, 45.598724
-126, 4, -132, 45.603424
-124, 10, -126, 45.608245
29017.5433437
-124, 10, -126, 45.613372
-127, 11, -123, 45.618347
-127, 11, -123, 45.623321
-131, 9, -125, 45.628509
-131, 9, -125, 45.638641
-135, 11, -129, 45.643585
-135, 11, -129, 45.648864
-133, 9, -125, 45.653717
-133, 9, -125, 45.658569
-132, 8, -124, 45.663238
29193.2536126
-132, 8, -124, 45.668579
-130, 6, -126, 45.673553
-130, 6, -126, 45.678802
-130, 4, -126, 45.683288
-130, 4, -126, 45.688232
-129, 9, -129, 45.693328
-129, 9, -129, 45.698242
-132, 0, -130, 45.703125
-132, 0, -130, 45.708129
-129, 9, -125, 45.713562
29370.8286177
-129, 9, -125, 45.71878
-130, 0, -130, 45.723358
-130, 0, -130, 45.728088
-130, 2, -128, 45.733184
-130, 2, -128, 45.738067
-129, 5, -123, 45.743041
-129, 5, -123, 45.748077
-131, 5, -125, 45.75354
-131, 5, -125, 45.758575
-133, -3, -129, 45.763122
29549.5014307
-133, -3, -129, 45.76831
-126, 0, -128, 45.773071
-126, 0, -128, 45.778045
-129, 5, -127, 45.782928
-129, 5, -127, 45.78833
-129, 7, -127, 45.793334
-129, 7, -127, 45.798553
-126, 6, -132, 45.802947
-126, 6, -132, 45.808013
-127, 3, -127, 45.812988
29727.8849889
-127, 3, -127, 45.818176
-122, 2, -130, 45.823059
-122, 2, -130, 45.828002
-131, 5, -125, 45.833251
-131, 5, -125, 45.838439
-127, 1, -131, 45.842987
-127, 1, -131, 45.847869
-127, 3, -127, 45.853057
-127, 3, -127, 45.857971
-124, 6, -124, 45.863006
29906.4869345
-124, 6, -124, 45.867828
-131, 3, -127, 45.87326
-131, 3, -127, 45.878448
-130, 2, -126, 45.882812
-130, 2, -126, 45.887969
-129, 7, -131, 45.892913
-129, 7, -131, 45.897827
-122, 4, -130, 45.90274
-126, 0, -126, 45.913085
-126, 0, -126, 45.918334
30084.9623514
-128, 2, -130, 45.922882
-128, 2, -130, 45.927825
-127, 5, -129, 45.932769
-127, 5, -129, 45.937713
-130, 4, -124, 45.942687
-130, 4, -124, 45.947692
-127, -3, -125, 45.953186
-127, -3, -125, 45.958251
-132, 0, -132, 45.962677
-132, 0, -132, 45.967712
30264.2505916
-130, 0, -126, 45.972961
-130, 0, -126, 45.97763
-127, 1, -129, 45.982604
-127, 1, -129, 45.987945
-129, -1, -123, 45.993103
-129, -1, -123, 45.998138
-133, -1, -123, 46.002716
-133, -1, -123, 46.007629
-139, -3, -123, 46.012542
-139, -3, -123, 46.0177
30444.5825408
-136, -2, -126, 46.02304
-136, -2, -126, 46.027587
-133, -1, -121, 46.032989
-133, -1, -121, 46.038146
-137, -3, -125, 46.042541
-137, -3, -125, 46.047546
-133, -1, -129, 46.052642
-133, -1, -129, 46.057556
-138, 0, -120, 46.062561
-138, 0, -120, 46.067443
30625.1740994
-139, -5, -129, 46.072875
-139, -5, -129, 46.077911
-136, -2, -122, 46.082641
-136, -2, -122, 46.087554
-126, 2, -124, 46.092468
-126, 2, -124, 46.097412
-134, 2, -126, 46.102416
-134, 2, -126, 46.10733
-132, -2, -126, 46.113098
-132, -2, -126, 46.11795
30805.5753111
-131, -1, -125, 46.122467
-131, -1, -125, 46.127532
-131, -5, -125, 46.132354
-131, -5, -125, 46.137359
-133, -1, -123, 46.142272
-133, -1, -123, 46.147491
-137, -3, -121, 46.15274
-137, -3, -121, 46.157775
-130, 0, -126, 46.162353
-130, 0, -126, 46.167388
30986.4368405
-131, -1, -119, 46.172271
-135, -1, -125, 46.182525
-135, -1, -125, 46.187255
-136, 4, -122, 46.192779
-136, 4, -122, 46.197692
-128, -2, -128, 46.20227
-128, -2, -128, 46.207214
-131, 1, -125, 46.212371
-131, 1, -125, 46.217193
-135, -5, -125, 46.222198
31166.5321624
-135, -5, -125, 46.227386
-126, -6, -126, 46.232635
-126, -6, -126, 46.237731
-132, -4, -128, 46.242187
-132, -4, -128, 46.247375
-132, -4, -128, 46.252197
-132, -4, -128, 46.257049
-128, 2, -118, 46.262084
-128, 2, -118, 46.267089
-125, -3, -127, 46.275573
31347.9421747
-125, -3, -127, 46.280151
-125, -3, -127, 46.282745
-134, 2, -118, 46.287384
-134, 2, -118, 46.292572
-138, -2, -120, 46.297393
-138, -2, -120, 46.302124
-137, 3, -127, 46.312561
-131, -3, -127, 46.317535
-131, -3, -127, 46.322204
-133, -1, -131, 46.327056
31528.392136
-133, -1, -131, 46.332092
-131, -1, -129, 46.336975
-131, -1, -129, 46.342102
-128, 2, -126, 46.347137
-128, 2, -126, 46.352264
-134, -2, -126, 46.357452
-134, -2, -126, 46.36203
-128, -8, -128, 46.366912
-128, -8, -128, 46.372009
-132, -4, -120, 46.377136
31709.4034192
-132, -4, -120, 46.381866
-128, -4, -128, 46.387023
-128, -4, -128, 46.392211
-130, -4, -126, 46.39743
-130, -4, -126, 46.401885
-129, -3, -127, 46.407012
-129, -3, -127, 46.411987
-130, -4, -126, 46.421813
-129, -1, -129, 46.426818
-129, -1, -129, 46.432128
31890.8188111
-132, -6, -126, 46.437469
-132, -6, -126, 46.442047
-137, -7, -127, 46.446777
-137, -7, -127, 46.451812
-130, -6, -126, 46.456817
-130, -6, -126, 46.461761
-133, -7, -129, 46.466705
-133, -7, -129, 46.47229
-128, -6, -128, 46.477325
-128, -6, -128, 46.48175
32073.591991
-130, -6, -132, 46.48703
-130, -6, -132, 46.49179
-134, -4, -130, 46.496643
-134, -4, -130, 46.501678
-138, -4, -128, 46.506866
-138, -4, -128, 46.511993
-133, -9, -129, 46.517242
-133, -9, -129, 46.521697
-129, -1, -123, 46.526794
-129, -1, -123, 46.531585
32255.6574492
-129, -1, -127, 46.53717
-129, -1, -127, 46.541625
-128, -2, -122, 46.546569
-128, -2, -122, 46.55194
-133, -9, -127, 46.557159
-133, -9, -127, 46.561584
-128, -4, -124, 46.566558
-128, -4, -124, 46.571777
-126, -2, -132, 46.576538
-126, -2, -132, 46.581573
32437.2392716
-127, -5, -127, 46.586547
-127, -5, -127, 46.591888
-130, 0, -126, 46.597045
-130, 0, -126, 46.601501
-125, 1, -129, 46.60675
-125, 1, -129, 46.611511
-129, -3, -129, 46.616546
-129, -3, -129, 46.621459
-127, -3, -129, 46.626373
-127, -3, -129, 46.631774
32618.1355072
-127, -7, -131, 46.637207
-127, -7, -131, 46.641479
-128, 2, -128, 46.646423
-128, 2, -128, 46.651519
-125, -3, -135, 46.656402
-125, -3, -135, 46.661468
-129, 3, -129, 46.666473
-129, 3, -129, 46.671905
-127, -1, -127, 46.676879
-127, -1, -127, 46.681427
32798.6861617
-130, -2, -126, 46.686401
-130, -2, -126, 46.691375
-126, 0, -130, 46.696319
-126, 0, -130, 46.701446
-124, 4, -126, 46.706237
-124, 4, -126, 46.711669
-129, -3, -133, 46.716705
-129, -3, -133, 46.721313
-123, -3, -131, 46.726348
-123, -3, -131, 46.731384
32979.0387097
-121, -1, -127, 46.736785
-121, -1, -127, 46.741149
-136, 0, -124, 46.746215
-136, 0, -124, 46.751586
-123, 3, -131, 46.756683
-123, 3, -131, 46.761322
-126, 2, -124, 46.766418
-126, 2, -124, 46.771148
-128, 8, -128, 46.776184
-128, 8, -128, 46.781127
33157.9568617
-127, -5, -129, 46.786346
-127, -5, -129, 46.791564
-118, 6, -128, 46.796783
-118, 6, -128, 46.80133
-128, 2, -128, 46.806091
-128, 2, -128, 46.811126
-128, -2, -126, 46.816162
-128, -2, -126, 46.820983
-126, 0, -136, 46.826049
-126, 0, -136, 46.831665
33337.8255786
-129, 3, -131, 46.836517
-129, 3, -131, 46.841156
-131, 3, -129, 46.84613
-131, 3, -129, 46.851013
-121, 5, -133, 46.855957
-121, 5, -133, 46.861022
-123, 1, -131, 46.866149
-134, -4, -130, 46.876647
-134, -4, -130, 46.881011
-121, -5, -133, 46.885986
33517.3555746
-121, -5, -133, 46.891113
-126, 6, -138, 46.896209
-126, 6, -138, 46.900878
-123, 3, -127, 46.905975
-123, 3, -127, 46.914215
-126, 0, -126, 46.918853
-126, 0, -126, 46.921569
-126, 0, -126, 46.926391
-119, 3, -129, 46.931549
-119, 3, -129, 46.935943
33696.4787055
-129, 5, -131, 46.941223
-129, 5, -131, 46.946014
-126, 0, -130, 46.951171
-126, 0, -130, 46.95639
-122, -4, -134, 46.96109
-122, -4, -134, 46.96582
-128, -8, -130, 46.970886
-128, -8, -130, 46.975891
-124, 0, -128, 46.980773
-124, 0, -128, 46.985778
33877.1255261
-125, 1, -127, 46.991424
-125, 1, -127, 46.996398
-123, 1, -127, 47.000793
-123, 1, -127, 47.005798
-123, -7, -129, 47.010833
-123, -7, -129, 47.015686
-125, 1, -131, 47.020721
-125, 1, -131, 47.025909
-124, -2, -128, 47.031097
-124, -2, -128, 47.036224
34057.6853061
-116, -4, -126, 47.040802
-116, -4, -126, 47.045654
-127, -9, -125, 47.05072
-130, -4, -124, 47.060974
-130, -4, -124, 47.065582
-125, -3, -129, 47.071136
-125, -3, -129, 47.07608
-129, -1, -127, 47.080596
-129, -1, -127, 47.085632
-122, -4, -128, 47.090881
34239.3895595
-122, -4, -128, 47.09555
-118, -2, -136, 47.100555
-118, -2, -136, 47.10559
-126, -4, -126, 47.1109
-126, -4, -126, 47.116027
-121, -1, -131, 47.120697
-121, -1, -131, 47.125732
-121, -5, -129, 47.135711
-119, -11, -129, 47.140441
-124, -6, -128, 47.150878
34421.2715338
-124, -6, -128, 47.156219
-127, -5, -123, 47.160522
-127, -5, -123, 47.165527
-123, -3, -133, 47.170593
-123, -3, -133, 47.175445
-129, -1, -129, 47.180389
-129, -1, -129, 47.185485
-117, -1, -129, 47.19104
-117, -1, -129, 47.196075
-123, 3, -131, 47.200439
34602.3258357
-123, 3, -131, 47.205688
-121, 1, -133, 47.210388
-121, 1, -133, 47.215362
-129, -3, -129, 47.220458
-129, -3, -129, 47.225494
-120, -2, -128, 47.230773
-120, -2, -128, 47.235687
-127, -3, -127, 47.240356
-127, -3, -127, 47.2453
-123, -3, -127, 47.250366
34782.9591245
-123, -3, -127, 47.255493
-126, -6, -128, 47.260375
-126, -6, -128, 47.265319
-122, -4, -134, 47.27069
-122, -4, -134, 47.275756
-119, -5, -129, 47.280303
-119, -5, -129, 47.28543
-121, 1, -131, 47.290405
-121, 1, -131, 47.295288
-123, -5, -133, 47.300323
34964.6388644
-123, -5, -133, 47.305145
-121, 1, -133, 47.310577
-121, 1, -133, 47.315826
-129, -5, -127, 47.320404
-122, -6, -134, 47.330261
-122, -6, -134, 47.335205
-133, -3, -129, 47.340057
-133, -3, -129, 47.345153
-129, -3, -133, 47.350585
-129, -3, -133, 47.355834
35146.0868086
-129, -5, -135, 47.360137
-129, -5, -135, 47.365173
-124, -2, -132, 47.370147
-124, -2, -132, 47.375061
-125, -5, -131, 47.380065
-125, -5, -131, 47.385223
-122, 0, -128, 47.390472
-122, 0, -128, 47.395599
-130, 0, -130, 47.400146
-130, 0, -130, 47.405029
35327.1735196
-129, -3, -127, 47.410339
-129, -3, -127, 47.415008
-125, -3, -125, 47.420104
-125, -3, -125, 47.425109
-126, -4, -128, 47.430419
-126, -4, -128, 47.435455
-129, -3, -133, 47.440002
-129, -3, -133, 47.444976
-127, -1, -127, 47.450164
-127, -1, -127, 47.4552
35508.4351119
-135, -9, -129, 47.459899
-135, -9, -129, 47.464996
-128, -2, -130, 47.470245
-128, -2, -130, 47.475494
-129, -3, -127, 47.479919
-129, -3, -127, 47.485076
-127, -1, -127, 47.489929
-127, -1, -127, 47.494903
-123, -3, -131, 47.499847
-123, -3, -131, 47.504852
35690.0129188
-122, -2, -126, 47.510253
-122, -2, -126, 47.515441
-126, 0, -128, 47.519989
-126, 0, -128, 47.52481
-131, -3, -127, 47.529846
-131, -3, -127, 47.53482
-126, 4, -126, 47.539855
-126, 4, -126, 47.544677
-127, -1, -127, 47.553253
-127, -1, -127, 47.558258
35870.1896106
-125, -5, -129, 47.564758
-125, -5, -129, 47.569885
-126, -2, -130, 47.57492
-126, -2, -130, 47.579956
-127, -3, -131, 47.585052
-127, -3, -131, 47.590026
-125, -3, -133, 47.595245
-125, -3, -133, 47.5997
-125, -9, -125, 47.604858
-125, -9, -125, 47.609649
36052.1987016
-128, 0, -126, 47.614807
-128, 0, -126, 47.619598
-127, -7, -129, 47.624664
-127, -7, -129, 47.629913
-127, -3, -129, 47.635192
-127, -3, -129, 47.639648
-128, -4, -128, 47.644622
-128, -4, -128, 47.649688
-129, -3, -129, 47.654541
-129, -3, -129, 47.659606
36233.7245839
-128, -8, -130, 47.664947
-128, -8, -130, 47.669891
-131, -3, -129, 47.675079
-131, -3, -129, 47.679718
-128, -8, -124, 47.689575
-127, -7, -129, 47.694488
-127, -7, -129, 47.699432
-126, -8, -126, 47.704498
-126, -8, -126, 47.709808
-128, -6, -128, 47.715179
36416.6856485
-128, -6, -128, 47.719512
-131, -3, -129, 47.724487
-131, -3, -129, 47.729614
-127, -3, -129, 47.734558
-127, -3, -129, 47.739349
-126, -10, -134, 47.744537
-126, -10, -134, 47.749725
-130, -2, -134, 47.754974
-130, -2, -134, 47.759399
-132, -6, -124, 47.764434
36598.8309832
-132, -6, -124, 47.769683
-128, -8, -126, 47.774383
-128, -8, -126, 47.779418
-126, -10, -120, 47.784362
-126, -10, -120, 47.789703
-129, -9, -129, 47.794921
-129, -9, -129, 47.799316
-128, -10, -124, 47.804351
-128, -10, -124, 47.809417
-127, -13, -127, 47.8143
36782.9899833
-127, -13, -127, 47.819366
-131, -13, -127, 47.82431
-131, -13, -127, 47.829589
-131, -9, -129, 47.834655
-131, -9, -129, 47.839355
-131, -9, -125, 47.844421
-131, -9, -125, 47.849243
-124, -10, -122, 47.854278
-124, -10, -122, 47.859191
-124, -12, -130, 47.864288
36967.7547031
-124, -12, -130, 47.869506
-131, -5, -125, 47.874816
-131, -5, -125, 47.879333
-128, -10, -128, 47.884216
-128, -10, -128, 47.889068
-134, -8, -126, 47.894165
-134, -8, -126, 47.899108
-130, -4, -130, 47.904022
-130, -4, -130, 47.909637
-127, -9, -129, 47.914733
37151.0790511
-127, -9, -129, 47.919097
-126, -6, -124, 47.924041
-126, -6, -124, 47.929077
-131, -7, -123, 47.934051
-131, -7, -123, 47.939147
-128, -4, -134, 47.944152
-128, -4, -134, 47.949401
-129, -3, -125, 47.954498
-129, -3, -125, 47.959075
-127, -5, -127, 47.963989
37333.4911419
-127, -5, -127, 47.969146
-129, 1, -131, 47.974121
-129, 1, -131, 47.978912
-132, -4, -124, 47.983978
-132, 0, -130, 47.994323
-132, 0, -130, 47.998931
-135, -7, -129, 48.004058
-135, -7, -129, 48.009063
-132, -4, -132, 48.013946
-132, -4, -132, 48.018859
37514.7420385
-130, -4, -128, 48.024169
-130, -4, -128, 48.029235
-132, 0, -124, 48.03424
-132, 0, -124, 48.03897
-131, 1, -123, 48.043823
-131, 1, -123, 48.048919
-134, 0, -126, 48.053863
-134, 0, -126, 48.058837
-134, -2, -118, 48.063751
-134, -2, -118, 48.069488
37695.1779725
-133, 3, -127, 48.074462
-133, 3, -127, 48.078918
-139, 3, -125, 48.08374
-139, 3, -125, 48.088775
-131, 3, -125, 48.093811
-131, 3, -125, 48.098693
-129, -5, -131, 48.103851
-129, -7, -121, 48.114166
-129, -7, -121, 48.118774
-131, 3, -127, 48.12384
37875.1219231
-131, 3, -127, 48.128631
-132, 2, -132, 48.134155
-132, 2, -132, 48.138793
-133, -1, -125, 48.143798
-133, -1, -125, 48.148956
-128, 2, -128, 48.154205
-128, 2, -128, 48.158721
-129, 5, -129, 48.163574
-129, 5, -129, 48.168762
-128, 0, -124, 48.173675
38054.2803757
-128, 0, -124, 48.178558
-127, 5, -133, 48.183654
-127, 5, -133, 48.191802
-127, 3, -133, 48.196685
-127, 3, -133, 48.19934
-127, 3, -133, 48.203704
-130, 4, -130, 48.208862
-127, 1, -125, 48.218627
-127, 1, -125, 48.223571
-128, 6, -128, 48.22882
38232.8887792
-128, 6, -128, 48.234191
-132, 6, -136, 48.238494
-132, 6, -136, 48.243438
-126, 2, -134, 48.248504
-126, 2, -134, 48.253509
-120, 6, -128, 48.258422
-120, 6, -128, 48.263519
-129, 9, -133, 48.269042
-129, 9, -133, 48.273773
-129, 7, -125, 48.278442
38410.2368966
-129, 7, -125, 48.283386
-124, 4, -132, 48.288482
-124, 4, -132, 48.293304
-129, 7, -129, 48.298461
-129, 7, -129, 48.303466
-132, 10, -128, 48.308746
-132, 10, -128, 48.31372
-129, 3, -129, 48.318389
-129, 3, -129, 48.323333
-124, 4, -120, 48.32846
38587.6180485
-124, 4, -120, 48.333465
-125, 5, -129, 48.338317
-125, 5, -129, 48.343231
-129, 5, -129, 48.348663
-129, 5, -129, 48.353759
-125, 5, -129, 48.358215
-125, 5, -129, 48.363403
-124, 10, -134, 48.368438
-124, 10, -134, 48.37326
-128, 6, -130, 48.378295
38764.8827547
-128, 6, -130, 48.383178
-132, 0, -130, 48.38861
-132, 0, -130, 48.393798
-130, 4, -124, 48.398345
-130, 4, -124, 48.403503
-129, 5, -125, 48.408142
-129, 5, -125, 48.413146
-124, 8, -122, 48.418182
-124, 8, -122, 48.423095
-130, 12, -128, 48.428649
38942.5523903
-130, 12, -128, 48.433868
-132, 6, -132, 48.43811
-132, 6, -132, 48.443145
-129, 7, -131, 48.44815
-129, 7, -131, 48.453063
-131, 7, -125, 48.457946
-131, 7, -125, 48.463226
-133, 5, -125, 48.468505
-133, 5, -125, 48.473388
-123, 7, -127, 48.478088
39119.515378
-123, 7, -127, 48.483306
-130, 8, -128, 48.487945
-130, 8, -128, 48.493194
-128, 8, -124, 48.498107
-128, 8, -124, 48.503021
-122, 8, -132, 48.508453
-122, 8, -132, 48.513366
-136, 6, -128, 48.517974
-136, 6, -128, 48.523101
-127, 3, -133, 48.528106
39296.3793593
-127, 3, -133, 48.533294
-126, 14, -130, 48.537872
-126, 14, -130, 48.542968
-125, 9, -133, 48.548309
-125, 9, -133, 48.553436
-132, 10, -124, 48.558227
-132, 10, -124, 48.563049
-129, 9, -133, 48.567871
-129, 9, -133, 48.572937
-129, 9, -129, 48.577972
39472.0887755
-129, 9, -129, 48.583007
-126, 10, -128, 48.588226
-126, 10, -128, 48.5932
-131, 3, -127, 48.597869
-131, 3, -127, 48.602813
-128, 6, -126, 48.60794
-128, 6, -126, 48.612854
-130, 10, -124, 48.617797
-130, 10, -124, 48.622833
-129, 7, -127, 48.628417
39648.7928026
-129, 7, -127, 48.633087
-132, 8, -124, 48.637847
-132, 8, -124, 48.642791
-129, 5, -133, 48.647674
-129, 5, -133, 48.65277
-126, 8, -134, 48.657806
-126, 8, -134, 48.662689
-124, 10, -128, 48.668212
-124, 10, -128, 48.673095
-132, 2, -130, 48.677764
39825.6092471
-132, 2, -130, 48.6828
-126, 4, -132, 48.687744
-126, 4, -132, 48.692871
-125, 3, -131, 48.697662
-125, 3, -131, 48.702667
-128, 4, -134, 48.708068
-128, 4, -134, 48.713104
-131, -1, -123, 48.717681
-131, -1, -123, 48.722808
-128, 6, -130, 48.727569
40004.3450177
-128, 6, -130, 48.733001
-130, 8, -130, 48.737609
-130, 8, -130, 48.742584
-130, 2, -128, 48.747863
-130, 2, -128, 48.753021
-127, 7, -127, 48.757781
-127, 7, -127, 48.762542
-130, 0, -128, 48.767547
-130, 0, -128, 48.772552
-130, 6, -134, 48.777435
40182.3009351
-130, 6, -134, 48.782592
-131, 5, -129, 48.787994
-131, 5, -129, 48.793029
-126, 6, -124, 48.797637
-126, 6, -124, 48.80249
-134, 6, -128, 48.807495
-134, 6, -128, 48.812438
-130, 4, -132, 48.817535
-130, 4, -132, 48.822662
-128, 6, -128, 48.83255
40359.9207985
-128, 6, -128, 48.838256
-133, 9, -123, 48.842559
-133, 9, -123, 48.847686
-126, 8, -134, 48.852813
-126, 8, -134, 48.857482
-134, 8, -122, 48.86264
-134, 8, -122, 48.867767
-132, 6, -122, 48.872711
-132, 6, -122, 48.877319
-129, 5, -131, 48.882476
40536.7259333
-129, 5, -131, 48.887481
-130, 6, -130, 48.892242
-130, 6, -130, 48.897308
-129, 9, -125, 48.902282
-129, 9, -125, 48.907592
-127, 9, -133, 48.912658
-127, 9, -133, 48.917602
-129, 9, -131, 48.922271
-129, 9, -131, 48.927307
-123, 11, -129, 48.932281
40713.0574898
-123, 11, -129, 48.93753
-131, 9, -129, 48.942169
-131, 9, -129, 48.947753
-122, 10, -126, 48.952575
-122, 10, -126, 48.957244
-127, 7, -133, 48.962249
-127, 7, -133, 48.967285
-126, 12, -130, 48.972167
-126, 12, -130, 48.977203
-123, 9, -131, 48.98233
40888.6858547
-123, 9, -131, 48.987762
-125, 7, -131, 48.992462
-125, 7, -131, 48.997192
-123, 11, -131, 49.002105
-123, 11, -131, 49.00711
-122, 10, -126, 49.012176
-122, 10, -126, 49.017303
-127, 9, -131, 49.022003
-127, 9, -131, 49.027465
-123, 9, -129, 49.032318
41064.4380024
-123, 9, -129, 49.037078
-125, 13, -133, 49.042083
-125, 13, -133, 49.047332
-123, 11, -131, 49.051971
-123, 11, -131, 49.057128
-119, 9, -127, 49.062042
-119, 9, -127, 49.067352
-120, 12, -124, 49.072204
-120, 12, -124, 49.077148
-126, 10, -126, 49.082122
41239.3491838
-126, 10, -126, 49.087188
-121, 9, -133, 49.091979
-121, 9, -133, 49.096984
-124, 4, -130, 49.101898
-124, 4, -130, 49.107299
-126, 4, -132, 49.112609
-126, 4, -132, 49.116851
-126, 12, -134, 49.122039
-126, 12, -134, 49.126922
-123, 5, -129, 49.131896
41415.9907579
-123, 5, -129, 49.137084
-120, 12, -128, 49.141845
-120, 12, -128, 49.14743
-126, 8, -134, 49.152191
-126, 8, -134, 49.156921
-121, 13, -127, 49.161895
-121, 13, -127, 49.166809
-117, 11, -131, 49.171844
-121, 7, -133, 49.181762
-121, 7, -133, 49.187164
41591.4636836
-123, 11, -133, 49.19223
-123, 11, -133, 49.196777
-122, 12, -130, 49.201721
-122, 12, -130, 49.206817
-123, 9, -125, 49.216705
-124, 14, -128, 49.22174
-124, 14, -128, 49.227081
-118, 8, -130, 49.236755
-121, 9, -133, 49.24179
-121, 9, -133, 49.246795
41766.3728003
-119, 11, -133, 49.251647
-119, 11, -133, 49.256591
-124, 12, -134, 49.261657
-124, 12, -134, 49.267059
-124, 10, -128, 49.272155
-124, 10, -128, 49.276855
-124, 4, -130, 49.281433
-124, 4, -130, 49.286651
-124, 10, -126, 49.291595
-124, 10, -126, 49.296508
41941.9974107
-119, 5, -125, 49.301513
-119, 5, -125, 49.307037
-120, 6, -128, 49.311981
-120, 6, -128, 49.316558
-122, 8, -136, 49.321563
-122, 8, -136, 49.326568
-122, 2, -130, 49.331634
-122, 2, -130, 49.336639
-123, 5, -127, 49.341613
-123, 5, -127, 49.34671
42119.5401385
-123, 7, -129, 49.356567
-124, 8, -126, 49.361419
-124, 8, -126, 49.366516
-129, 9, -131, 49.371582
-129, 9, -131, 49.376556
-125, 5, -129, 49.381439
-125, 5, -129, 49.38684
-118, 6, -134, 49.391845
-118, 6, -134, 49.396545
-122, 4, -128, 49.401458
42296.4500286
-122, 4, -128, 49.406921
-122, 2, -130, 49.411346
-122, 2, -130, 49.416412
-125, 5, -133, 49.421386
-125, 5, -133, 49.426666
-124, 2, -132, 49.431793
-124, 2, -132, 49.436401
-126, 6, -130, 49.441497
-126, 6, -130, 49.44638
-123, 5, -133, 49.451416
42474.6535784
-123, 5, -133, 49.456542
-122, 4, -128, 49.461303
-122, 4, -128, 49.471771
-121, 3, -127, 49.481842
-122, 4, -130, 49.486633
-122, 4, -130, 49.491363
-122, 2, -122, 49.49649
-122, 2, -122, 49.501861
-121, 5, -131, 49.506744
-121, 5, -131, 49.511535
42652.8666821
-124, 4, -128, 49.516296
-124, 4, -128, 49.521148
-125, 1, -135, 49.526123
-125, 1, -135, 49.531219
-125, -1, -131, 49.536285
-125, -1, -131, 49.541046
-128, 4, -132, 49.546508
-128, 4, -132, 49.551574
-123, -1, -129, 49.556121
-123, -1, -129, 49.561126
42832.2323696
-119, -5, -131, 49.566162
-119, -5, -131, 49.571228
-122, 0, -130, 49.576019
-122, 0, -130, 49.581054
-119, -3, -129, 49.586364
-119, -3, -129, 49.59143
-123, -3, -131, 49.596038
-123, -3, -131, 49.601196
-124, 6, -134, 49.605926
-124, 6, -134, 49.611175
43012.7276911
-124, -2, -132, 49.616088
-124, -2, -132, 49.620941
-119, 1, -135, 49.626373
-119, 1, -135, 49.63153
-125, -1, -131, 49.63623
-125, -1, -131, 49.64096
-122, -4, -132, 49.646026
-122, -4, -132, 49.650848
-122, 4, -126, 49.655944
-122, 4, -126, 49.66098
43192.907848
-126, -4, -130, 49.666748
-124, 2, -134, 49.676025
-124, 2, -134, 49.680877
-127, -7, -131, 49.685882
-127, -7, -131, 49.690917
-127, -1, -129, 49.695831
-127, -1, -129, 49.701049
-120, 0, -132, 49.706298
-120, 0, -132, 49.711395
-126, 0, -128, 49.71582
43373.6259749
-126, 0, -128, 49.720977
-121, -3, -129, 49.72583
-121, -3, -129, 49.730895
-125, -3, -129, 49.7359
-125, -3, -129, 49.740814
-124, -2, -124, 49.746154
-124, -2, -124, 49.751068
-124, 2, -128, 49.755737
-124, 2, -128, 49.760742
-126, -6, -132, 49.765869
43554.4575356
-126, -6, -132, 49.770935
-130, -2, -128, 49.775756
-130, -2, -128, 49.780639
-124, 2, -124, 49.786071
-124, 2, -124, 49.791259
-121, -7, -129, 49.800994
-125, -5, -129, 49.805664
-125, -5, -129, 49.810699
-120, 2, -128, 49.815551
-120, 2, -128, 49.820648
43735.3198566
-121, -1, -129, 49.825988
-121, -1, -129, 49.831268
-126, -2, -128, 49.835632
-126, -2, -128, 49.840698
-125, -3, -123, 49.845611
-125, -3, -123, 49.850585
-127, -1, -125, 49.855621
-127, -1, -125, 49.860595
-124, -6, -132, 49.866149
-124, -6, -132, 49.871063
43916.5155211
-127, -1, -129, 49.87561
-127, -1, -129, 49.880523
-125, -5, -127, 49.885528
-125, -5, -127, 49.890533
-133, -1, -125, 49.895629
-133, -1, -125, 49.900604
-128, 2, -126, 49.905914
-128, 2, -126, 49.910949
-128, -6, -126, 49.915527
-128, -6, -126, 49.920501
44097.5076582
-127, -1, -127, 49.925537
-127, -1, -127, 49.930725
-125, -7, -125, 49.935455
-125, -7, -125, 49.940429
-126, -2, -130, 49.9458
-126, -2, -130, 49.950988
-128, -4, -130, 49.955444
-128, -4, -130, 49.96054
-131, -1, -129, 49.965484
-129, -7, -125, 49.97525
44279.1329757
-129, -3, -123, 49.985748
-129, -3, -123, 49.990753
-130, 2, -126, 50.000427
-131, -5, -131, 50.00531
-131, -5, -131, 50.010192
-127, -5, -131, 50.01535
-127, -5, -131, 50.020294
-128, -6, -128, 50.025787
-128, -6, -128, 50.030914
-121, 3, -131, 50.035339
44460.5939929
-121, 3, -131, 50.040191
-131, -1, -121, 50.045227
-131, -1, -121, 50.050628
-130, 2, -120, 50.055175
-130, 2, -120, 50.060333
-135, -3, -125, 50.065704
-135, -3, -125, 50.070709
-127, -9, -125, 50.075103
-127, -9, -125, 50.080291
-130, 0, -130, 50.085144
44641.4284151
-130, 0, -130, 50.090759
-124, -2, -126, 50.095306
-124, -2, -126, 50.100219
-136, 6, -126, 50.111755
-136, 6, -126, 50.115631
-133, -1, -123, 50.120056
-133, -1, -123, 50.12561
-128, -8, -126, 50.130035
-128, -8, -126, 50.135345
-132, 0, -126, 50.140258
44821.9093343
-132, 0, -126, 50.145385
-129, 1, -123, 50.150421
-129, 1, -123, 50.155242
-128, -2, -124, 50.160125
-128, -2, -124, 50.16513
-130, 0, -128, 50.169952
-130, 0, -128, 50.174926
-132, -2, -120, 50.179962
-132, -2, -120, 50.185272
-126, 2, -124, 50.190277
45002.0821517
-126, 2, -124, 50.194946
-130, 2, -124, 50.199981
-130, 2, -124, 50.204895
-130, 0, -126, 50.209838
-130, 0, -126, 50.214935
-133, 1, -125, 50.219909
-133, 1, -125, 50.225402
-133, 1, -123, 50.230377
-133, 1, -123, 50.234863
-124, 4, -122, 50.239837
45181.4579477
-124, 4, -122, 50.245147
-131, -9, -125, 50.249786
-131, -9, -125, 50.255004
-127, -5, -127, 50.259796
-127, -5, -127, 50.265228
-132, -4, -122, 50.270263
-132, -4, -122, 50.274871
-134, 2, -124, 50.279846
-134, 2, -124, 50.284942
-130, 0, -130, 50.289886
45362.6861984
-130, 0, -130, 50.295135
-129, -1, -125, 50.299682
-129, -1, -125, 50.305084
-135, 1, -121, 50.31015
-135, 1, -121, 50.314697
-130, 2, -126, 50.319824
-130, 2, -126, 50.324707
-135, -5, -125, 50.329742
-135, -5, -125, 50.334594
-129, -1, -125, 50.33966
45542.982469
-129, -1, -125, 50.345184
-129, -1, -121, 50.350128
-129, -1, -121, 50.354888
-127, -5, -125, 50.359771
-127, -5, -125, 50.364654
-125, 1, -125, 50.369598
-125, 1, -125, 50.374633
-129, -1, -125, 50.379577
-129, -1, -125, 50.38507
-127, -3, -127, 50.390075
45723.6990135
-127, -3, -127, 50.394653
-124, 0, -124, 50.399719
-124, 0, -124, 50.404602
-121, -1, -127, 50.409637
-121, -1, -127, 50.414459
-123, -1, -125, 50.419586
-123, -1, -125, 50.424865
-131, -5, -123, 50.429809
-131, -5, -123, 50.4346
-134, -2, -128, 50.439514
45904.5447147
-134, -2, -128, 50.444458
-127, 1, -125, 50.449554
-127, 1, -125, 50.454498
-121, 1, -129, 50.459442
-126, -2, -128, 50.469818
-126, -2, -128, 50.474517
-128, -8, -124, 50.479339
-128, -8, -124, 50.484588
-130, -2, -124, 50.489532
-130, -2, -124, 50.494415
46085.5660097
-123, -3, -125, 50.499694
-123, -3, -125, 50.504791
-130, -2, -124, 50.509857
-130, -2, -124, 50.514556
-132, -2, -120, 50.519378
-132, -2, -120, 50.524444
-133, -1, -125, 50.529418
-133, -1, -125, 50.534454
-123, 3, -121, 50.539337
-123, 3, -121, 50.544616
46266.0019674
-126, -4, -128, 50.549926
-126, -4, -128, 50.554412
-124, 4, -126, 50.559234
-124, 4, -126, 50.564331
-125, 1, -121, 50.569274
-125, 1, -121, 50.574249
-122, -2, -120, 50.579254
-122, -2, -120, 50.584808
-129, -3, -125, 50.589569
-129, -3, -125, 50.594177
46446.3586867
-128, -2, -128, 50.599151
-128, -2, -128, 50.604278
-124, 0, -126, 50.60913
-124, 0, -126, 50.614288
-128, -4, -122, 50.619201
-128, -4, -122, 50.624481
-130, -2, -122, 50.629638
-130, -2, -122, 50.634185
-131, -3, -125, 50.639068
-131, -3, -125, 50.6445
46627.3342107
-125, -1, -129, 50.649078
-125, -1, -129, 50.654113
-130, -8, -126, 50.658996
-130, -8, -126, 50.664428
-124, -4, -124, 50.669586
-124, -4, -124, 50.674072
-130, -4, -120, 50.679199
-130, -4, -120, 50.684143
-124, -2, -124, 50.688995
-124, -2, -124, 50.69403
46809.0368314
-126, -2, -120, 50.698974
-126, -2, -120, 50.704345
-133, -5, -127, 50.709472
-133, -5, -127, 50.714294
-128, 0, -122, 50.718933
-128, 0, -122, 50.72406
-131, -3, -129, 50.728881
-131, -3, -129, 50.733917
-129, 1, -127, 50.73883
-129, 1, -127, 50.747406
46989.8227581
-130, -6, -128, 50.7518
-130, -6, -128, 50.754394
-130, -6, -128, 50.759216
-126, 0, -122, 50.764343
-131, -7, -123, 50.774078
-131, -7, -123, 50.779113
-128, -2, -130, 50.784149
-128, -2, -130, 50.789337
-129, -1, -127, 50.793945
-129, -1, -127, 50.798828
47171.4949742
-125, -9, -131, 50.804199
-125, -7, -125, 50.813781
-125, -7, -125, 50.818786
-126, -8, -124, 50.824188
-126, -8, -124, 50.829284
-128, 0, -118, 50.83377
-128, 0, -118, 50.838806
-129, -9, -129, 50.844024
-129, -9, -129, 50.848693
-132, -6, -124, 50.853729
47354.3327157
-132, -6, -124, 50.858947
-127, -1, -129, 50.864135
-127, -1, -129, 50.869201
-128, -8, -124, 50.87387
-128, -8, -124, 50.878784
-126, -4, -124, 50.883728
-126, -4, -124, 50.888671
-128, -12, -122, 50.893676
-128, -12, -122, 50.898559
-127, -5, -119, 50.904113
47537.0585999
-127, -5, -119, 50.909423
-127, -5, -125, 50.913635
-127, -5, -125, 50.918609
-130, -8, -126, 50.923736
-130, -8, -126, 50.928497
-130, -2, -124, 50.933471
-130, -2, -124, 50.938598
-119, -7, -119, 50.944
-119, -7, -119, 50.949005
-127, -7, -123, 50.953674
47719.6041704
-127, -7, -123, 50.958557
-123, -7, -127, 50.963531
-123, -7, -127, 50.968444
-129, -5, -123, 50.973999
