-0.072335694289782,-0.07985818921687059,0.696,-0.6968576104437759,-0.010260910034179687,0.021478803634643554,1.459648789216787,-1.3666224657281014,0.696,-0.6979048079949725,1.531984483506569,-1.2867642765112308,0,-0.0010471975511965326,0.7659922417532845,-0.6433821382556154,0,-0.0010471975511965326,0,0,0,0,0,0,0,0
-0.07151452121397676,-0.07825007997057286,0.695,-0.6966656242260565,-0.006035628795623779,0.026403556823730467,1.459648789216787,-1.3666224657281014,0.696,-0.6979048079949725,1.5311633104307638,-1.2883723857575287,0.0010000000000000009,-0.0012391837689159635,0.7610195825720196,-0.6531201331359745,0.0063555555555555605,-0.002153403853294206,0,0,0,0,0,0,0,0
-0.07099043866738172,-0.07605511057137027,0.691,-0.6973113960492944,-0.015097027778625488,0.030296934127807616,1.459648789216787,-1.3666224657281014,0.696,-0.6979048079949725,1.5306392278841687,-1.2905673551567312,0.0050000000000000044,-0.0005934119456780795,0.7618586914645696,-0.6597787585164953,0.030415094339622667,0.0030619002613288104,0,0,0,0,0,0,0,0
-0.07021957672793454,-0.07504973151818767,0.686,-0.69872511274341,-0.0008203866481781006,0.01898566246032715,1.459648789216787,-1.3666224657281014,0.696,-0.6979048079949725,1.5298683659447216,-1.2915727342099137,0.009999999999999898,0.0008203047484375281,0.7610240137142958,-0.650886115925448,0.03336231884057909,0.0069668990706793,0,0,0,0,0,0,0,0
-0.06825708614636833,-0.0756868858748888,0.678,-0.6983585936004911,0.02868675994873047,0.011617666244506835,1.459648789216787,-1.3666224657281014,0.696,-0.6979048079949725,1.5279058753631554,-1.2909355798532127,0.017999999999999905,0.0004537856055186751,0.7528743618178971,-0.6418709508161976,0.059561290322580604,-0.0013196941182822264,0,0,0,0,0,0,0,0
-0.06324830502617633,-0.07926194510647583,0.672,-0.6976604618996934,0.09202265167236329,0.00723480224609375,1.459648789216787,-1.3666224657281014,0.696,-0.6979048079949725,1.5228970942429634,-1.2873605206216256,0.02399999999999991,-0.0002443460952790133,0.7392577446902514,-0.6278413902974523,0.045782278481012614,-0.0028954791362828932,0,0,0,0,0,0,0,0
-0.055411062913563514,-0.08752773979537005,0.665,-0.6969099703213358,0.16974322509765624,-0.019494251251220705,1.459648789216787,-1.3666224657281014,0.696,-0.6979048079949725,1.5150598521303507,-1.2790947259327314,0.030999999999999917,-0.0009948376736366171,0.7110378118378118,-0.5905129876932644,0.06632542372881353,-0.004810896546641383,0,0,0,0,0,0,0,0
-0.0421666819261344,-0.10103618963027065,0.657,-0.6976081020221335,0.2823988952636719,-0.027866270065307615,1.459648789216787,-1.3666224657281014,0.696,-0.6979048079949725,1.5018154711429215,-1.2655862760978307,0.038999999999999924,-0.00029670597283892874,0.6773278411968541,-0.557746194521689,0.07564444444444442,0.003027730697626254,0,0,0,0,0,0,0,0
-0.02362275679631905,-0.11967675986972537,0.646,-0.6959151326476991,0.39279238891601564,-0.03560116958618164,1.459648789216787,-1.3666224657281014,0.696,-0.6979048079949725,1.483271546013106,-1.246945705858376,0.04999999999999993,-0.0019896753472733453,0.6562361178034558,-0.5376281215632779,0.0906578947368421,-0.00867244919372499,0,0,0,0,0,0,0,0
0.00023133745056721968,-0.14432520806297972,0.64,-0.6950948278992617,0.5116359558105469,-0.05436456680297851,1.459648789216787,-1.3666224657281014,0.696,-0.6979048079949725,1.45941745176622,-1.2222972576651217,0.05599999999999994,-0.0028099800957107623,0.5950485164248819,-0.47200416322548017,0.07867096774193547,-0.0067791966204079415,0,0,0,0,0,0,0,0
0.02860234503927247,-0.17556752767867728,0.636,-0.6933320453547475,0.6269720458984375,-0.08735153198242188,1.459648789216787,-1.3666224657281014,0.696,-0.6979048079949725,1.4310464441775146,-1.1910549380494242,0.05999999999999994,-0.004572762640224992,0.5553643082815496,-0.41915953571029096,0.0705806451612903,-0.01310235559755191,0,0,0,0,0,0,0,0
0.061023209147606366,-0.2134858435104389,0.633,-0.6920230484157517,0.737539306640625,-0.12665216064453125,1.459648789216787,-1.3666224657281014,0.696,-0.6979048079949725,1.3986255800691807,-1.1531366222176624,0.06299999999999994,-0.005881759579220769,0.5348591315140562,-0.3842290279042426,0.0656173913043478,-0.011573050618332841,0,0,0,0,0,0,0,0
0.09862430075760198,-0.2567752559299516,0.631,-0.6902079059936777,0.8486102905273437,-0.1400679168701172,1.459648789216787,-1.3666224657281014,0.696,-0.6979048079949725,1.3610244884591851,-1.1098472097981498,0.06499999999999995,-0.007696902001294803,0.48697721388402704,-0.33211045273981854,0.06229411764705879,-0.015704883275150835,0,0,0,0,0,0,0,0
0.1402611840481849,-0.3043423097996798,0.629,-0.6874851923605664,0.935888916015625,-0.15254257202148438,1.459648789216787,-1.3666224657281014,0.696,-0.6979048079949725,1.3193876051686022,-1.0622801559284216,0.06699999999999995,-0.010419615634406076,0.4207936525563664,-0.2582143590395411,0.06507540983606555,-0.023810010551346766,0,0,0,0,0,0,0,0
0.18570305928927286,-0.35565853043966267,0.629,-0.6834011219108997,1.0152681884765624,-0.16233352661132813,1.459648789216787,-1.3666224657281014,0.696,-0.6979048079949725,1.2739457299275143,-1.0109639352884388,0.06699999999999995,-0.014503686084072709,0.34779729524774333,-0.1789241999352375,0.05359999999999996,-0.03678043399134524,0,0,0,0,0,0,0,0
0.23535151096662463,-0.4100582650606791,0.629,-0.6800151831620307,1.0927308349609375,-0.16250167846679686,1.459648789216787,-1.3666224657281014,0.696,-0.6979048079949725,1.2242972782501624,-0.9565642006674223,0.06699999999999995,-0.017889624832941764,0.4002345161119939,-0.2460881110976654,0.05359999999999996,-0.030277205621487085,0,0,0,0,0,0,0,0
0.28575095871146655,-0.4658966933879301,0.63,-0.6769434036785207,1.11450341796875,-0.1758973388671875,1.459648789216787,-1.3666224657281014,0.696,-0.6979048079949725,1.1738978305053205,-0.9007257723401714,0.06599999999999995,-0.02096140431645177,0.23415278103876658,-0.05949388787932908,0.04579999999999995,-0.03939208121751181,0,0,0,0,0,0,0,0
0.3404269288798045,-0.5251984554852928,0.632,-0.673784357732411,1.196502685546875,-0.1796315155029297,1.459648789216787,-1.3666224657281014,0.696,-0.6979048079949725,1.1192218603369826,-0.8414240102428087,0.06399999999999995,-0.024120450262561488,0.2822690525030091,-0.11990596549710075,0.04105507246376807,-0.03785543263695156,0,0,0,0,0,0,0,0
0.39932715369078386,-0.5862403866353676,0.633,-0.6706253117863014,1.2617325439453124,-0.16427294921875,1.459648789216787,-1.3666224657281014,0.696,-0.6979048079949725,1.0603216355260032,-0.7803820790927338,0.06299999999999994,-0.027279496208671095,0.19765954866876345,-0.045599492731428326,0.04475483870967738,-0.04256520239952403,0,0,0,0,0,0,0,0
0.46131632305784415,-0.6471477755523082,0.635,-0.6692290483847056,1.2962528076171875,-0.13788134765625,1.459648789216787,-1.3666224657281014,0.696,-0.6979048079949725,0.998332466158943,-0.7194746901757932,0.06099999999999994,-0.028675759610266804,0.18922038624417042,-0.05520040050319375,0.038799999999999946,-0.03465974561710556,0,0,0,0,0,0,0,0
0.5259961006912568,-0.7071418085471973,0.636,-0.6681294909559493,1.3192132568359376,-0.10390789031982423,1.459648789216787,-1.3666224657281014,0.696,-0.6979048079949725,0.9336526885255303,-0.6594806571809041,0.05999999999999994,-0.02977531703902314,0.09571286603826601,0.014487729576944663,0.04226229508196717,-0.035182976524710044,0,0,0,0,0,0,0,0
0.5929454632183929,-0.765506442050177,0.637,-0.6673615460850718,1.3306802978515626,-0.06508188629150391,1.459648789216787,-1.3666224657281014,0.696,-0.6979048079949725,0.8667033259983942,-0.6011160236779244,0.05899999999999994,-0.030543261909900643,0.055411713249235106,0.028919757935923274,0.04155483870967737,-0.034259124188340165,0,0,0,0,0,0,0,0
0.6617696944144581,-0.8218208821815942,0.641,-0.6668728538945135,1.3336859130859375,-0.024542877197265625,1.459648789216787,-1.3666224657281014,0.696,-0.6979048079949725,0.797879094802329,-0.5448015835465072,0.05499999999999994,-0.031031954100459003,0.08198585110349593,-0.013057975378569231,0.025578947368420993,-0.032961002221084106,0,0,0,0,0,0,0,0
0.7319714989465148,-0.8758328759797134,0.644,-0.6666285077992341,1.32854833984375,0.014724002838134766,1.459648789216787,-1.3666224657281014,0.696,-0.6979048079949725,0.7276772902702723,-0.49078958974838804,0.051999999999999935,-0.03127630019573835,0.007742535189921018,0.028579086710468382,0.026382608695652114,-0.03233867452303985,0,0,0,0,0,0,0,0
0.8032553649561484,-0.9273476101301978,0.649,-0.665720936588197,1.3181456298828125,0.05387495422363281,1.459648789216787,-1.3666224657281014,0.696,-0.6979048079949725,0.6563934242606387,-0.4392748555979036,0.04699999999999993,-0.03218387140677548,-0.08080907644954521,0.07593891568743444,0.008911475409835987,-0.03664733637908922,0,0,0,0,0,0,0,0
0.8753758277739698,-0.9761125825140805,0.652,-0.662666610397207,1.3025885009765625,0.09286833190917969,1.459648789216787,-1.3666224657281014,0.696,-0.6979048079949725,0.5842729614428173,-0.3905098832140209,0.04399999999999993,-0.035238197597765475,-0.06846583336769868,0.048569920312402814,0.020199999999999933,-0.048328166987722604,0,0,0,0,0,0,0,0
0.9484531250409693,-1.0214282181039815,0.656,-0.6608340146826128,1.282349365234375,0.13850885009765626,1.459648789216787,-1.3666224657281014,0.696,-0.6979048079949725,0.5111956641758177,-0.3451942476241199,0.039999999999999925,-0.03707079331235963,-0.11508411057078427,0.05726479584685831,0.011710144927536154,-0.04503860076711682,0,0,0,0,0,0,0,0
1.0217061989018308,-1.0627358302513863,0.66,-0.6574829825187837,1.2477822265625,0.18524075317382813,1.459648789216787,-1.3666224657281014,0.696,-0.6979048079949725,0.4379425903149563,-0.30388663547671513,0.03599999999999992,-0.04042182547618878,-0.187990226291752,0.07754341641389101,0.006577777777777696,-0.05637912149442281,1489608499583,0,0,0,0,0,0,0
1.093906828857508,-1.0990093630198683,0.662,-0.6564008783825471,1.18975341796875,0.23118031311035156,1.459648789216787,-1.3666224657281014,0.696,-0.6979048079949725,0.3657419603592791,-0.26761310270823313,0.03399999999999992,-0.04150392961242533,-0.29392563273521005,0.10573564617359474,0.013992452830188604,-0.04762904736470769,1489608499583,0,0,0,0,0,0,0
1.1636580491332504,-1.1300465209008592,0.666,-0.6535908982868363,1.1129627685546875,0.269694091796875,1.459648789216787,-1.3666224657281014,0.696,-0.6979048079949725,0.29599074008353665,-0.2365759448272422,0.029999999999999916,-0.0443139097081362,-0.2110182637304353,0.04146210491500865,0.0034117647058822705,-0.056710880718625345,1489608499583,0,0,0,0,0,0,0
1.2294067561568311,-1.1551772398335622,0.67,-0.6514790498919232,1.0121815795898437,0.30039755249023437,1.459648789216787,-1.3666224657281014,0.696,-0.6979048079949725,0.23024203305995594,-0.21144522589453918,0.025999999999999912,-0.046425758103049275,-0.200112510295409,0.014767135360210654,0.0016219178082190894,-0.05510458712323999,1489608499583,0,0,0,0,0,0,0
1.2896715558383673,-1.1736503385241708,0.677,-0.649681360762369,0.8868486328125,0.3277915954589844,1.459648789216787,-1.3666224657281014,0.696,-0.6979048079949725,0.16997723337841975,-0.19297212720393064,0.018999999999999906,-0.04822344723260341,-0.2725144322690557,0.013100115071136162,-0.026325423728813673,-0.057364239416776985,1489608499583,0,0,0,0,0,0,0
1.3431244643719162,-1.1847374687996584,0.686,-0.6496988140548889,0.7390540161132813,0.3526048583984375,0.49339496157120366,-0.5687176270410781,0.677,-0.649681360762369,-0.8497295028007126,0.6160198417585803,-0.009000000000000008,0.0000174532925198978,-0.4248647514003563,0.30800992087929013,-0.007200000000000007,0.0000174532925198978,0,0,0,0,0,0,0,0
1.3861249001704303,-1.2047890689538805,0.692,-0.6498908002726084,0.6955490112304688,0.15069839477539063,0.49339496157120366,-0.5687176270410781,0.677,-0.649681360762369,-0.8927299385992267,0.6360714419128024,-0.014999999999999902,0.00020943951023932872,-0.6852562792913584,0.42943349959096866,-0.045333333333332664,0.001123659594617571,0,0,0,0,0,0,0,0
1.4221739009757486,-1.2232667486601063,0.701,-0.6507983714836454,0.5982186279296875,0.10653343200683593,0.49339496157120366,-0.5687176270410781,0.677,-0.649681360762369,-0.9287789394045449,0.6545491216190282,-0.02399999999999991,0.0011170107212763458,-0.6499357973767046,0.4223802651797941,-0.06552352941176467,0.005121001358204362,0,0,0,0,0,0,0,0
1.4522612059964712,-1.2441039810012995,0.711,-0.6520550085450814,0.5484168090820313,0.02474152183532715,0.49339496157120366,-0.5687176270410781,0.677,-0.649681360762369,-0.9588662444252676,0.6753863539602214,-0.03399999999999992,0.002373647782712318,-0.6320498868105023,0.4433892830586268,-0.0779246376811594,0.007837287180260024,0,0,0,0,0,0,0,0
1.4806996673503214,-1.2617373966430943,0.719,-0.6530323929261982,0.4995646667480469,0.0486201171875,0.49339496157120366,-0.5687176270410781,0.677,-0.649681360762369,-0.9873047057791178,0.6930197696020162,-0.041999999999999926,0.0033510321638291485,-0.6516438048553933,0.44447330503320126,-0.07804444444444442,0.008005243502480722,0,0,0,0,0,0,0,0
1.5210438238514672,-1.281424317316822,0.73,-0.6528927665860386,0.6600730590820313,0.1331516571044922,0.49339496157120366,-0.5687176270410781,0.677,-0.649681360762369,-1.0276488622802635,0.712706690275744,-0.052999999999999936,0.003211405823669522,-0.7184687032473929,0.4562145369611289,-0.09819710144927535,0.002604334779497233,0,0,0,0,0,0,0,0
1.5631975192696856,-1.2980242504596873,0.735,-0.6543239365726738,0.6535226440429688,0.18632984924316406,0.49339496157120366,-0.5687176270410781,0.677,-0.649681360762369,-1.069802557698482,0.7293066234186092,-0.05799999999999994,0.004642575810304805,-0.7584436030367631,0.45268326019419597,-0.07291515151515149,0.011147893931374275,0,0,0,0,0,0,0,0
1.5997388457768236,-1.3081704224261728,0.744,-0.6560518125321484,0.5275388793945313,0.21283969116210938,0.49339496157120366,-0.5687176270410781,0.677,-0.649681360762369,-1.10634388420562,0.7394527953850947,-0.06699999999999995,0.006370451769779351,-0.7628352909142571,0.4279421384838575,-0.10523934426229509,0.014868202390145966,0,0,0,0,0,0,0,0
1.629887197263441,-1.3122841130000866,0.751,-0.6576924220290231,0.3959862060546875,0.22695852661132812,0.49339496157120366,-0.5687176270410781,0.677,-0.649681360762369,-1.1364922356922373,0.7435664859590085,-0.07399999999999995,0.008011061266654074,-0.7127930085353803,0.3915064169640228,-0.09276164383561644,0.014753292075728279,0,0,0,0,0,0,0,0
1.649858448749218,-1.311196816380729,0.755,-0.6591410453081783,0.22711036682128907,0.19603144836425782,0.49339496157120366,-0.5687176270410781,0.677,-0.649681360762369,-1.1564634871780144,0.742479189339651,-0.07799999999999996,0.009459684545809255,-0.7269538291213895,0.3631427049512052,-0.09218723404255319,0.018706216114884877,0,0,0,0,0,0,0,0
1.6595828881295347,-1.3042091649368264,0.761,-0.6604151356621342,0.05111769485473633,0.17219227600097656,0.49339496157120366,-0.5687176270410781,0.677,-0.649681360762369,-1.166187926558331,0.7354915378957483,-0.08399999999999996,0.010733774899765125,-0.6324208297010615,0.33230116017445477,-0.09763478260869564,0.016273298177834124,0,0,0,0,0,0,0,0
1.660196897393129,-1.2933923777946557,0.773,-0.6614448799208108,-0.09225892639160156,0.13378627014160155,0.49339496157120366,-0.5687176270410781,0.677,-0.649681360762369,-1.1668019358219253,0.7246747507535776,-0.09599999999999997,0.01176351915844176,-0.5865613097088741,0.3066627356744395,-0.13856470588235298,0.016306508534956327,0,0,0,0,0,0,0,0
1.6500560938572546,-1.2780613150101654,0.773,-0.6637312612409234,-0.26129080200195315,0.08803140258789062,0.49339496157120366,-0.5687176270410781,0.677,-0.649681360762369,-1.156661132286051,0.7093436879690873,-0.09599999999999997,0.014049900478554367,-0.5210840945695414,0.26812552181403415,-0.07679999999999998,0.025113035898454077,0,0,0,0,0,0,0,0
1.6319378867812648,-1.2596675411620941,0.769,-0.6605722152948137,-0.38405050659179685,0.049902763366699215,0.49339496157120366,-0.5687176270410781,0.677,-0.649681360762369,-1.1385429252100612,0.690949914121016,-0.09199999999999997,0.01089085453244465,-0.47868042722508175,0.2535060878201516,-0.05359999999999997,-0.0026479138080255666,0,0,0,0,0,0,0,0
1.6044204959954098,-1.23612208161592,0.762,-0.6592806716483378,-0.5426343994140626,0.025629812240600586,0.49339496157120366,-0.5687176270410781,0.677,-0.649681360762369,-1.1110255344242062,0.6674044545748419,-0.08499999999999996,0.00959931088596877,-0.4235800716634831,0.22081303768247637,-0.03443835616438351,0.004291597270314473,0,0,0,0,0,0,0,0
1.5696800169060934,-1.209356229836819,0.753,-0.6577447819065829,-0.6578310546875,-0.0018541769981384277,0.49339496157120366,-0.5687176270410781,0.677,-0.649681360762369,-1.0762850553348897,0.6406386027957409,-0.07599999999999996,0.008063421144213878,-0.3420269199051747,0.16922175103197795,-0.0099935483870967,0.0006316965873353671,0,0,0,0,0,0,0,0
1.5280845781718522,-1.1791522640519445,0.745,-0.6566452244778264,-0.7707330932617188,-0.022891380310058593,0.49339496157120366,-0.5687176270410781,0.677,-0.649681360762369,-1.0346896166006485,0.6104346370108664,-0.06799999999999995,0.006963863715457319,-0.3063534524019993,0.15200879640824375,-0.013820289855072394,0.002183179242602715,0,0,0,0,0,0,0,0
1.4799320017762962,-1.146279670051621,0.733,-0.6545857359604731,-0.8730974731445312,-0.05038217544555664,0.49339496157120366,-0.5687176270410781,0.677,-0.649681360762369,-0.9865370402050926,0.5775620430105428,-0.05599999999999994,0.0049043751981040495,-0.1752798080564223,0.07169785357860606,0.03444528301886804,-0.006753106975593701,0,0,0,0,0,0,0,0
1.4244296010986288,-1.1108663660943146,0.724,-0.6535734449943164,-0.983861572265625,-0.08547272491455078,0.49339496157120366,-0.5687176270410781,0.677,-0.649681360762369,-0.9310346395274252,0.5421487390532365,-0.04699999999999993,0.0038920842319473126,-0.1571706493322269,0.07433379198602741,0.012400000000000098,-0.0009283489402276248,0,0,0,0,0,0,0,0
1.363896024979009,-1.0742876119788727,0.711,-0.6505714786808862,-1.054491943359375,-0.11648406219482423,0.49339496157120366,-0.5687176270410781,0.677,-0.649681360762369,-0.8705010634078054,0.5055699849377946,-0.03399999999999992,0.0008901179185171193,-0.12819616008264323,0.06724058753549653,0.038742028985507354,-0.012161909531179372,0,0,0,0,0,0,0,0
1.2973000259950118,-1.0377305581693896,0.699,-0.6482850973607736,-1.127001220703125,-0.1686518096923828,0.49339496157120366,-0.5687176270410781,0.677,-0.649681360762369,-0.8039050644238082,0.46901293112831155,-0.02199999999999991,-0.0013962634015954878,-0.05917900802956527,0.04634515919181659,0.044164705882353064,-0.01148323981385699,0,0,0,0,0,0,0,0
1.2269412119240495,-1.0019907706948665,0.686,-0.645335490924903,-1.164972900390625,-0.20992747497558595,0.49339496157120366,-0.5687176270410781,0.677,-0.649681360762369,-0.7335462503528458,0.43327314365378844,-0.009000000000000008,-0.004345869837465988,0.024109175217812306,0.018082196968432523,0.06502222222222165,-0.018391614770182654,0,0,0,0,0,0,0,0
1.1558949177784619,-0.9661547008282938,0.673,-0.6416179396181549,-1.174694091796875,-0.21153900146484375,0.49339496157120366,-0.5687176270410781,0.677,-0.649681360762369,-0.6624999562072582,0.3974370737872157,0.0040000000000000036,-0.0080634211442141,-0.0040630971700019725,0.03368400461333873,0.06306842105263163,-0.022737965776114543,0,0,0,0,0,0,0,0
1.090335668988429,-0.9337190390842861,0.661,-0.6412863270602761,-1.0790081787109376,-0.19877369689941407,0.49339496157120366,-0.5687176270410781,0.677,-0.649681360762369,-0.5969407074172253,0.365001412043208,0.016000000000000014,-0.008395033702092936,0.07162217978350877,-0.0006038360816651989,0.08054193548387104,-0.009999610595055042,0,0,0,0,0,0,0,0
1.0272186457324735,-0.9035587212484213,0.647,-0.6436948814280282,-1.0293011474609375,-0.2038502197265625,0.49339496157120366,-0.5687176270410781,0.677,-0.649681360762369,-0.5338236841612698,0.3348410942073432,0.030000000000000027,-0.005986479334340822,0.08373828711911768,-0.00013677420668847806,0.10177777777777786,0.0054828271787644815,0,0,0,0,0,0,0,0
0.965372545885723,-0.8755254744334553,0.631,-0.6458241831154614,-0.9944097290039062,-0.22040863037109376,0.49339496157120366,-0.5687176270410781,0.677,-0.649681360762369,-0.4719775843145193,0.3068078473923772,0.04600000000000004,-0.003857177646907628,0.07772330851466308,0.011206294924621996,0.11795942028985518,0.005400655776714952,1489608501543,0,0,0,0,0,0,0
0.9037291047806688,-0.8491047164372549,0.622,-0.6471680866394971,-0.9769531860351562,-0.24001205444335938,0.49339496157120366,-0.5687176270410781,0.677,-0.649681360762369,-0.41033414320946515,0.28038708939617685,0.05500000000000005,-0.0025132741228719446,0.11685090431719208,0.002174659643310428,0.09101492537313441,0.003504204342959473,1489608501543,0,0,0,0,0,0,0
0.8321192050694142,-0.8191425144837146,0.611,-0.648477083578493,-1.1279261474609374,-0.2890806884765625,0.49339496157120366,-0.5687176270410781,0.677,-0.649681360762369,-0.3387242434982105,0.25042488744263647,0.06600000000000006,-0.0012042771838760569,0.22225451729681855,-0.038643348212105716,0.11295625000000009,0.004931645967667167,1489608501543,0,0,0,0,0,0,0
0.7603764478408452,-0.7896145531493602,0.606,-0.6489483224765314,-1.1252010498046876,-0.296951904296875,0.49339496157120366,-0.5687176270410781,0.677,-0.649681360762369,-0.2669814862696416,0.22089692610828215,0.07100000000000006,-0.000733038285837595,0.34028218195950233,-0.08454750802178362,0.08981886792452838,0.0019343517030593585,1489608501543,0,0,0,0,0,0,0
0.6965058756329482,-0.764434275707354,0.6,-0.6481629243131339,-0.9915693359375,-0.27807720947265624,0.49339496157120366,-0.5687176270410781,0.677,-0.649681360762369,-0.20311091406174453,0.19571664866627592,0.07700000000000007,-0.0015184364492351055,0.1850432644148196,-0.015130100086120785,0.08852307692307701,-0.004539198616148607,1489608501543,0,0,0,0,0,0,0
0.6389166893003831,-0.7424669040773929,0.597,-0.6476567788300557,-0.88757958984375,-0.2588347473144531,0.49339496157120366,-0.5687176270410781,0.677,-0.649681360762369,-0.14552172772917948,0.17374927703631482,0.08000000000000007,-0.002024581932313363,0.3075450836146134,-0.05819290998158569,0.08381132075471706,-0.004889556364831802,1489608501858,0,0,0,0,0,0,0
0.5892454933563265,-0.7246980913024331,0.584,-0.6505714786808862,-0.7549954833984375,-0.23695455932617188,0.49339496157120366,-0.5687176270410781,0.677,-0.649681360762369,-0.09585053178512282,0.15598046426135503,0.09300000000000008,0.0008901179185171193,0.20403007585265354,-0.012141426872741667,0.14034202898550735,0.01356272596560617,1489608501927,0,0,0,0,0,0,0
0.569924141880625,-0.7194142516602121,0.553,-0.6469935537142977,-0.2786226196289063,-0.11245884704589844,0.49339496157120366,-0.5687176270410781,0.677,-0.649681360762369,-0.07652918030942135,0.15069662461913402,0.124,-0.0026878070480713667,0.048433781851642044,0.05163877545344709,0.23830256410256373,-0.016449056919565545,0,0,0,0,0,0,0,0
0.5677745144605457,-0.7246064688784223,0.517,-0.6553536808313506,0.021219467163085936,-0.08157964324951172,0.49339496157120366,-0.5687176270410781,0.677,-0.649681360762369,-0.07437955288934206,0.1558888418373442,0.16000000000000003,0.005672320068981551,-0.0229941236705625,0.11223264783138077,0.365735849056604,0.0529937943164509,0,0,0,0,0,0,0,0
0.5671522803298488,-0.729238640332134,0.475,-0.6590712321380984,0.034945526123046876,-0.06077624893188477,0.49339496157120366,-0.5687176270410781,0.677,-0.649681360762369,-0.07375731875864511,0.16052101329105595,0.20200000000000007,0.00938987137572933,-0.03401310746163922,0.1015928751823584,0.3550210526315792,0.02406441600762846,0,0,0,0,0,0,0,0
0.5591141834075071,-0.7269226663762902,0.444,-0.6588617926278592,-0.11659307098388672,-0.046372100830078124,0.49339496157120366,-0.5687176270410781,0.677,-0.649681360762369,-0.06571922183630341,0.15820503933521213,0.23300000000000004,0.009180431865490113,0.019239165430359292,0.06409157736121093,0.38732592592592574,0.008016879030827793,0,0,0,0,0,0,0,0
0.5447300697932511,-0.7202722325828788,0.416,-0.6570990100833448,-0.23167318725585936,-0.05321661376953125,0.49339496157120366,-0.5687176270410781,0.677,-0.649681360762369,-0.051335108222047454,0.15155460554180067,0.26100000000000007,0.007417649320975772,0.04625301396025604,0.04252513380384305,0.34880000000000017,-0.00013713301265711603,0,0,0,0,0,0,0,0
0.5287349535517015,-0.7128042608549658,0.377,-0.6554584005864702,-0.25839028930664065,-0.05785919189453125,0.49339496157120366,-0.5687176270410781,0.677,-0.649681360762369,-0.035339991980497865,0.14408663381388775,0.30000000000000004,0.00577703982410116,0.0634646516118142,0.03416230089579142,0.43782608695652164,-0.0013560449449188912,0,0,0,0,0,0,0,0
0.5141030582117291,-0.7059027190403722,0.35,-0.6553187742463107,-0.23709530639648438,-0.051707202911376954,0.49339496157120366,-0.5687176270410781,0.677,-0.649681360762369,-0.02070809664052542,0.13718509199929407,0.32700000000000007,0.0056374134839416445,0.07093425912402865,0.030250647029682144,0.4116000000000002,0.004972526149848714,0,0,0,0,0,0,0,0
0.501646038544977,-0.6998957657828166,0.31,-0.6582334740971411,-0.20305955505371093,-0.04243233489990234,0.49339496157120366,-0.5687176270410781,0.677,-0.649681360762369,-0.008251076973773364,0.13117813874173856,0.36700000000000005,0.008552113334772016,0.059062242431420844,0.035119016615152904,0.49649855072463756,0.021224721381860587,0,0,0,0,0,0,0,0
0.492095939412767,-0.6948766599662913,0.281,-0.6621081050365686,-0.1593768768310547,-0.028072582244873048,0.49339496157120366,-0.5687176270410781,0.677,-0.649681360762369,0.0012990221584366357,0.12615903292521324,0.396,0.012426744274199542,0.06492902446909331,0.029297073466763156,0.5119923076923075,0.03478038430935834,0,0,0,0,0,0,0,0
0.4872129132443032,-0.6927678450737311,0.252,-0.6649006318397594,-0.07721537780761718,-0.02008159637451172,0.49339496157120366,-0.5687176270410781,0.677,-0.649681360762369,0.006182048326900447,0.12405021803265304,0.42500000000000004,0.015219271077390406,0.024724684403479764,0.05268225822650282,0.46848101265822806,0.025823803241406346,0,0,0,0,0,0,0,0
0.48438784992558565,-0.6923189469190814,0.211,-0.6676407987653905,-0.037503368377685545,-0.020846057891845703,0.49339496157120366,-0.5687176270410781,0.677,-0.649681360762369,0.009007111645618016,0.12360131987800327,0.4660000000000001,0.017959438003021466,0.01904432290444355,0.05949015473124547,0.5838294117647062,0.030048409733746728,0,0,0,0,0,0,0,0
0.4828161167832012,-0.6925310675410543,0.183,-0.6674488125476712,-0.016543895721435546,-0.017095352172851564,0.49339496157120366,-0.5687176270410781,0.677,-0.649681360762369,0.010578844788002473,0.12381344049997622,0.49400000000000005,0.017767451785302146,0.01566879220220048,0.06330751681018687,0.5801056603773583,0.016680737345381468,0,0,0,0,0,0,0,0
0.48177606504723486,-0.6933693241619114,0.162,-0.6674313592551514,-0.004469886779785156,-0.019532178878784178,0.49339496157120366,-0.5687176270410781,0.677,-0.649681360762369,0.011618896523968802,0.12465169712083335,0.515,0.01774999849278236,0.010476347077217932,0.06608725647451916,0.506230769230769,0.017682870444629333,0,0,0,0,0,0,0,0
0.48286421455213846,-0.6964328126364441,0.129,-0.6681120376634291,0.04126285934448242,-0.025988620758056642,0.49339496157120366,-0.5687176270410781,0.677,-0.649681360762369,0.0105307470190652,0.127715185595366,0.548,0.01843067690106004,-0.0019205194473779766,0.08408817706346457,0.656324528301887,0.022283573551688415,0,0,0,0,0,0,0,0
0.4857743490637934,-0.7011013954386015,0.075,-0.6682342107110689,0.07764967346191406,-0.02792940330505371,0.49339496157120366,-0.5687176270410781,0.677,-0.649681360762369,0.0076206125074102515,0.13238376839752342,0.6020000000000001,0.01855284994869988,-0.010951245617008384,0.08987310131115446,0.7555130434782611,0.019084037112351356,0,0,0,0,0,0,0,0
0.4884701468936931,-0.7054109837230517,0.022,-0.666942667064593,0.07179303741455079,-0.025685251235961912,0.49339496157120366,-0.5687176270410781,0.677,-0.649681360762369,0.004924814677510547,0.13669335668197358,0.655,0.017261306302224,-0.012514247271798638,0.09228883547682101,0.8184444444444441,0.011111098461862673,0,0,0,0,0,0,0,0
0.4884701468936931,-0.7054109837230517,0,-0.6673615460850717,0,0,0.49339496157120366,-0.5687176270410781,0.677,-0.649681360762369,0.004924814677510547,0.13669335668197358,0.677,0.017680185322702657,0.0024624073387552736,0.06834667834098679,0.6548352941176472,0.01952818100128497,0,0,0,0,0,0,0,0
0.4884701468936931,-0.7054109837230517,0,-0.6710790973918196,0,0,0.49339496157120366,-0.5687176270410781,0.677,-0.649681360762369,0.004924814677510547,0.13669335668197358,0.677,0.021397736629450548,0.0024624073387552736,0.06834667834098679,0.5416000000000001,0.03756100318052833,0,0,0,0,0,0,0,0
0.4884701468936931,-0.7054109837230517,0,-0.6713408967796187,0,0,0.49339496157120366,-0.5687176270410781,0.677,-0.649681360762369,0.004924814677510547,0.13669335668197358,0.677,0.02165953601724968,0.0024624073387552736,0.06834667834098679,0.5416000000000001,0.022906199768674123,0,0,0,0,0,0,0,0
0.4884701468936931,-0.7054109837230517,0,-0.6708696578815803,0,0,0.49339496157120366,-0.5687176270410781,0.677,-0.649681360762369,0.004924814677510547,0.13669335668197358,0.677,0.02118829711921122,0.0024624073387552736,0.06834667834098679,0.5416000000000001,0.01910930198080624,0,0,0,0,0,0,0,0
0.4884701468936931,-0.7054109837230517,0,-0.6711489105618994,0,0,0.49339496157120366,-0.5687176270410781,0.677,-0.649681360762369,0.004924814677510547,0.13669335668197358,0.677,0.02146754979953036,0.0024624073387552736,0.06834667834098679,0.5416000000000001,0.02273688016461737,0,0,0,0,0,0,0,0
0.4884701468936931,-0.7054109837230517,0,-0.6710790973918196,0,0,0.49339496157120366,-0.5687176270410781,0.677,-0.649681360762369,0.004924814677510547,0.13669335668197358,0.677,0.021397736629450548,0.0024624073387552736,0.06834667834098679,0.5416000000000001,0.021059930967774032,0,0,0,0,0,0,0,0
0.4884701468936931,-0.7054109837230517,0,-0.6710092842217399,0,0,0.49339496157120366,-0.5687176270410781,0.677,-0.649681360762369,0.004924814677510547,0.13669335668197358,0.677,0.021327923459370846,0.0024624073387552736,0.06834667834098679,0.5416000000000001,0.020960485722109255,0,0,0,0,0,0,0,0
0.4884701468936931,-0.7054109837230517,0,-0.6710965506843395,0,0,0.49339496157120366,-0.5687176270410781,0.677,-0.649681360762369,0.004924814677510547,0.13669335668197358,0.677,0.021415189921970446,0.0024624073387552736,0.06834667834098679,0.5416000000000001,0.021830744505778064,0,0,0,0,0,0,0,0
0.4884701468936931,-0.7054109837230517,0,-0.6711140039768595,0,0,0.49339496157120366,-0.5687176270410781,0.677,-0.649681360762369,0.004924814677510547,0.13669335668197358,0.677,0.021432643214490454,0.0024624073387552736,0.06834667834098679,0.5416000000000001,0.02150964303443167,0,0,0,0,0,0,0,0
0.4884701468936931,-0.7054109837230517,0,-0.6711140039768595,0,0,0.49339496157120366,-0.5687176270410781,0.677,-0.649681360762369,0.004924814677510547,0.13669335668197358,0.677,0.021432643214490454,0.0024624073387552736,0.06834667834098679,0.5416000000000001,0.021432643214490454,0,0,0,0,0,0,0,0
0.4884701468936931,-0.7054109837230517,0,-0.6709220177591403,0,0,0.49339496157120366,-0.5687176270410781,0.677,-0.649681360762369,0.004924814677510547,0.13669335668197358,0.677,0.021240656996771246,0.0024624073387552736,0.06834667834098679,0.5416000000000001,0.02031169142716217,0,0,0,0,0,0,0,0
0.4884701468936931,-0.7054109837230517,0,-0.6708871111741004,0,0,0.49339496157120366,-0.5687176270410781,0.677,-0.649681360762369,0.004924814677510547,0.13669335668197358,0.677,0.02120575041173134,0.0024624073387552736,0.06834667834098679,0.5416000000000001,0.021053982650688266,0,0,0,0,0,0,0,0
0.4884701468936931,-0.7054109837230517,0,-0.6709045644666204,0,0,0.49339496157120366,-0.5687176270410781,0.677,-0.649681360762369,0.004924814677510547,0.13669335668197358,0.677,0.021223203704251348,0.0024624073387552736,0.06834667834098679,0.5416000000000001,0.021299087584773124,0,0,0,0,0,0,0,0
0.4884701468936931,-0.7054109837230517,0,-0.6709045644666204,0,0,0.49339496157120366,-0.5687176270410781,0.677,-0.649681360762369,0.004924814677510547,0.13669335668197358,0.677,0.021223203704251348,0.0024624073387552736,0.06834667834098679,0.5416000000000001,0.021223203704251348,0,0,0,0,0,0,0,0
0.4884701468936931,-0.7054109837230517,0,-0.6709220177591404,0,0,0.49339496157120366,-0.5687176270410781,0.677,-0.649681360762369,0.004924814677510547,0.13669335668197358,0.677,0.021240656996771357,0.0024624073387552736,0.06834667834098679,0.5416000000000001,0.021339449218582728,0,0,0,0,0,0,0,0
0.4884701468936931,-0.7054109837230517,0,-0.6708871111741005,0,0,0.49339496157120366,-0.5687176270410781,0.677,-0.649681360762369,0.004924814677510547,0.13669335668197358,0.677,0.02120575041173145,0.0024624073387552736,0.06834667834098679,0.5416000000000001,0.021053982650688377,0,0,0,0,0,0,0,0
0.4884701468936931,-0.7054109837230517,0,-0.6708522045890606,0,0,0.49339496157120366,-0.5687176270410781,0.677,-0.649681360762369,0.004924814677510547,0.13669335668197358,0.677,0.021170843826691543,0.0024624073387552736,0.06834667834098679,0.5416000000000001,0.021001940995853285,0,0,0,0,0,0,0,0
0.4884701468936931,-0.7054109837230517,0,-0.6707998447115008,0,0,0.49339496157120366,-0.5687176270410781,0.677,-0.649681360762369,0.004924814677510547,0.13669335668197358,0.677,0.02111848394913174,0.0024624073387552736,0.06834667834098679,0.5416000000000001,0.02092923137963847,0,0,0,0,0,0,0,0
0.4884701468936931,-0.7054109837230517,0,-0.6707649381264609,0,0,0.49339496157120366,-0.5687176270410781,0.677,-0.649681360762369,0.004924814677510547,0.13669335668197358,0.677,0.021083577364091832,0.0024624073387552736,0.06834667834098679,0.5416000000000001,0.020893177809328704,0,0,0,0,0,0,0,0
0.4884701468936931,-0.7054109837230517,0,-0.670747484833941,0,0,0.49339496157120366,-0.5687176270410781,0.677,-0.649681360762369,0.004924814677510547,0.13669335668197358,0.677,0.021066124071571934,0.0024624073387552736,0.06834667834098679,0.5416000000000001,0.020981672656153073,0,0,0,0,0,0,0,0
0.4884701468936931,-0.7054109837230517,0,-0.6706602183713412,0,0,0.49339496157120366,-0.5687176270410781,0.677,-0.649681360762369,0.004924814677510547,0.13669335668197358,0.677,0.020978857608972112,0.0024624073387552736,0.06834667834098679,0.5416000000000001,0.02061524734813952,0,0,0,0,0,0,0,0
0.4884701468936931,-0.7054109837230517,0,-0.6706776716638612,0,0,0.49339496157120366,-0.5687176270410781,0.677,-0.649681360762369,0.004924814677510547,0.13669335668197358,0.677,0.02099631090149212,0.0024624073387552736,0.06834667834098679,0.5416000000000001,0.02107564404931034,0,0,0,0,0,0,0,0
0.4884701468936931,-0.7054109837230517,0,-0.6706776716638612,0,0,0.49339496157120366,-0.5687176270410781,0.677,-0.649681360762369,0.004924814677510547,0.13669335668197358,0.677,0.02099631090149212,0.0024624073387552736,0.06834667834098679,0.5416000000000001,0.02099631090149212,0,0,0,0,0,0,0,0
0.4884701468936931,-0.7054109837230517,0,-0.6706253117863014,0,0,0.49339496157120366,-0.5687176270410781,0.677,-0.649681360762369,0.004924814677510547,0.13669335668197358,0.677,0.020943951023932317,0.0024624073387552736,0.06834667834098679,0.5416000000000001,0.02064757435849946,0,0,0,0,0,0,0,0
0.4884701468936931,-0.7054109837230517,0,-0.6705729519087414,0,0,0.49339496157120366,-0.5687176270410781,0.677,-0.649681360762369,0.004924814677510547,0.13669335668197358,0.677,0.0208915911463724,0.0024624073387552736,0.06834667834098679,0.5416000000000001,0.02069766567392827,0,0,0,0,0,0,0,0
0.4884701468936931,-0.7054109837230517,0,-0.6705380453237015,0,0,0.49339496157120366,-0.5687176270410781,0.677,-0.649681360762369,0.004924814677510547,0.13669335668197358,0.677,0.020856684561332495,0.0024624073387552736,0.06834667834098679,0.5416000000000001,0.020647245051093055,0,0,0,0,0,0,0,0
0.4884701468936931,-0.7054109837230517,0,-0.6705031387386615,0,0,0.49339496157120366,-0.5687176270410781,0.677,-0.649681360762369,0.004924814677510547,0.13669335668197358,0.677,0.020821777976292477,0.0024624073387552736,0.06834667834098679,0.5416000000000001,0.020670010215248922,0,0,0,0,0,0,0,0
0.4884701468936931,-0.7054109837230517,0,-0.6704158722760619,0,0,0.49339496157120366,-0.5687176270410781,0.677,-0.649681360762369,0.004924814677510547,0.13669335668197358,0.677,0.020734511513692877,0.0024624073387552736,0.06834667834098679,0.5416000000000001,0.020318956929885258,0,0,0,0,0,0,0,0
0.4884701468936931,-0.7054109837230517,0,-0.6704158722760619,0,0,0.49339496157120366,-0.5687176270410781,0.677,-0.649681360762369,0.004924814677510547,0.13669335668197358,0.677,0.020734511513692877,0.0024624073387552736,0.06834667834098679,0.5416000000000001,0.020734511513692877,0,0,0,0,0,0,0,0
0.4884701468936931,-0.7054109837230517,0,-0.6703635123985021,0,0,0.49339496157120366,-0.5687176270410781,0.677,-0.649681360762369,0.004924814677510547,0.13669335668197358,0.677,0.020682151636133073,0.0024624073387552736,0.06834667834098679,0.5416000000000001,0.020454499994568706,0,0,0,0,0,0,0,0
0.4884701468936931,-0.7054109837230517,0,-0.6703286058134621,0,0,0.49339496157120366,-0.5687176270410781,0.677,-0.649681360762369,0.004924814677510547,0.13669335668197358,0.677,0.020647245051093055,0.0024624073387552736,0.06834667834098679,0.5416000000000001,0.02047834222025426,0,0,0,0,0,0,0,0
0.4884701468936931,-0.7054109837230517,0,-0.6702762459359021,0,0,0.49339496157120366,-0.5687176270410781,0.677,-0.649681360762369,0.004924814677510547,0.13669335668197358,0.677,0.02059488517353303,0.0024624073387552736,0.06834667834098679,0.5416000000000001,0.020367233531967698,0,0,0,0,0,0,0,0
0.4884701468936931,-0.7054109837230517,0,-0.6702238860583423,0,0,0.49339496157120366,-0.5687176270410781,0.677,-0.649681360762369,0.004924814677510547,0.13669335668197358,0.677,0.020542525295973224,0.0024624073387552736,0.06834667834098679,0.5416000000000001,0.02024614863054037,0,0,0,0,0,0,0,0
0.4884701468936931,-0.7054109837230517,0,-0.6701889794733024,0,0,0.49339496157120366,-0.5687176270410781,0.677,-0.649681360762369,0.004924814677510547,0.13669335668197358,0.677,0.020507618710933317,0.0024624073387552736,0.06834667834098679,0.5416000000000001,0.02037506205888304,0,0,0,0,0,0,0,0
0.4884701468936931,-0.7054109837230517,0,-0.6701366195957426,0,0,0.49339496157120366,-0.5687176270410781,0.677,-0.649681360762369,0.004924814677510547,0.13669335668197358,0.677,0.020455258833373513,0.0024624073387552736,0.06834667834098679,0.5416000000000001,0.020153182616682332,0,0,0,0,0,0,0,0
0.4884701468936931,-0.7054109837230517,0,-0.6701017130107029,0,0,0.49339496157120366,-0.5687176270410781,0.677,-0.649681360762369,0.004924814677510547,0.13669335668197358,0.677,0.02042035224833383,0.0024624073387552736,0.06834667834098679,0.5416000000000001,0.02026858448729172,0,0,0,0,0,0,0,0
0.4884701468936931,-0.7054109837230517,0,-0.6700668064256629,0,0,0.49339496157120366,-0.5687176270410781,0.677,-0.649681360762369,0.004924814677510547,0.13669335668197358,0.677,0.02038544566329381,0.0024624073387552736,0.06834667834098679,0.5416000000000001,0.02024581932313374,0,0,0,0,0,0,0,0
0.4884701468936931,-0.7054109837230517,0,-0.670031899840623,0,0,0.49339496157120366,-0.5687176270410781,0.677,-0.649681360762369,0.004924814677510547,0.13669335668197358,0.677,0.020350539078253904,0.0024624073387552736,0.06834667834098679,0.5416000000000001,0.02016353951554012,0,0,0,0,0,0,0,0
0.4884701468936931,-0.7054109837230517,0,-0.669996993255583,0,0,0.49339496157120366,-0.5687176270410781,0.677,-0.649681360762369,0.004924814677510547,0.13669335668197358,0.677,0.020315632493213998,0.0024624073387552736,0.06834667834098679,0.5416000000000001,0.020163864732170925,0,0,0,0,0,0,0,0
0.4884701468936931,-0.7054109837230517,0,-0.6699620866705431,0,0,0.49339496157120366,-0.5687176270410781,0.677,-0.649681360762369,0.004924814677510547,0.13669335668197358,0.677,0.02028072590817409,0.0024624073387552736,0.06834667834098679,0.5416000000000001,0.020114504074650725,0,0,0,0,0,0,0,0
0.4884701468936931,-0.7054109837230517,0,-0.6699097267929833,0,0,0.49339496157120366,-0.5687176270410781,0.677,-0.649681360762369,0.004924814677510547,0.13669335668197358,0.677,0.020228366030614287,0.0024624073387552736,0.06834667834098679,0.5416000000000001,0.02000071438904992,0,0,0,0,0,0,0,0
0.4884701468936931,-0.7054109837230517,0,-0.6698748202079434,0,0,0.49339496157120366,-0.5687176270410781,0.677,-0.649681360762369,0.004924814677510547,0.13669335668197358,0.677,0.02019345944557438,0.0024624073387552736,0.06834667834098679,0.5416000000000001,0.020034793149938442,0,0,0,0,0,0,0,0
0.4884701468936931,-0.7054109837230517,0,-0.6698224603303835,0,0,0.49339496157120366,-0.5687176270410781,0.677,-0.649681360762369,0.004924814677510547,0.13669335668197358,0.677,0.020141099568014464,0.0024624073387552736,0.06834667834098679,0.5416000000000001,0.01989943859466101,0,0,0,0,0,0,0,0
0.4884701468936931,-0.7054109837230517,0,-0.6698050070378636,0,0,0.49339496157120366,-0.5687176270410781,0.677,-0.649681360762369,0.004924814677510547,0.13669335668197358,0.677,0.020123646275494567,0.0024624073387552736,0.06834667834098679,0.5416000000000001,0.020024854053683823,0,0,0,0,0,0,0,0
0.4884701468936931,-0.7054109837230517,0,-0.6697875537453438,0,0,0.49339496157120366,-0.5687176270410781,0.677,-0.649681360762369,0.004924814677510547,0.13669335668197358,0.677,0.02010619298297478,0.0024624073387552736,0.06834667834098679,0.5416000000000001,0.020021741567556456,0,0,0,0,0,0,0,0
0.4884701468936931,-0.7054109837230517,0,-0.6697701004528238,0,0,0.49339496157120366,-0.5687176270410781,0.677,-0.649681360762369,0.004924814677510547,0.13669335668197358,0.677,0.02008873969045477,0.0024624073387552736,0.06834667834098679,0.5416000000000001,0.020012855809932995,0,0,0,0,0,0,0,0
0.4884701468936931,-0.7054109837230517,0,-0.6697875537453438,0,0,0.49339496157120366,-0.5687176270410781,0.677,-0.649681360762369,0.004924814677510547,0.13669335668197358,0.677,0.02010619298297478,0.0024624073387552736,0.06834667834098679,0.5416000000000001,0.020182076863496556,0,0,0,0,0,0,0,0
0.4884701468936931,-0.7054109837230517,0,-0.669717740575264,0,0,0.49339496157120366,-0.5687176270410781,0.677,-0.649681360762369,0.004924814677510547,0.13669335668197358,0.677,0.020036379812894967,0.0024624073387552736,0.06834667834098679,0.5416000000000001,0.01969857415121845,0,0,0,0,0,0,0,0
0.4884701468936931,-0.7054109837230517,0,-0.6696828339902241,0,0,0.49339496157120366,-0.5687176270410781,0.677,-0.649681360762369,0.004924814677510547,0.13669335668197358,0.677,0.02000147322785506,0.0024624073387552736,0.06834667834098679,0.5416000000000001,0.019849705466811987,0,0,0,0,0,0,0,0
0.4884701468936931,-0.7054109837230517,0,-0.6696304741126642,0,0,0.49339496157120366,-0.5687176270410781,0.677,-0.649681360762369,0.004924814677510547,0.13669335668197358,0.677,0.019949113350295145,0.0024624073387552736,0.06834667834098679,0.5416000000000001,0.019721461708730296,0,0,0,0,0,0,0,0
0.4884701468936931,-0.7054109837230517,0,-0.6695955675276243,0,0,0.49339496157120366,-0.5687176270410781,0.677,-0.649681360762369,0.004924814677510547,0.13669335668197358,0.677,0.019914206765255238,0.0024624073387552736,0.06834667834098679,0.5416000000000001,0.019747984931731872,0,0,0,0,0,0,0,0
0.4884701468936931,-0.7054109837230517,0,-0.6695257543575446,0,0,0.49339496157120366,-0.5687176270410781,0.677,-0.649681360762369,0.004924814677510547,0.13669335668197358,0.677,0.019844393595175536,0.0024624073387552736,0.06834667834098679,0.5416000000000001,0.019549408369486654,0,0,0,0,0,0,0,0
0.4884701468936931,-0.7054109837230517,0,-0.6695257543575446,0,0,0.49339496157120366,-0.5687176270410781,0.677,-0.649681360762369,0.004924814677510547,0.13669335668197358,0.677,0.019844393595175536,0.0024624073387552736,0.06834667834098679,0.5416000000000001,0.019844393595175536,0,0,0,0,0,0,0,0
0.4884701468936931,-0.7054109837230517,0,-0.6694908477725047,0,0,0.49339496157120366,-0.5687176270410781,0.677,-0.649681360762369,0.004924814677510547,0.13669335668197358,0.677,0.01980948701013563,0.0024624073387552736,0.06834667834098679,0.5416000000000001,0.01964058417929737,0,0,0,0,0,0,0,0
0.4884701468936931,-0.7054109837230517,0,-0.6694559411874649,0,0,0.49339496157120366,-0.5687176270410781,0.677,-0.649681360762369,0.004924814677510547,0.13669335668197358,0.677,0.019774580425095833,0.0024624073387552736,0.06834667834098679,0.5416000000000001,0.01957699598147435,0,0,0,0,0,0,0,0
0.4884701468936931,-0.7054109837230517,0,-0.669421034602425,0,0,0.49339496157120366,-0.5687176270410781,0.677,-0.649681360762369,0.004924814677510547,0.13669335668197358,0.677,0.019739673840055927,0.0024624073387552736,0.06834667834098679,0.5416000000000001,0.019587906079012854,0,0,0,0,0,0,0,0
0.4884701468936931,-0.7054109837230517,0,-0.669386128017385,0,0,0.49339496157120366,-0.5687176270410781,0.677,-0.649681360762369,0.004924814677510547,0.13669335668197358,0.677,0.01970476725501591,0.0024624073387552736,0.06834667834098679,0.5416000000000001,0.019535864424177114,0,0,0,0,0,0,0,0
0.4884701468936931,-0.7054109837230517,0,-0.6693512214323453,0,0,0.49339496157120366,-0.5687176270410781,0.677,-0.649681360762369,0.004924814677510547,0.13669335668197358,0.677,0.019669860669976225,0.0024624073387552736,0.06834667834098679,0.5416000000000001,0.019518092908934116,0,0,0,0,0,0,0,0
0.4884701468936931,-0.7054109837230517,0,-0.6693337681398251,0,0,0.49339496157120366,-0.5687176270410781,0.677,-0.649681360762369,0.004924814677510547,0.13669335668197358,0.677,0.019652407377456105,0.0024624073387552736,0.06834667834098679,0.5416000000000001,0.019576523496933843,0,0,0,0,0,0,0,0
0.4884701468936931,-0.7054109837230517,0,-0.6692814082622653,0,0,0.49339496157120366,-0.5687176270410781,0.677,-0.649681360762369,0.004924814677510547,0.13669335668197358,0.677,0.0196000474998963,0.0024624073387552736,0.06834667834098679,0.5416000000000001,0.01934669325363918,0,0,0,0,0,0,0,0
0.4884701468936931,-0.7054109837230517,0,-0.6692290483847054,0,0,0.49339496157120366,-0.5687176270410781,0.677,-0.649681360762369,0.004924814677510547,0.13669335668197358,0.677,0.019547687622336385,0.0024624073387552736,0.06834667834098679,0.5416000000000001,0.019320035980771536,0,0,0,0,0,0,0,0
0.4884701468936931,-0.7054109837230517,0,-0.6691766885071457,0,0,0.49339496157120366,-0.5687176270410781,0.677,-0.649681360762369,0.004924814677510547,0.13669335668197358,0.677,0.01949532774477669,0.0024624073387552736,0.06834667834098679,0.5416000000000001,0.01925732830132354,0,0,0,0,0,0,0,0
0.4884701468936931,-0.7054109837230517,0,-0.6691243286295858,0,0,0.49339496157120366,-0.5687176270410781,0.677,-0.649681360762369,0.004924814677510547,0.13669335668197358,0.677,0.019442967867216776,0.0024624073387552736,0.06834667834098679,0.5416000000000001,0.019128808601857283,0,0,0,0,0,0,0,0
0.4884701468936931,-0.7054109837230517,0,-0.6691068753370659,0,0,0.49339496157120366,-0.5687176270410781,0.677,-0.649681360762369,0.004924814677510547,0.13669335668197358,0.677,0.019425514574696878,0.0024624073387552736,0.06834667834098679,0.5416000000000001,0.019348514754756154,0,0,0,0,0,0,0,0
0.4884701468936931,-0.7054109837230517,0,-0.669071968752026,0,0,0.49339496157120366,-0.5687176270410781,0.677,-0.649681360762369,0.004924814677510547,0.13669335668197358,0.677,0.01939060798965697,0.0024624073387552736,0.06834667834098679,0.5416000000000001,0.019224386156133606,0,0,0,0,0,0,0,0
0.4884701468936931,-0.7054109837230517,0,-0.6690021555819462,0,0,0.49339496157120366,-0.5687176270410781,0.677,-0.649681360762369,0.004924814677510547,0.13669335668197358,0.677,0.01932079481957716,0.0024624073387552736,0.06834667834098679,0.5416000000000001,0.019017259297491013,0,0,0,0,0,0,0,0
0.4884701468936931,-0.7054109837230517,0,-0.6689497957043863,0,0,0.49339496157120366,-0.5687176270410781,0.677,-0.649681360762369,0.004924814677510547,0.13669335668197358,0.677,0.019268434942017243,0.0024624073387552736,0.06834667834098679,0.5416000000000001,0.019037435482194085,0,0,0,0,0,0,0,0
0.4884701468936931,-0.7054109837230517,0,-0.6688799825343066,0,0,0.49339496157120366,-0.5687176270410781,0.677,-0.649681360762369,0.004924814677510547,0.13669335668197358,0.677,0.01919862177193754,0.0024624073387552736,0.06834667834098679,0.5416000000000001,0.018876407140800452,0,0,0,0,0,0,0,0
0.4884701468936931,-0.7054109837230517,0,-0.6688625292417866,0,0,0.49339496157120366,-0.5687176270410781,0.677,-0.649681360762369,0.004924814677510547,0.13669335668197358,0.677,0.019181168479417532,0.0024624073387552736,0.06834667834098679,0.5416000000000001,0.01910301940843242,0,0,0,0,0,0,0,0
0.4884701468936931,-0.7054109837230517,0,-0.6688625292417866,0,0,0.49339496157120366,-0.5687176270410781,0.677,-0.649681360762369,0.004924814677510547,0.13669335668197358,0.677,0.019181168479417532,0.0024624073387552736,0.06834667834098679,0.5416000000000001,0.019181168479417532,0,0,0,0,0,0,0,0
0.4884701468936931,-0.7054109837230517,0,-0.6688625292417866,0,0,0.49339496157120366,-0.5687176270410781,0.677,-0.649681360762369,0.004924814677510547,0.13669335668197358,0.677,0.019181168479417532,0.0024624073387552736,0.06834667834098679,0.5416000000000001,0.019181168479417532,0,0,0,0,0,0,0,0
0.4884701468936931,-0.7054109837230517,0,-0.6688450759492667,0,0,0.49339496157120366,-0.5687176270410781,0.677,-0.649681360762369,0.004924814677510547,0.13669335668197358,0.677,0.019163715186897634,0.0024624073387552736,0.06834667834098679,0.5416000000000001,0.01906492296508689,0,0,0,0,0,0,0,0
0.4884701468936931,-0.7054109837230517,0,-0.6688276226567467,0,0,0.49339496157120366,-0.5687176270410781,0.677,-0.649681360762369,0.004924814677510547,0.13669335668197358,0.677,0.019146261894377625,0.0024624073387552736,0.06834667834098679,0.5416000000000001,0.01907037801385585,0,0,0,0,0,0,0,0
0.4884701468936931,-0.7054109837230517,0,-0.6687752627791869,0,0,0.49339496157120366,-0.5687176270410781,0.677,-0.649681360762369,0.004924814677510547,0.13669335668197358,0.677,0.01909390201681782,0.0024624073387552736,0.06834667834098679,0.5416000000000001,0.018892517872357035,0,0,0,0,0,0,0,0
0.4884701468936931,-0.7054109837230517,0,-0.668722902901627,0,0,0.49339496157120366,-0.5687176270410781,0.677,-0.649681360762369,0.004924814677510547,0.13669335668197358,0.677,0.019041542139257905,0.0024624073387552736,0.06834667834098679,0.5416000000000001,0.018750653930591707,0,0,0,0,0,0,0,0
0.4884701468936931,-0.7054109837230517,0,-0.668687996316587,0,0,0.49339496157120366,-0.5687176270410781,0.677,-0.649681360762369,0.004924814677510547,0.13669335668197358,0.677,0.019006635554218,0.0024624073387552736,0.06834667834098679,0.5416000000000001,0.018852635914336058,0,0,0,0,0,0,0,0
0.4884701468936931,-0.7054109837230517,0,-0.6686530897315472,0,0,0.49339496157120366,-0.5687176270410781,0.677,-0.649681360762369,0.004924814677510547,0.13669335668197358,0.677,0.018971728969178203,0.0024624073387552736,0.06834667834098679,0.5416000000000001,0.018805507135655368,0,0,0,0,0,0,0,0
0.4884701468936931,-0.7054109837230517,0,-0.6685832765614674,0,0,0.49339496157120366,-0.5687176270410781,0.677,-0.649681360762369,0.004924814677510547,0.13669335668197358,0.677,0.01890191579909839,0.0024624073387552736,0.06834667834098679,0.5416000000000001,0.018598380277012244,0,0,0,0,0,0,0,0
0.4884701468936931,-0.7054109837230517,0,-0.6685832765614674,0,0,0.49339496157120366,-0.5687176270410781,0.677,-0.649681360762369,0.004924814677510547,0.13669335668197358,0.677,0.01890191579909839,0.0024624073387552736,0.06834667834098679,0.5416000000000001,0.01890191579909839,0,0,0,0,0,0,0,0
0.4884701468936931,-0.7054109837230517,0,-0.6685832765614674,0,0,0.49339496157120366,-0.5687176270410781,0.677,-0.649681360762369,0.004924814677510547,0.13669335668197358,0.677,0.01890191579909839,0.0024624073387552736,0.06834667834098679,0.5416000000000001,0.01890191579909839,0,0,0,0,0,0,0,0
0.4884701468936931,-0.7054109837230517,0,-0.6685658232689474,0,0,0.49339496157120366,-0.5687176270410781,0.677,-0.649681360762369,0.004924814677510547,0.13669335668197358,0.677,0.01888446250657838,0.0024624073387552736,0.06834667834098679,0.5416000000000001,0.018789262729196513,0,0,0,0,0,0,0,0
0.4884701468936931,-0.7054109837230517,0,-0.6685483699764276,0,0,0.49339496157120366,-0.5687176270410781,0.677,-0.649681360762369,0.004924814677510547,0.13669335668197358,0.677,0.018867009214058594,0.0024624073387552736,0.06834667834098679,0.5416000000000001,0.018801559367109394,0,0,0,0,0,0,0,0
0.4884701468936931,-0.7054109837230517,0,-0.6684960100988677,0,0,0.49339496157120366,-0.5687176270410781,0.677,-0.649681360762369,0.004924814677510547,0.13669335668197358,0.677,0.01881464933649868,0.0024624073387552736,0.06834667834098679,0.5416000000000001,0.0185528499486991,0,0,0,0,0,0,0,0
0.4884701468936931,-0.7054109837230517,0,-0.6684960100988677,0,0,0.49339496157120366,-0.5687176270410781,0.677,-0.649681360762369,0.004924814677510547,0.13669335668197358,0.677,0.01881464933649868,0.0024624073387552736,0.06834667834098679,0.5416000000000001,0.01881464933649868,0,0,0,0,0,0,0,0
0.4884701468936931,-0.7054109837230517,0,-0.6684785568063477,0,0,0.49339496157120366,-0.5687176270410781,0.677,-0.649681360762369,0.004924814677510547,0.13669335668197358,0.677,0.01879719604397867,0.0024624073387552736,0.06834667834098679,0.5416000000000001,0.01871408512721672,0,0,0,0,0,0,0,0
0.4884701468936931,-0.7054109837230517,0,-0.6684436502213079,0,0,0.49339496157120366,-0.5687176270410781,0.677,-0.649681360762369,0.004924814677510547,0.13669335668197358,0.677,0.018762289458938874,0.0024624073387552736,0.06834667834098679,0.5416000000000001,0.018610521697896284,0,0,0,0,0,0,0,0
0.4884701468936931,-0.7054109837230517,0,-0.6684261969287879,0,0,0.49339496157120366,-0.5687176270410781,0.677,-0.649681360762369,0.004924814677510547,0.13669335668197358,0.677,0.018744836166418866,0.0024624073387552736,0.06834667834098679,0.5416000000000001,0.01866783634647765,0,0,0,0,0,0,0,0
0.4884701468936931,-0.7054109837230517,0,-0.6684087436362681,0,0,0.49339496157120366,-0.5687176270410781,0.677,-0.649681360762369,0.004924814677510547,0.13669335668197358,0.677,0.01872738287389908,0.0024624073387552736,0.06834667834098679,0.5416000000000001,0.01864427195713819,0,0,0,0,0,0,0,0
0.4884701468936931,-0.7054109837230517,0,-0.6683738370512282,0,0,0.49339496157120366,-0.5687176270410781,0.677,-0.649681360762369,0.004924814677510547,0.13669335668197358,0.677,0.018692476288859172,0.0024624073387552736,0.06834667834098679,0.5416000000000001,0.0185407085278161,0,0,0,0,0,0,0,0
0.4884701468936931,-0.7054109837230517,0,-0.6683738370512282,0,0,0.49339496157120366,-0.5687176270410781,0.677,-0.649681360762369,0.004924814677510547,0.13669335668197358,0.677,0.018692476288859172,0.0024624073387552736,0.06834667834098679,0.5416000000000001,0.018692476288859172,0,0,0,0,0,0,0,0
0.4884701468936931,-0.7054109837230517,0,-0.6683389304661883,0,0,0.49339496157120366,-0.5687176270410781,0.677,-0.649681360762369,0.004924814677510547,0.13669335668197358,0.677,0.018657569703819266,0.0024624073387552736,0.06834667834098679,0.5416000000000001,0.018523313607511933,0,0,0,0,0,0,0,0
0.4884701468936931,-0.7054109837230517,0,-0.6683040238811484,0,0,0.49339496157120366,-0.5687176270410781,0.677,-0.649681360762369,0.004924814677510547,0.13669335668197358,0.677,0.01862266311877936,0.0024624073387552736,0.06834667834098679,0.5416000000000001,0.018425078675157247,0,0,0,0,0,0,0,0
0.4884701468936931,-0.7054109837230517,0,-0.6682691172961085,0,0,0.49339496157120366,-0.5687176270410781,0.677,-0.649681360762369,0.004924814677510547,0.13669335668197358,0.677,0.018587756533739452,0.0024624073387552736,0.06834667834098679,0.5416000000000001,0.01843598877269638,0,0,0,0,0,0,0,0
0.4884701468936931,-0.7054109837230517,0,-0.6682342107110687,0,0,0.49339496157120366,-0.5687176270410781,0.677,-0.649681360762369,0.004924814677510547,0.13669335668197358,0.677,0.018552849948699657,0.0024624073387552736,0.06834667834098679,0.5416000000000001,0.018383947117861937,0,0,0,0,0,0,0,0
0.4884701468936931,-0.7054109837230517,0,-0.6681993041260288,0,0,0.49339496157120366,-0.5687176270410781,0.677,-0.649681360762369,0.004924814677510547,0.13669335668197358,0.677,0.01851794336365975,0.0024624073387552736,0.06834667834098679,0.5416000000000001,0.018366175602616677,0,0,0,0,0,0,0,0
0.4884701468936931,-0.7054109837230517,0,-0.6681993041260288,0,0,0.49339496157120366,-0.5687176270410781,0.677,-0.649681360762369,0.004924814677510547,0.13669335668197358,0.677,0.01851794336365975,0.0024624073387552736,0.06834667834098679,0.5416000000000001,0.01851794336365975,0,0,0,0,0,0,0,0
0.4884701468936931,-0.7054109837230517,0,-0.6681818508335089,0,0,0.49339496157120366,-0.5687176270410781,0.677,-0.649681360762369,0.004924814677510547,0.13669335668197358,0.677,0.018500490071139852,0.0024624073387552736,0.06834667834098679,0.5416000000000001,0.018417379154378435,0,0,0,0,0,0,0,0
0.4884701468936931,-0.7054109837230517,0,-0.668146944248469,0,0,0.49339496157120366,-0.5687176270410781,0.677,-0.649681360762369,0.004924814677510547,0.13669335668197358,0.677,0.018465583486099946,0.0024624073387552736,0.06834667834098679,0.5416000000000001,0.018313815725056873,0,0,0,0,0,0,0,0
0.4884701468936931,-0.7054109837230517,0,-0.6681294909559491,0,0,0.49339496157120366,-0.5687176270410781,0.677,-0.649681360762369,0.004924814677510547,0.13669335668197358,0.677,0.018448130193580048,0.0024624073387552736,0.06834667834098679,0.5416000000000001,0.018367576535795904,0,0,0,0,0,0,0,0
0.4884701468936931,-0.7054109837230517,0,-0.6681120376634291,0,0,0.49339496157120366,-0.5687176270410781,0.677,-0.649681360762369,0.004924814677510547,0.13669335668197358,0.677,0.01843067690106004,0.0024624073387552736,0.06834667834098679,0.5416000000000001,0.018328010474471752,0,0,0,0,0,0,0,0
0.4884701468936931,-0.7054109837230517,0,-0.6680945843709092,0,0,0.49339496157120366,-0.5687176270410781,0.677,-0.649681360762369,0.004924814677510547,0.13669335668197358,0.677,0.01841322360854014,0.0024624073387552736,0.06834667834098679,0.5416000000000001,0.018336223788599417,0,0,0,0,0,0,0,0
0.4884701468936931,-0.7054109837230517,0,-0.6680596777858693,0,0,0.49339496157120366,-0.5687176270410781,0.677,-0.649681360762369,0.004924814677510547,0.13669335668197358,0.677,0.018378317023500235,0.0024624073387552736,0.06834667834098679,0.5416000000000001,0.018209414192661977,0,0,0,0,0,0,0,0
0.4884701468936931,-0.7054109837230517,0,-0.6680771310783894,0,0,0.49339496157120366,-0.5687176270410781,0.677,-0.649681360762369,0.004924814677510547,0.13669335668197358,0.677,0.018395770316020355,0.0024624073387552736,0.06834667834098679,0.5416000000000001,0.018471654196542616,0,0,0,0,0,0,0,0
0.4884701468936931,-0.7054109837230517,0,-0.6680247712008295,0,0,0.49339496157120366,-0.5687176270410781,0.677,-0.649681360762369,0.004924814677510547,0.13669335668197358,0.677,0.01834341043846044,0.0024624073387552736,0.06834667834098679,0.5416000000000001,0.01811575879689559,0,0,0,0,0,0,0,0
0.4884701468936931,-0.7054109837230517,0,-0.6679898646157895,0,0,0.49339496157120366,-0.5687176270410781,0.677,-0.649681360762369,0.004924814677510547,0.13669335668197358,0.677,0.01830850385342042,0.0024624073387552736,0.06834667834098679,0.5416000000000001,0.018139601022581626,0,0,0,0,0,0,0,0
0.4884701468936931,-0.7054109837230517,0,-0.6679549580307494,0,0,0.49339496157120366,-0.5687176270410781,0.677,-0.649681360762369,0.004924814677510547,0.13669335668197358,0.677,0.018273597268380404,0.0024624073387552736,0.06834667834098679,0.5416000000000001,0.01812182950733685,0,0,0,0,0,0,0,0
0.4884701468936931,-0.7054109837230517,0,-0.6679025981531899,0,0,0.49339496157120366,-0.5687176270410781,0.677,-0.649681360762369,0.004924814677510547,0.13669335668197358,0.677,0.01822123739082082,0.0024624073387552736,0.06834667834098679,0.5416000000000001,0.01799358574925742,0,0,0,0,0,0,0,0
0.4884701468936931,-0.7054109837230517,0,-0.66786769156815,0,0,0.49339496157120366,-0.5687176270410781,0.677,-0.649681360762369,0.004924814677510547,0.13669335668197358,0.677,0.018186330805780915,0.0024624073387552736,0.06834667834098679,0.5416000000000001,0.018017427974942657,0,0,0,0,0,0,0,0
0.4884701468936931,-0.7054109837230517,0,-0.6678327849831099,0,0,0.49339496157120366,-0.5687176270410781,0.677,-0.649681360762369,0.004924814677510547,0.13669335668197358,0.677,0.018151424220740897,0.0024624073387552736,0.06834667834098679,0.5416000000000001,0.017957498748296354,0,0,0,0,0,0,0,0
0.4884701468936931,-0.7054109837230517,0,-0.6678327849831099,0,0,0.49339496157120366,-0.5687176270410781,0.677,-0.649681360762369,0.004924814677510547,0.13669335668197358,0.677,0.018151424220740897,0.0024624073387552736,0.06834667834098679,0.5416000000000001,0.018151424220740897,0,0,0,0,0,0,0,0
0.4884701468936931,-0.7054109837230517,0,-0.6678502382756298,0,0,0.49339496157120366,-0.5687176270410781,0.677,-0.649681360762369,0.004924814677510547,0.13669335668197358,0.677,0.018168877513260795,0.0024624073387552736,0.06834667834098679,0.5416000000000001,0.01825471337811275,0,0,0,0,0,0,0,0
0.4884701468936931,-0.7054109837230517,0,-0.66781533169059,0,0,0.49339496157120366,-0.5687176270410781,0.677,-0.649681360762369,0.004924814677510547,0.13669335668197358,0.677,0.018133970928221,0.0024624073387552736,0.06834667834098679,0.5416000000000001,0.01798647831537679,0,0,0,0,0,0,0,0
0.4884701468936931,-0.7054109837230517,0,-0.6677629718130302,0,0,0.49339496157120366,-0.5687176270410781,0.677,-0.649681360762369,0.004924814677510547,0.13669335668197358,0.677,0.018081611050661195,0.0024624073387552736,0.06834667834098679,0.5416000000000001,0.01785395940909683,0,0,0,0,0,0,0,0
0.4884701468936931,-0.7054109837230517,0,-0.6677629718130302,0,0,0.49339496157120366,-0.5687176270410781,0.677,-0.649681360762369,0.004924814677510547,0.13669335668197358,0.677,0.018081611050661195,0.0024624073387552736,0.06834667834098679,0.5416000000000001,0.018081611050661195,0,0,0,0,0,0,0,0
0.4884701468936931,-0.7054109837230517,0,-0.6677106119354705,0,0,0.49339496157120366,-0.5687176270410781,0.677,-0.649681360762369,0.004924814677510547,0.13669335668197358,0.677,0.0180292511731015,0.0024624073387552736,0.06834667834098679,0.5416000000000001,0.01777589692684492,0,0,0,0,0,0,0,0
0.4884701468936931,-0.7054109837230517,0,-0.6676931586429504,0,0,0.49339496157120366,-0.5687176270410781,0.677,-0.649681360762369,0.004924814677510547,0.13669335668197358,0.677,0.01801179788058138,0.0024624073387552736,0.06834667834098679,0.5416000000000001,0.017934798060639676,0,0,0,0,0,0,0,0
0.4884701468936931,-0.7054109837230517,0,-0.6676582520579106,0,0,0.49339496157120366,-0.5687176270410781,0.677,-0.649681360762369,0.004924814677510547,0.13669335668197358,0.677,0.017976891295541586,0.0024624073387552736,0.06834667834098679,0.5416000000000001,0.01781066946201875,0,0,0,0,0,0,0,0
0.4884701468936931,-0.7054109837230517,0,-0.6676058921803507,0,0,0.49339496157120366,-0.5687176270410781,0.677,-0.649681360762369,0.004924814677510547,0.13669335668197358,0.677,0.01792453141798167,0.0024624073387552736,0.06834667834098679,0.5416000000000001,0.017628154752548187,0,0,0,0,0,0,0,0
0.4884701468936931,-0.7054109837230517,0,-0.6675709855953108,0,0,0.49339496157120366,-0.5687176270410781,0.677,-0.649681360762369,0.004924814677510547,0.13669335668197358,0.677,0.017889624832941764,0.0024624073387552736,0.06834667834098679,0.5416000000000001,0.017758725139042114,0,0,0,0,0,0,0,0
0.4884701468936931,-0.7054109837230517,0,-0.6675186257177509,0,0,0.49339496157120366,-0.5687176270410781,0.677,-0.649681360762369,0.004924814677510547,0.13669335668197358,0.677,0.01783726495538185,0.0024624073387552736,0.06834667834098679,0.5416000000000001,0.01752926567561764,0,0,0,0,0,0,0,0
0.4884701468936931,-0.7054109837230517,0,-0.6675360790102709,0,0,0.49339496157120366,-0.5687176270410781,0.677,-0.649681360762369,0.004924814677510547,0.13669335668197358,0.677,0.017854718247901857,0.0024624073387552736,0.06834667834098679,0.5416000000000001,0.017930602128423633,0,0,0,0,0,0,0,0
0.4884701468936931,-0.7054109837230517,0,-0.6675011724252311,0,0,0.49339496157120366,-0.5687176270410781,0.677,-0.649681360762369,0.004924814677510547,0.13669335668197358,0.677,0.017819811662862062,0.0024624073387552736,0.06834667834098679,0.5416000000000001,0.017653589829339227,0,0,0,0,0,0,0,0
0.4884701468936931,-0.7054109837230517,0,-0.6674662658401912,0,0,0.49339496157120366,-0.5687176270410781,0.677,-0.649681360762369,0.004924814677510547,0.13669335668197358,0.677,0.017784905077822155,0.0024624073387552736,0.06834667834098679,0.5416000000000001,0.017633137316779082,0,0,0,0,0,0,0,0
0.4884701468936931,-0.7054109837230517,0,-0.6674313592551514,0,0,0.49339496157120366,-0.5687176270410781,0.677,-0.649681360762369,0.004924814677510547,0.13669335668197358,0.677,0.01774999849278236,0.0024624073387552736,0.06834667834098679,0.5416000000000001,0.017595998852900908,0,0,0,0,0,0,0,0
0.4884701468936931,-0.7054109837230517,0,-0.6673789993775915,0,0,0.49339496157120366,-0.5687176270410781,0.677,-0.649681360762369,0.004924814677510547,0.13669335668197358,0.677,0.017697638615222444,0.0024624073387552736,0.06834667834098679,0.5416000000000001,0.017448305864937133,0,0,0,0,0,0,0,0
0.4884701468936931,-0.7054109837230517,0,-0.6673615460850714,0,0,0.49339496157120366,-0.5687176270410781,0.677,-0.649681360762369,0.004924814677510547,0.13669335668197358,0.677,0.017680185322702324,0.0024624073387552736,0.06834667834098679,0.5416000000000001,0.017603185502760618,0,0,0,0,0,0,0,0
0.4884701468936931,-0.7054109837230517,0,-0.6673615460850714,0,0,0.49339496157120366,-0.5687176270410781,0.677,-0.649681360762369,0.004924814677510547,0.13669335668197358,0.677,0.017680185322702324,0.0024624073387552736,0.06834667834098679,0.5416000000000001,0.017680185322702324,0,0,0,0,0,0,0,0
0.4884701468936931,-0.7054109837230517,0,-0.6673266395000316,0,0,0.49339496157120366,-0.5687176270410781,0.677,-0.649681360762369,0.004924814677510547,0.13669335668197358,0.677,0.01764527873766253,0.0024624073387552736,0.06834667834098679,0.5416000000000001,0.01751272208561267,0,0,0,0,0,0,0,0
0.4884701468936931,-0.7054109837230517,0,-0.6673091862075116,0,0,0.49339496157120366,-0.5687176270410781,0.677,-0.649681360762369,0.004924814677510547,0.13669335668197358,0.677,0.01762782544514252,0.0024624073387552736,0.06834667834098679,0.5416000000000001,0.01754601313645498,0,0,0,0,0,0,0,0
0.4884701468936931,-0.7054109837230517,0,-0.6673091862075116,0,0,0.49339496157120366,-0.5687176270410781,0.677,-0.649681360762369,0.004924814677510547,0.13669335668197358,0.677,0.01762782544514252,0.0024624073387552736,0.06834667834098679,0.5416000000000001,0.01762782544514252,0,0,0,0,0,0,0,0
0.4884701468936931,-0.7054109837230517,0,-0.6672742796224718,0,0,0.49339496157120366,-0.5687176270410781,0.677,-0.649681360762369,0.004924814677510547,0.13669335668197358,0.677,0.017592918860102724,0.0024624073387552736,0.06834667834098679,0.5416000000000001,0.01742669702657989,0,0,0,0,0,0,0,0
0.4884701468936931,-0.7054109837230517,0,-0.6672742796224718,0,0,0.49339496157120366,-0.5687176270410781,0.677,-0.649681360762369,0.004924814677510547,0.13669335668197358,0.677,0.017592918860102724,0.0024624073387552736,0.06834667834098679,0.5416000000000001,0.017592918860102724,0,0,0,0,0,0,0,0
0.4884701468936931,-0.7054109837230517,0,-0.6672742796224718,0,0,0.49339496157120366,-0.5687176270410781,0.677,-0.649681360762369,0.004924814677510547,0.13669335668197358,0.677,0.017592918860102724,0.0024624073387552736,0.06834667834098679,0.5416000000000001,0.017592918860102724,0,0,0,0,0,0,0,0
0.4884701468936931,-0.7054109837230517,0,-0.6672393730374319,0,0,0.49339496157120366,-0.5687176270410781,0.677,-0.649681360762369,0.004924814677510547,0.13669335668197358,0.677,0.017558012275062818,0.0024624073387552736,0.06834667834098679,0.5416000000000001,0.01739179044153945,0,0,0,0,0,0,0,0
0.4884701468936931,-0.7054109837230517,0,-0.6672044664523918,0,0,0.49339496157120366,-0.5687176270410781,0.677,-0.649681360762369,0.004924814677510547,0.13669335668197358,0.677,0.0175231056900228,0.0024624073387552736,0.06834667834098679,0.5416000000000001,0.017371337928979245,0,0,0,0,0,0,0,0
0.4884701468936931,-0.7054109837230517,0,-0.667169559867352,0,0,0.49339496157120366,-0.5687176270410781,0.677,-0.649681360762369,0.004924814677510547,0.13669335668197358,0.677,0.017488199104983004,0.0024624073387552736,0.06834667834098679,0.5416000000000001,0.017327091789414717,0,0,0,0,0,0,0,0
0.4884701468936931,-0.7054109837230517,0,-0.6671171999897922,0,0,0.49339496157120366,-0.5687176270410781,0.677,-0.649681360762369,0.004924814677510547,0.13669335668197358,0.677,0.0174358392274232,0.0024624073387552736,0.06834667834098679,0.5416000000000001,0.017127839947659644,0,0,0,0,0,0,0,0
0.4884701468936931,-0.7054109837230517,0,-0.6670997466972722,0,0,0.49339496157120366,-0.5687176270410781,0.677,-0.649681360762369,0.004924814677510547,0.13669335668197358,0.677,0.01741838593490319,0.0024624073387552736,0.06834667834098679,0.5416000000000001,0.017341386114961974,0,0,0,0,0,0,0,0
0.4884701468936931,-0.7054109837230517,0,-0.6670997466972722,0,0,0.49339496157120366,-0.5687176270410781,0.677,-0.649681360762369,0.004924814677510547,0.13669335668197358,0.677,0.01741838593490319,0.0024624073387552736,0.06834667834098679,0.5416000000000001,0.01741838593490319,0,0,0,0,0,0,0,0
0.4884701468936931,-0.7054109837230517,0,-0.6670822934047522,0,0,0.49339496157120366,-0.5687176270410781,0.677,-0.649681360762369,0.004924814677510547,0.13669335668197358,0.677,0.017400932642383182,0.0024624073387552736,0.06834667834098679,0.5416000000000001,0.017325048761861406,0,0,0,0,0,0,0,0
0.4884701468936931,-0.7054109837230517,0,-0.6670648401122323,0,0,0.49339496157120366,-0.5687176270410781,0.677,-0.649681360762369,0.004924814677510547,0.13669335668197358,0.677,0.017383479349863284,0.0024624073387552736,0.06834667834098679,0.5416000000000001,0.01730759546934199,0,0,0,0,0,0,0,0
0.4884701468936931,-0.7054109837230517,0,-0.6670124802346725,0,0,0.49339496157120366,-0.5687176270410781,0.677,-0.649681360762369,0.004924814677510547,0.13669335668197358,0.677,0.01733111947230348,0.0024624073387552736,0.06834667834098679,0.5416000000000001,0.01707776522604636,0,0,0,0,0,0,0,0
0.4884701468936931,-0.7054109837230517,0,-0.6669950269421525,0,0,0.49339496157120366,-0.5687176270410781,0.677,-0.649681360762369,0.004924814677510547,0.13669335668197358,0.677,0.01731366617978347,0.0024624073387552736,0.06834667834098679,0.5416000000000001,0.017237782299261695,0,0,0,0,0,0,0,0
0.4884701468936931,-0.7054109837230517,0,-0.6669426670645927,0,0,0.49339496157120366,-0.5687176270410781,0.677,-0.649681360762369,0.004924814677510547,0.13669335668197358,0.677,0.017261306302223667,0.0024624073387552736,0.06834667834098679,0.5416000000000001,0.0170336546606593,0,0,0,0,0,0,0,0
0.4884701468936931,-0.7054109837230517,0,-0.6669252137720728,0,0,0.49339496157120366,-0.5687176270410781,0.677,-0.649681360762369,0.004924814677510547,0.13669335668197358,0.677,0.01724385300970377,0.0024624073387552736,0.06834667834098679,0.5416000000000001,0.01716074209294235,0,0,0,0,0,0,0,0
0.4884701468936931,-0.7054109837230517,0,-0.6669077604795529,0,0,0.49339496157120366,-0.5687176270410781,0.677,-0.649681360762369,0.004924814677510547,0.13669335668197358,0.677,0.01722639971718387,0.0024624073387552736,0.06834667834098679,0.5416000000000001,0.01712570764495369,0,0,0,0,0,0,0,0
0.4884701468936931,-0.7054109837230517,0,-0.6669077604795529,0,0,0.49339496157120366,-0.5687176270410781,0.677,-0.649681360762369,0.004924814677510547,0.13669335668197358,0.677,0.01722639971718387,0.0024624073387552736,0.06834667834098679,0.5416000000000001,0.01722639971718387,0,0,0,0,0,0,0,0
0.4884701468936931,-0.7054109837230517,0,-0.666855400601993,0,0,0.49339496157120366,-0.5687176270410781,0.677,-0.649681360762369,0.004924814677510547,0.13669335668197358,0.677,0.017174039839623956,0.0024624073387552736,0.06834667834098679,0.5416000000000001,0.016924707089338645,0,0,0,0,0,0,0,0
0.4884701468936931,-0.7054109837230517,0,-0.666855400601993,0,0,0.49339496157120366,-0.5687176270410781,0.677,-0.649681360762369,0.004924814677510547,0.13669335668197358,0.677,0.017174039839623956,0.0024624073387552736,0.06834667834098679,0.5416000000000001,0.017174039839623956,0,0,0,0,0,0,0,0
0.4884701468936931,-0.7054109837230517,0,-0.6668030407244333,0,0,0.49339496157120366,-0.5687176270410781,0.677,-0.649681360762369,0.004924814677510547,0.13669335668197358,0.677,0.017121679962064262,0.0024624073387552736,0.06834667834098679,0.5416000000000001,0.016894028320500378,0,0,0,0,0,0,0,0
0.4884701468936931,-0.7054109837230517,0,-0.6667855874319131,0,0,0.49339496157120366,-0.5687176270410781,0.677,-0.649681360762369,0.004924814677510547,0.13669335668197358,0.677,0.01710422666954403,0.0024624073387552736,0.06834667834098679,0.5416000000000001,0.017037098621389298,0,0,0,0,0,0,0,0
0.4884701468936931,-0.7054109837230517,0,-0.6667157742618334,0,0,0.49339496157120366,-0.5687176270410781,0.677,-0.649681360762369,0.004924814677510547,0.13669335668197358,0.677,0.01703441349946433,0.0024624073387552736,0.06834667834098679,0.5416000000000001,0.016646562554577096,0,0,0,0,0,0,0,0
0.4884701468936931,-0.7054109837230517,0,-0.6666983209693135,0,0,0.49339496157120366,-0.5687176270410781,0.677,-0.649681360762369,0.004924814677510547,0.13669335668197358,0.677,0.01701696020694443,0.0024624073387552736,0.06834667834098679,0.5416000000000001,0.016937627059126714,0,0,0,0,0,0,0,0
0.4884701468936931,-0.7054109837230517,0,-0.6666634143842736,0,0,0.49339496157120366,-0.5687176270410781,0.677,-0.649681360762369,0.004924814677510547,0.13669335668197358,0.677,0.016982053621904525,0.0024624073387552736,0.06834667834098679,0.5416000000000001,0.016820946306335724,0,0,0,0,0,0,0,0
0.4884701468936931,-0.7054109837230517,0,-0.6665936012141938,0,0,0.49339496157120366,-0.5687176270410781,0.677,-0.649681360762369,0.004924814677510547,0.13669335668197358,0.677,0.01691224045182471,0.0024624073387552736,0.06834667834098679,0.5416000000000001,0.016517071564580484,0,0,0,0,0,0,0,0
0.4884701468936931,-0.7054109837230517,0,-0.6665936012141938,0,0,0.49339496157120366,-0.5687176270410781,0.677,-0.649681360762369,0.004924814677510547,0.13669335668197358,0.677,0.01691224045182471,0.0024624073387552736,0.06834667834098679,0.5416000000000001,0.01691224045182471,0,0,0,0,0,0,0,0
0.4884701468936931,-0.7054109837230517,0,-0.6665761479216737,0,0,0.49339496157120366,-0.5687176270410781,0.677,-0.649681360762369,0.004924814677510547,0.13669335668197358,0.677,0.016894787159304703,0.0024624073387552736,0.06834667834098679,0.5416000000000001,0.016792120732716416,0,0,0,0,0,0,0,0
0.4884701468936931,-0.7054109837230517,0,-0.666541241336634,0,0,0.49339496157120366,-0.5687176270410781,0.677,-0.649681360762369,0.004924814677510547,0.13669335668197358,0.677,0.016859880574264907,0.0024624073387552736,0.06834667834098679,0.5416000000000001,0.016708112813222317,0,0,0,0,0,0,0,0
0.4884701468936931,-0.7054109837230517,0,-0.6664888814590741,0,0,0.49339496157120366,-0.5687176270410781,0.677,-0.649681360762369,0.004924814677510547,0.13669335668197358,0.677,0.016807520696705103,0.0024624073387552736,0.06834667834098679,0.5416000000000001,0.01655818794642032,0,0,0,0,0,0,0,0
0.4884701468936931,-0.7054109837230517,0,-0.666506334751594,0,0,0.49339496157120366,-0.5687176270410781,0.677,-0.649681360762369,0.004924814677510547,0.13669335668197358,0.677,0.016824973989225,0.0024624073387552736,0.06834667834098679,0.5416000000000001,0.01689769604139124,0,0,0,0,0,0,0,0
0.4884701468936931,-0.7054109837230517,0,-0.6664714281665542,0,0,0.49339496157120366,-0.5687176270410781,0.677,-0.649681360762369,0.004924814677510547,0.13669335668197358,0.677,0.016790067404185205,0.0024624073387552736,0.06834667834098679,0.5416000000000001,0.01663140110854977,0,0,0,0,0,0,0,0
0.4884701468936931,-0.7054109837230517,0,-0.6664539748740341,0,0,0.49339496157120366,-0.5687176270410781,0.677,-0.649681360762369,0.004924814677510547,0.13669335668197358,0.677,0.016772614111665085,0.0024624073387552736,0.06834667834098679,0.5416000000000001,0.01668950319490261,0,0,0,0,0,0,0,0
0.4884701468936931,-0.7054109837230517,0,-0.6664016149964744,0,0,0.49339496157120366,-0.5687176270410781,0.677,-0.649681360762369,0.004924814677510547,0.13669335668197358,0.677,0.01672025423410539,0.0024624073387552736,0.06834667834098679,0.5416000000000001,0.016418178017414853,0,0,0,0,0,0,0,0
0.4884701468936931,-0.7054109837230517,0,-0.6663841617039544,0,0,0.49339496157120366,-0.5687176270410781,0.677,-0.649681360762369,0.004924814677510547,0.13669335668197358,0.677,0.016702800941585383,0.0024624073387552736,0.06834667834098679,0.5416000000000001,0.016626917061063607,0,0,0,0,0,0,0,0
0.4884701468936931,-0.7054109837230517,0,-0.6663492551189145,0,0,0.49339496157120366,-0.5687176270410781,0.677,-0.649681360762369,0.004924814677510547,0.13669335668197358,0.677,0.016667894356545476,0.0024624073387552736,0.06834667834098679,0.5416000000000001,0.016533638260238143,0,0,0,0,0,0,0,0
0.4884701468936931,-0.7054109837230517,0,-0.6662968952413547,0,0,0.49339496157120366,-0.5687176270410781,0.677,-0.649681360762369,0.004924814677510547,0.13669335668197358,0.677,0.016615534478985672,0.0024624073387552736,0.06834667834098679,0.5416000000000001,0.01632464627032009,0,0,0,0,0,0,0,0
0.4884701468936931,-0.7054109837230517,0,-0.6662619886563148,0,0,0.49339496157120366,-0.5687176270410781,0.677,-0.649681360762369,0.004924814677510547,0.13669335668197358,0.677,0.016580627893945765,0.0024624073387552736,0.06834667834098679,0.5416000000000001,0.016426628254063824,0,0,0,0,0,0,0,0
0.4884701468936931,-0.7054109837230517,0,-0.666227082071275,0,0,0.49339496157120366,-0.5687176270410781,0.677,-0.649681360762369,0.004924814677510547,0.13669335668197358,0.677,0.01654572130890597,0.0024624073387552736,0.06834667834098679,0.5416000000000001,0.016379499475383134,0,0,0,0,0,0,0,0
0.4884701468936931,-0.7054109837230517,0,-0.6662096287787551,0,0,0.49339496157120366,-0.5687176270410781,0.677,-0.649681360762369,0.004924814677510547,0.13669335668197358,0.677,0.016528268016386072,0.0024624073387552736,0.06834667834098679,0.5416000000000001,0.016452384135864778,0,0,0,0,0,0,0,0
0.4884701468936931,-0.7054109837230517,0,-0.6661572689011952,0,0,0.49339496157120366,-0.5687176270410781,0.677,-0.649681360762369,0.004924814677510547,0.13669335668197358,0.677,0.016475908138826156,0.0024624073387552736,0.06834667834098679,0.5416000000000001,0.016244908679003,0,0,0,0,0,0,0,0
0.4884701468936931,-0.7054109837230517,0,-0.6661398156086752,0,0,0.49339496157120366,-0.5687176270410781,0.677,-0.649681360762369,0.004924814677510547,0.13669335668197358,0.677,0.016458454846306148,0.0024624073387552736,0.06834667834098679,0.5416000000000001,0.0163753439295442,0,0,0,0,0,0,0,0
0.4884701468936931,-0.7054109837230517,0,-0.6661223623161553,0,0,0.49339496157120366,-0.5687176270410781,0.677,-0.649681360762369,0.004924814677510547,0.13669335668197358,0.677,0.01644100155378625,0.0024624073387552736,0.06834667834098679,0.5416000000000001,0.016364001733845526,0,0,0,0,0,0,0,0
0.4884701468936931,-0.7054109837230517,0,-0.6660700024385955,0,0,0.49339496157120366,-0.5687176270410781,0.677,-0.649681360762369,0.004924814677510547,0.13669335668197358,0.677,0.016388641676226445,0.0024624073387552736,0.06834667834098679,0.5416000000000001,0.016143204750164862,0,0,0,0,0,0,0,0
0.4884701468936931,-0.7054109837230517,0,-0.6660350958535555,0,0,0.49339496157120366,-0.5687176270410781,0.677,-0.649681360762369,0.004924814677510547,0.13669335668197358,0.677,0.016353735091186428,0.0024624073387552736,0.06834667834098679,0.5416000000000001,0.016152350946724788,0,0,0,0,0,0,0,0
0.4884701468936931,-0.7054109837230517,0,-0.6660176425610355,0,0,0.49339496157120366,-0.5687176270410781,0.677,-0.649681360762369,0.004924814677510547,0.13669335668197358,0.677,0.01633628179866642,0.0024624073387552736,0.06834667834098679,0.5416000000000001,0.016260397918144643,0,0,0,0,0,0,0,0
0.4884701468936931,-0.7054109837230517,0,-0.6660176425610355,0,0,0.49339496157120366,-0.5687176270410781,0.677,-0.649681360762369,0.004924814677510547,0.13669335668197358,0.677,0.01633628179866642,0.0024624073387552736,0.06834667834098679,0.5416000000000001,0.01633628179866642,0,0,0,0,0,0,0,0
0.4884701468936931,-0.7054109837230517,0,-0.6659652826834758,0,0,0.49339496157120366,-0.5687176270410781,0.677,-0.649681360762369,0.004924814677510547,0.13669335668197358,0.677,0.016283921921106725,0.0024624073387552736,0.06834667834098679,0.5416000000000001,0.016049474708152874,0,0,0,0,0,0,0,0
0.4884701468936931,-0.7054109837230517,0,-0.6659129228059159,0,0,0.49339496157120366,-0.5687176270410781,0.677,-0.649681360762369,0.004924814677510547,0.13669335668197358,0.677,0.01623156204354681,0.0024624073387552736,0.06834667834098679,0.5416000000000001,0.01600391040198196,0,0,0,0,0,0,0,0
0.4884701468936931,-0.7054109837230517,0,-0.6658954695133958,0,0,0.49339496157120366,-0.5687176270410781,0.677,-0.649681360762369,0.004924814677510547,0.13669335668197358,0.677,0.0162141087510268,0.0024624073387552736,0.06834667834098679,0.5416000000000001,0.016130997834264853,0,0,0,0,0,0,0,0
0.4884701468936931,-0.7054109837230517,0,-0.6658780162208758,0,0,0.49339496157120366,-0.5687176270410781,0.677,-0.649681360762369,0.004924814677510547,0.13669335668197358,0.677,0.016196655458506792,0.0024624073387552736,0.06834667834098679,0.5416000000000001,0.016120771577985017,0,0,0,0,0,0,0,0
0.4884701468936931,-0.7054109837230517,0,-0.665843109635836,0,0,0.49339496157120366,-0.5687176270410781,0.677,-0.649681360762369,0.004924814677510547,0.13669335668197358,0.677,0.016161748873466997,0.0024624073387552736,0.06834667834098679,0.5416000000000001,0.016007749233585545,0,0,0,0,0,0,0,0
0.4884701468936931,-0.7054109837230517,0,-0.665825656343316,0,0,0.49339496157120366,-0.5687176270410781,0.677,-0.649681360762369,0.004924814677510547,0.13669335668197358,0.677,0.016144295580946988,0.0024624073387552736,0.06834667834098679,0.5416000000000001,0.01606118466418504,0,0,0,0,0,0,0,0
0.4884701468936931,-0.7054109837230517,0,-0.6657907497582761,0,0,0.49339496157120366,-0.5687176270410781,0.677,-0.649681360762369,0.004924814677510547,0.13669335668197358,0.677,0.01610938899590708,0.0024624073387552736,0.06834667834098679,0.5416000000000001,0.01591180455228497,0,0,0,0,0,0,0,0
0.4884701468936931,-0.7054109837230517,0,-0.6657907497582761,0,0,0.49339496157120366,-0.5687176270410781,0.677,-0.649681360762369,0.004924814677510547,0.13669335668197358,0.677,0.01610938899590708,0.0024624073387552736,0.06834667834098679,0.5416000000000001,0.01610938899590708,0,0,0,0,0,0,0,0
0.4884701468936931,-0.7054109837230517,0,-0.6657558431732362,0,0,0.49339496157120366,-0.5687176270410781,0.677,-0.649681360762369,0.004924814677510547,0.13669335668197358,0.677,0.016074482410867175,0.0024624073387552736,0.06834667834098679,0.5416000000000001,0.015905579580028917,0,0,0,0,0,0,0,0
0.4884701468936931,-0.7054109837230517,0,-0.6657209365881962,0,0,0.49339496157120366,-0.5687176270410781,0.677,-0.649681360762369,0.004924814677510547,0.13669335668197358,0.677,0.016039575825827157,0.0024624073387552736,0.06834667834098679,0.5416000000000001,0.015887808064783602,0,0,0,0,0,0,0,0
0.4884701468936931,-0.7054109837230517,0,-0.6656860300031564,0,0,0.49339496157120366,-0.5687176270410781,0.677,-0.649681360762369,0.004924814677510547,0.13669335668197358,0.677,0.01600466924078736,0.0024624073387552736,0.06834667834098679,0.5416000000000001,0.01585290147974477,0,0,0,0,0,0,0,0
0.4884701468936931,-0.7054109837230517,0,-0.6656685767106364,0,0,0.49339496157120366,-0.5687176270410781,0.677,-0.649681360762369,0.004924814677510547,0.13669335668197358,0.677,0.015987215948267353,0.0024624073387552736,0.06834667834098679,0.5416000000000001,0.015904105031505404,0,0,0,0,0,0,0,0
0.4884701468936931,-0.7054109837230517,0,-0.6656162168330766,0,0,0.49339496157120366,-0.5687176270410781,0.677,-0.649681360762369,0.004924814677510547,0.13669335668197358,0.677,0.015934856070707548,0.0024624073387552736,0.06834667834098679,0.5416000000000001,0.01570720442914318,0,0,0,0,0,0,0,0
0.4884701468936931,-0.7054109837230517,0,-0.6655638569555167,0,0,0.49339496157120366,-0.5687176270410781,0.677,-0.649681360762369,0.004924814677510547,0.13669335668197358,0.677,0.015882496193147633,0.0024624073387552736,0.06834667834098679,0.5416000000000001,0.01563705926708553,0,0,0,0,0,0,0,0
0.4884701468936931,-0.7054109837230517,0,-0.6655464036629968,0,0,0.49339496157120366,-0.5687176270410781,0.677,-0.649681360762369,0.004924814677510547,0.13669335668197358,0.677,0.015865042900627735,0.0024624073387552736,0.06834667834098679,0.5416000000000001,0.015781931983866317,0,0,0,0,0,0,0,0
0.4884701468936931,-0.7054109837230517,0,-0.6654765904929171,0,0,0.49339496157120366,-0.5687176270410781,0.677,-0.649681360762369,0.004924814677510547,0.13669335668197358,0.677,0.015795229730548033,0.0024624073387552736,0.06834667834098679,0.5416000000000001,0.015427791993286442,0,0,0,0,0,0,0,0
0.4884701468936931,-0.7054109837230517,0,-0.6654765904929171,0,0,0.49339496157120366,-0.5687176270410781,0.677,-0.649681360762369,0.004924814677510547,0.13669335668197358,0.677,0.015795229730548033,0.0024624073387552736,0.06834667834098679,0.5416000000000001,0.015795229730548033,0,0,0,0,0,0,0,0
0.4884701468936931,-0.7054109837230517,0,-0.6654591372003971,0,0,0.49339496157120366,-0.5687176270410781,0.677,-0.649681360762369,0.004924814677510547,0.13669335668197358,0.677,0.015777776438028024,0.0024624073387552736,0.06834667834098679,0.5416000000000001,0.01570297661294227,0,0,0,0,0,0,0,0
0.4884701468936931,-0.7054109837230517,0,-0.6654416839078773,0,0,0.49339496157120366,-0.5687176270410781,0.677,-0.649681360762369,0.004924814677510547,0.13669335668197358,0.677,0.015760323145508237,0.0024624073387552736,0.06834667834098679,0.5416000000000001,0.015683323325568002,0,0,0,0,0,0,0,0
0.4884701468936931,-0.7054109837230517,0,-0.6653893240303175,0,0,0.49339496157120366,-0.5687176270410781,0.677,-0.649681360762369,0.004924814677510547,0.13669335668197358,0.677,0.015707963267948433,0.0024624073387552736,0.06834667834098679,0.5416000000000001,0.015458630517663649,0,0,0,0,0,0,0,0
0.4884701468936931,-0.7054109837230517,0,-0.6654067773228375,0,0,0.49339496157120366,-0.5687176270410781,0.677,-0.649681360762369,0.004924814677510547,0.13669335668197358,0.677,0.01572541656046844,0.0024624073387552736,0.06834667834098679,0.5416000000000001,0.01580241638040966,0,0,0,0,0,0,0,0
0.4884701468936931,-0.7054109837230517,0,-0.6653718707377976,0,0,0.49339496157120366,-0.5687176270410781,0.677,-0.649681360762369,0.004924814677510547,0.13669335668197358,0.677,0.015690509975428535,0.0024624073387552736,0.06834667834098679,0.5416000000000001,0.015538742214385462,0,0,0,0,0,0,0,0
0.4884701468936931,-0.7054109837230517,0,-0.6653369641527576,0,0,0.49339496157120366,-0.5687176270410781,0.677,-0.649681360762369,0.004924814677510547,0.13669335668197358,0.677,0.015655603390388517,0.0024624073387552736,0.06834667834098679,0.5416000000000001,0.015489381556864624,0,0,0,0,0,0,0,0
0.4884701468936931,-0.7054109837230517,0,-0.6652846042751978,0,0,0.49339496157120366,-0.5687176270410781,0.677,-0.649681360762369,0.004924814677510547,0.13669335668197358,0.677,0.015603243512828713,0.0024624073387552736,0.06834667834098679,0.5416000000000001,0.015306866847395857,0,0,0,0,0,0,0,0
0.4884701468936931,-0.7054109837230517,0,-0.665249697690158,0,0,0.49339496157120366,-0.5687176270410781,0.677,-0.649681360762369,0.004924814677510547,0.13669335668197358,0.677,0.015568336927788917,0.0024624073387552736,0.06834667834098679,0.5416000000000001,0.015416569166746328,0,0,0,0,0,0,0,0
