0.011329856620738982,0.07787819807962196,0.693,-0.42531928541849817,0.032230354309082034,-0.009544563293457032,1.8312910395033006,-0.7462283201597553,0.693,-0.4255112716362177,1.8199611828825617,-0.8241065182393772,0,-0.00019198621771954194,0.9099805914412809,-0.4120532591196886,0,-0.00019198621771954194,0,0,0,0,0,0,0,0
0.013084321408652566,0.0755506916123318,0.691,-0.42575561773149717,0.03837765884399414,-0.020943441390991212,1.8312910395033006,-0.7462283201597553,0.693,-0.4255112716362177,1.8182067180946482,-0.8217790117720871,0.0020000000000000018,0.0002443460952794574,0.9002038999781975,-0.39908331366065913,0.011744927536231894,0.002141443108318585,0,0,0,0,0,0,0,0
0.014266762282849945,0.07353351892559633,0.687,-0.4251447524932992,0.02864986991882324,-0.02023101997375488,1.8312910395033006,-0.7462283201597553,0.693,-0.4255112716362177,1.8170242772204508,-0.8197618390853516,0.005999999999999894,-0.00036651914291851995,0.9023352086703883,-0.3993434502836097,0.025695522388059052,-0.003101736627387075,0,0,0,0,0,0,0,0
0.015324507372103639,0.07131050758196764,0.683,-0.42507493932321916,0.028207057952880858,-0.02383270454406738,1.8312910395033006,-0.7462283201597553,0.693,-0.4255112716362177,1.815966532131197,-0.8175388277417229,0.009999999999999898,-0.00043633231299855524,0.9022877155850016,-0.39679935278978395,0.029538461538461472,-0.0007585469441371796,0,0,0,0,0,0,0,0
0.018424443359615413,0.06846366343540164,0.678,-0.4254414584661381,0.059971099853515626,-0.019726764678955077,1.8312910395033006,-0.7462283201597553,0.693,-0.4255112716362177,1.8128665961436852,-0.8146919835951569,0.014999999999999902,-0.0000698131700795912,0.885962022682613,-0.38854607762214266,0.04501886792452825,0.0020048234879522808,0,0,0,0,0,0,0,0
0.02700548947175269,0.06404756481078452,0.672,-0.4269948015004128,0.14458091735839843,-0.007212573051452636,1.8312910395033006,-0.7462283201597553,0.693,-0.4255112716362177,1.804285550031548,-0.8102758849705398,0.020999999999999908,0.0014835298641950878,0.8646006982751739,-0.38581751100257,0.04304999999999995,0.007308566242725134,0,0,0,0,0,0,0,0
0.0405109426107924,0.05785397889867529,0.662,-0.42804199905160933,0.2228677978515625,-0.0006656895875930786,1.8312910395033006,-0.7462283201597553,0.693,-0.4255112716362177,1.7907800968925083,-0.8040822990584305,0.030999999999999917,0.0025307274153916204,0.8237702211937707,-0.36919637575287817,0.077830303030303,0.007290716284466768,0,0,0,0,0,0,0,0
0.05983863224097842,0.05004088443795255,0.656,-0.4288273972150072,0.3124063415527344,0.013718048095703124,1.8312910395033006,-0.7462283201597553,0.693,-0.4255112716362177,1.7714524072623221,-0.7962692045977078,0.03699999999999992,0.003316125578789464,0.7832308798347193,-0.3567015256132029,0.06141818181818178,0.0068861172305978435,0,0,0,0,0,0,0,0
0.08700646027573494,0.038761012064818016,0.648,-0.42983968818116347,0.4409716796875,0.015569775581359864,1.8312910395033006,-0.7462283201597553,0.693,-0.4255112716362177,1.7442845792275656,-0.7849893322245732,0.04499999999999993,0.004328416544945757,0.6892819086106142,-0.3165724482161887,0.08984615384615384,0.010168556734308984,0,0,0,0,0,0,0,0
0.12121065528974047,0.025063661183999882,0.643,-0.4298571414736836,0.5520113525390625,0.027036117553710937,1.8312910395033006,-0.7462283201597553,0.693,-0.4255112716362177,1.7100803842135601,-0.7712919813437551,0.04999999999999993,0.004345869837465877,0.6763615614366021,-0.3140926651750664,0.0661194029850746,0.004424018908451488,0,0,0,0,0,0,0,0
0.1623730323620989,0.007770490841826419,0.641,-0.4303632869567618,0.6693662109375,0.02151177978515625,1.8312910395033006,-0.7462283201597553,0.693,-0.4255112716362177,1.6689180071412018,-0.7539988110015817,0.051999999999999935,0.004852015320544079,0.6256643372615367,-0.28928042550425925,0.05174492753623184,0.007052647855666696,0,0,0,0,0,0,0,0
0.21114326540027462,-0.012892447316311222,0.635,-0.4323529623040359,0.7941552124023438,0.02352325439453125,1.8312910395033006,-0.7462283201597553,0.693,-0.4255112716362177,1.620147774103026,-0.733335872843444,0.05799999999999994,0.006841690667818201,0.5391281479505361,-0.2518738355431793,0.07973333333333332,0.016316335178647355,0,0,0,0,0,0,0,0
0.26514857614136006,-0.03680982230535514,0.631,-0.43287656107963374,0.8858617553710938,0.013681873321533203,1.8312910395033006,-0.7462283201597553,0.693,-0.4255112716362177,1.5661424633619405,-0.7094184978544001,0.061999999999999944,0.007365289443416023,0.5091312496609719,-0.2333892308668325,0.06988985507246374,0.009641805859058728,0,0,0,0,0,0,0,0
0.32501815878773493,-0.06347495180116147,0.627,-0.43289401437215386,0.9829945678710937,0.013630569458007813,1.8312910395033006,-0.7462283201597553,0.693,-0.4255112716362177,1.5062728807155656,-0.6827533683585938,0.06599999999999995,0.007382742735936143,0.44498417673673574,-0.20412969412735246,0.07338823529411762,0.007459742555877848,0,0,0,0,0,0,0,0
0.3881339778928639,-0.09196975085061557,0.622,-0.43251004193671516,1.0387093505859375,0.009161260604858399,1.8312910395033006,-0.7462283201597553,0.693,-0.4255112716362177,1.4431570616104368,-0.6542585693091397,0.07099999999999995,0.006998770300497448,0.37093509133228025,-0.16882484549093618,0.08457777777777775,0.005170330131741755,0,0,0,0,0,0,0,0
0.4541507711174951,-0.12124909597122153,0.621,-0.4315326575555982,1.083153076171875,0.01631708335876465,1.8312910395033006,-0.7462283201597553,0.693,-0.4255112716362177,1.3771402683858056,-0.6249792241885337,0.07199999999999995,0.006021385919380506,0.35370234247375926,-0.16397119481583045,0.06267246376811592,0.0017718886101764138,0,0,0,0,0,0,0,0
0.5153707945764673,-0.14944331994282062,0.622,-0.4299967678138432,1.0110050659179688,-0.00005163048580288887,1.8312910395033006,-0.7462283201597553,0.693,-0.4255112716362177,1.3159202449268332,-0.5967850002169346,0.07099999999999995,0.004485496177625503,0.3474237715845713,-0.15537832054238493,0.051727536231884017,-0.002192285308265815,0,0,0,0,0,0,0,0
0.5764121319669614,-0.1777488682440738,0.619,-0.427640573323651,1.0092636108398438,-0.004239601612091064,1.8312910395033006,-0.7462283201597553,0.693,-0.4255112716362177,1.2548789075363391,-0.5684794519156815,0.07399999999999995,0.002129301687433305,0.2828512588218319,-0.12445034038625072,0.07613548387096772,-0.009271639394141848,0,0,0,0,0,0,0,0
0.6365392398223699,-0.2054957326879729,0.62,-0.42317253043854564,0.9932968139648437,-0.004679327964782715,1.8312910395033006,-0.7462283201597553,0.693,-0.4255112716362177,1.1947517996809307,-0.5407325874717823,0.07299999999999995,-0.0023387411976720784,0.20766316374059596,-0.0905255056735817,0.05191851851851848,-0.027161201670479765,0,0,0,0,0,0,0,0
0.6866735730824961,-0.22811024700542248,0.619,-0.42097341558103274,0.8249818115234375,-0.0004766939282417297,1.8312910395033006,-0.7462283201597553,0.693,-0.4255112716362177,1.1446174664208044,-0.5181180731543328,0.07399999999999995,-0.0045378560551849745,0.3180041442097617,-0.14434773206836438,0.06427246376811592,-0.014099225000893218,0,0,0,0,0,0,0,0
0.7363213753910025,-0.2503826933570414,0.62,-0.4191408198664384,0.81622119140625,-0.0005901890993118286,1.8312910395033006,-0.7462283201597553,0.693,-0.4255112716362177,1.0949696641122981,-0.4958456268027139,0.07299999999999995,-0.006370451769779295,0.2672149803145813,-0.12219126141641154,0.052754838709677385,-0.015237850388784072,0,0,0,0,0,0,0,0
0.7912854128658902,-0.2755544550382519,0.624,-0.4171685978116849,0.9067588500976562,-0.009357518196105957,1.8312910395033006,-0.7462283201597553,0.693,-0.4255112716362177,1.0400056266374105,-0.4706738651215034,0.06899999999999995,-0.008342673824532798,0.24119972467797085,-0.10765408345316227,0.03491014492753618,-0.016917552323461073,0,0,0,0,0,0,0,0
0.847097980343767,-0.300671971471118,0.626,-0.4152487356344913,0.9180453491210937,-0.005244903087615967,1.8312910395033006,-0.7462283201597553,0.693,-0.4255112716362177,0.9841930591595336,-0.44555634868863725,0.06699999999999995,-0.010262536001726441,0.22078543767342085,-0.10067913612899711,0.04387777777777773,-0.018261961740033285,0,0,0,0,0,0,0,0
0.905523775214761,-0.3261579617363332,0.63,-0.41496948295417246,0.9561304931640625,0.0037485218048095704,1.8312910395033006,-0.7462283201597553,0.693,-0.4255112716362177,0.9257672642885396,-0.42007035842342205,0.06299999999999994,-0.01054178868204525,0.13306059658220704,-0.06616265352098008,0.02781935483870962,-0.011893011328749164,0,0,0,0,0,0,0,0
0.9617292609963382,-0.350833478904065,0.632,-0.41411427162069503,0.920752197265625,0.0011796627044677733,1.8312910395033006,-0.7462283201597553,0.693,-0.4255112716362177,0.8695617785069625,-0.39539484125569024,0.06099999999999994,-0.011397000015522685,0.1367214949572389,-0.06684240534441888,0.03819393939393934,-0.015284324258601933,0,0,0,0,0,0,0,0
1.0198255771974964,-0.37535436124219884,0.633,-0.41273546151161933,0.9457846069335938,0.01392814826965332,1.8312910395033006,-0.7462283201597553,0.693,-0.4255112716362177,0.8114654623058042,-0.3708739589175564,0.05999999999999994,-0.012775810124598386,0.10670757423517563,-0.05922655565956003,0.042852941176470545,-0.01885879589993236,0,0,0,0,0,0,0,0
1.0791501556403758,-0.39936802556285983,0.638,-0.4131194339470584,0.9596279296875,0.026983604431152344,1.8312910395033006,-0.7462283201597553,0.693,-0.4255112716362177,0.7521408838629249,-0.34686029459689544,0.05499999999999994,-0.012391837689159302,0.046489450582132996,-0.04002090107255335,0.01622222222222216,-0.01056339752040176,0,0,0,0,0,0,0,0
1.138391281288273,-0.4227139533610705,0.639,-0.41390483211045537,0.9544498901367188,0.036022945404052736,1.8312910395033006,-0.7462283201597553,0.693,-0.4255112716362177,0.6928997582150276,-0.3235143667986848,0.05399999999999994,-0.011606439525762346,0.04153232062568951,-0.04159431973208169,0.03805294117647054,-0.008141447628422838,0,0,0,0,0,0,0,0
1.1861987532724205,-0.4418862608158019,0.643,-0.41407936503565523,0.7722201538085938,0.02511330223083496,1.8312910395033006,-0.7462283201597553,0.693,-0.4255112716362177,0.6450922862308801,-0.30434205934395336,0.04999999999999993,-0.01143190660056248,0.08004447363063408,-0.0549201947566724,0.01971014492753617,-0.010673067795345671,0,0,0,0,0,0,0,0
1.2326585074063015,-0.46027823731824913,0.641,-0.4132416069946979,0.7489990234375,0.02783006477355957,1.8312910395033006,-0.7462283201597553,0.693,-0.4255112716362177,0.5986325320969992,-0.28595008284150614,0.051999999999999935,-0.012269664641519795,0.037043460454010524,-0.0391493676166155,0.05289032258064512,-0.016323332581635833,0,0,0,0,0,0,0,0
1.2771538809651066,-0.47727996513121074,0.637,-0.41243875553877996,0.7136622314453125,0.034468074798583985,1.8312910395033006,-0.7462283201597553,0.693,-0.4255112716362177,0.554137158538194,-0.26894835502854453,0.05599999999999994,-0.013072516097437759,0.054591711475071164,-0.04946553844946423,0.06479999999999997,-0.016513308051371887,0,0,0,0,0,0,0,0
1.3191825698347284,-0.49289040986590343,0.637,-0.4101349209261476,0.6714266967773438,0.03818301010131836,1.8312910395033006,-0.7462283201597553,0.693,-0.4255112716362177,0.5121084696685723,-0.25333791029385183,0.05599999999999994,-0.015376350710070097,0.042865233321712104,-0.04748553982602094,0.04479999999999995,-0.02539302293890635,0,0,0,0,0,0,0,0
1.3583572079348634,-0.5070552594430583,0.644,-0.408459404844233,0.6236064453125,0.039451602935791016,1.8312910395033006,-0.7462283201597553,0.693,-0.4255112716362177,0.47293383156843727,-0.23917306071669697,0.04899999999999993,-0.017051866791984727,-0.061600982803765025,-0.011810500966952825,-0.014060869565217488,-0.02797914558708014,0,0,0,0,0,0,0,0
1.3945597972678985,-0.5198169411533811,0.642,-0.4061555702316007,0.5743984375,0.040015419006347655,1.8312910395033006,-0.7462283201597553,0.693,-0.4255112716362177,0.43673124223540216,-0.2264113790063742,0.050999999999999934,-0.01935570140461701,0.03472929841389985,-0.048472521407346966,0.05094492753623184,-0.02937237363345302,0,0,0,0,0,0,0,0
1.4279486469729756,-0.5309302255753692,0.644,-0.4047942134150451,0.5259478759765625,0.04473160171508789,1.8312910395033006,-0.7462283201597553,0.693,-0.4255112716362177,0.403342392530325,-0.2152980945843861,0.04899999999999993,-0.02071705822117259,0.05559497880544992,-0.059028427945995054,0.030449999999999942,-0.02582214628325602,0,0,0,0,0,0,0,0
1.4818498408643346,-0.5510183087451404,0.65,-0.4044451475646462,0.8618455200195313,0.04144878768920898,1.8312910395033006,-0.7462283201597553,0.693,-0.4255112716362177,0.34944119863896606,-0.19521001141461491,0.04299999999999993,-0.02106612407157149,-0.19518955483690187,0.04025438859504374,-0.006776470588235384,-0.023119452603329725,0,0,0,0,0,0,0,0
1.5780301860663,-0.5898671325478446,0.656,-0.40470694695244536,1.5556192626953125,0.03199906539916992,1.8312910395033006,-0.7462283201597553,0.693,-0.4255112716362177,0.25326085343700067,-0.15636118761191065,0.03699999999999992,-0.020804324683772357,-0.36124088952335304,0.11887865736718223,-0.0008347826086957354,-0.01966606647595004,0,0,0,0,0,0,0,0
1.6834374042455007,-0.6333026364785778,0.667,-0.40531781219064333,1.7099234619140624,0.02366008758544922,1.8312910395033006,-0.7462283201597553,0.693,-0.4255112716362177,0.14785363525779993,-0.1129256836811775,0.025999999999999912,-0.02019345944557438,-0.5211139301569107,0.18873758357484025,-0.041296774193548505,-0.017237659905906748,0,0,0,0,0,0,0,0
1.7848622217106298,-0.675784581102638,0.674,-0.4070805947351577,1.6493726806640625,0.014294547080993652,1.8312910395033006,-0.7462283201597553,0.693,-0.4255112716362177,0.04642881779267083,-0.07044373905711732,0.018999999999999906,-0.01843067690106004,-0.4767670856500757,0.17419616735061128,-0.019307042253521232,-0.010982299952407893,1489609003392,0,0,0,0,0,0,0
1.8821622321594371,-0.7167630637960959,0.685,-0.40844195155171326,1.5835999755859376,0.013413973808288574,1.8312910395033006,-0.7462283201597553,0.693,-0.4255112716362177,-0.05087119265613649,-0.029465256363659376,0.007999999999999896,-0.017069320084504458,-0.5337192330009423,0.19933407245563714,-0.051062686567164305,-0.010973692547688423,1489609003392,0,0,0,0,0,0,0
1.9713545568728283,-0.7547766826700049,0.696,-0.41037926702142663,1.45430517578125,0.008081300735473633,1.8312910395033006,-0.7462283201597553,0.693,-0.4255112716362177,-0.1400635173695277,0.008548362510249596,-0.0030000000000000027,-0.015132004614791084,-0.5655446737591595,0.21546095277684132,-0.06351111111111055,-0.005906692854251206,0,0,0,0,0,0,0,0
2.051146344592332,-0.7894254905476985,0.711,-0.4108854125045052,1.3048504638671874,0.0009240021705627441,1.8312910395033006,-0.7462283201597553,0.693,-0.4255112716362177,-0.2198553050890315,0.04319717038794324,-0.018000000000000016,-0.014625859131712493,-0.5146686047448973,0.19735340776198282,-0.0904869565217392,-0.012425226596588186,0,0,0,0,0,0,0,0
2.1287695543560354,-0.8251372317250759,0.737,-0.4102221873887477,1.28139697265625,-0.0260251350402832,1.8312910395033006,-0.7462283201597553,0.693,-0.4255112716362177,-0.2974785148527348,0.07890891156532065,-0.04400000000000004,-0.015289084247469997,-0.6712031692974473,0.27982194447654674,-0.2102000000000002,-0.01911538299222483,0,0,0,0,0,0,0,0
2.199932557567117,-0.8601297075326015,0.75,-0.4103269071438671,1.18821337890625,-0.055627365112304684,1.8312910395033006,-0.7462283201597553,0.693,-0.4255112716362177,-0.3686415180638163,0.11390138737284627,-0.05700000000000005,-0.01518436449235061,-0.49959988718226916,0.21198064979571388,-0.10319493670886085,-0.01478669453620104,0,0,0,0,0,0,0,0
2.260819416568447,-0.8927413839436867,0.769,-0.40941933593282975,1.03262646484375,-0.08424409484863281,1.8312910395033006,-0.7462283201597553,0.693,-0.4255112716362177,-0.42952837706514635,0.14651306378393147,-0.07600000000000007,-0.01609193570338796,-0.616847219673432,0.28861665913498125,-0.1862716981132077,-0.021229131237561642,0,0,0,0,0,0,0,0
2.3125452881402144,-0.9215289291897553,0.782,-0.40907027008243135,0.8836573486328125,-0.08726175689697266,1.8312910395033006,-0.7462283201597553,0.693,-0.4255112716362177,-0.4812542486369138,0.17530060903,-0.08900000000000008,-0.01644100155378636,-0.4561515892008212,0.20759840970695217,-0.12536666666666677,-0.017687665305209217,0,0,0,0,0,0,0,0
2.354546805652684,-0.9467708361491162,0.789,-0.40863393776943235,0.7286422119140625,-0.09679270935058594,1.8312910395033006,-0.7462283201597553,0.693,-0.4255112716362177,-0.5232557661493835,0.2005425159893609,-0.09600000000000009,-0.01687733386678536,-0.5744051411462747,0.2882429055643893,-0.1289276595744682,-0.01966243373699174,0,0,0,0,0,0,0,0
2.386482475174927,-0.968503973052723,0.797,-0.4097509484907089,0.56913037109375,-0.10880841827392577,1.8312910395033006,-0.7462283201597553,0.693,-0.4255112716362177,-0.5551914356716263,0.2222756528929677,-0.10400000000000009,-0.015760323145508792,-0.43958824439791433,0.22137837595753274,-0.12377971014492764,-0.01090375479213241,0,0,0,0,0,0,0,0
2.407654750501264,-0.986616322097151,0.798,-0.410065107756068,0.39952874755859374,-0.12267569732666016,1.8312910395033006,-0.7462283201597553,0.693,-0.4255112716362177,-0.5763637109979636,0.24038800193739573,-0.1050000000000001,-0.015446163880149688,-0.39557745498040264,0.2120682352520285,-0.08907246376811602,-0.014080254030762279,0,0,0,0,0,0,0,0
2.4193416308280677,-1.0017808041112126,0.797,-0.4106585197017459,0.2514538116455078,-0.1387210693359375,1.8312910395033006,-0.7462283201597553,0.693,-0.4255112716362177,-0.5880505913247671,0.25555248395145735,-0.10400000000000009,-0.01485275193447183,-0.3589524085890699,0.212023364276071,-0.07764444444444452,-0.012026980764577271,0,0,0,0,0,0,0,0
2.4204482129306344,-1.0123725192287505,0.792,-0.41057125323914617,0.0786439666748047,-0.1390400695800781,1.8312910395033006,-0.7462283201597553,0.693,-0.4255112716362177,-0.5891571734273338,0.2661441990689952,-0.09900000000000009,-0.014940018397071542,-0.3002742298886423,0.18758828028653077,-0.053464705882353,-0.01532501749677615,0,0,0,0,0,0,0,0
2.413074534764848,-1.020320698067423,0.788,-0.41016982751118786,-0.053827377319335935,-0.15346063232421875,1.8312910395033006,-0.7462283201597553,0.693,-0.4255112716362177,-0.5817834952615473,0.27409237790766783,-0.09500000000000008,-0.015341444125029857,-0.25348903229707404,0.17736303813550652,-0.05571014492753629,-0.017086773377022534,0,0,0,0,0,0,0,0
2.3977541818426342,-1.02488496673972,0.783,-0.41027454726630724,-0.18344259643554686,-0.15442347717285157,1.8312910395033006,-0.7462283201597553,0.693,-0.4255112716362177,-0.5664631423393336,0.2786566465799647,-0.09000000000000008,-0.01523672436991047,-0.19674570789910573,0.16509435611746465,-0.043774193548387144,-0.014730015877397308,0,0,0,0,0,0,0,0
2.373008519107959,-1.0275590446763962,0.774,-0.4097858550757488,-0.32438201904296876,-0.18483363342285156,1.8312910395033006,-0.7462283201597553,0.693,-0.4255112716362177,-0.5417174796046582,0.281330724516641,-0.08100000000000007,-0.01572541656046894,-0.1538184430842699,0.15331302817503267,-0.02223243243243246,-0.017706601116787065,0,0,0,0,0,0,0,0
2.3396091678475455,-1.0282430549092767,0.762,-0.4106236131167061,-0.455423583984375,-0.20901167297363282,1.8312910395033006,-0.7462283201597553,0.693,-0.4255112716362177,-0.5083181283442448,0.28201473474952143,-0.06900000000000006,-0.014887658519511626,-0.07150636196673679,0.14474804833582566,0.010425000000000004,-0.010960667702524213,0,0,0,0,0,0,0,0
2.299107287841533,-1.026667248428398,0.749,-0.4105188933615862,-0.5664611206054687,-0.2208416290283203,1.8312910395033006,-0.7462283201597553,0.693,-0.4255112716362177,-0.46781624833823243,0.2804389282686428,-0.05600000000000005,-0.014992378274631513,-0.005268478973884938,0.13132378238742592,0.02858709677419357,-0.015499086767147091,0,0,0,0,0,0,0,0
2.251713948124453,-1.0236091757356542,0.735,-0.4098731215383489,-0.670140625,-0.24164984130859374,1.8312910395033006,-0.7462283201597553,0.693,-0.4255112716362177,-0.42042290862115217,0.277380855575899,-0.04200000000000004,-0.01563815009786884,0.03018954425432377,0.12317846485374166,0.0374144927536232,-0.018445853677161575,0,0,0,0,0,0,0,0
2.1996821809918043,-1.0184187071336375,0.72,-0.4106934262867857,-0.746856201171875,-0.2396061553955078,1.8312910395033006,-0.7462283201597553,0.693,-0.4255112716362177,-0.3683911414885037,0.2721903869738822,-0.027000000000000024,-0.014817845349432035,0.10035315576241938,0.10770981831966188,0.06043125000000005,-0.010972666841134505,0,0,0,0,0,0,0,0
2.143303601445614,-1.0116862984635242,0.706,-0.4118627968856217,-0.815673828125,-0.2450446014404297,1.8312910395033006,-0.7462283201597553,0.693,-0.4255112716362177,-0.3120125619423135,0.26545797830376894,-0.013000000000000012,-0.013648474750595996,0.22346492751281566,0.0874147000261221,0.0838307692307693,-0.006902105911157308,0,0,0,0,0,0,0,0
2.0871074359122734,-1.0029323275643998,0.691,-0.41294490102185893,-0.825018310546875,-0.21711521911621093,1.8312910395033006,-0.7462283201597553,0.693,-0.4255112716362177,-0.2558163964089728,0.2567040074046445,0.0020000000000000018,-0.01256637061435878,0.1571448153704303,0.0839478034893722,0.0776869565217392,-0.007861570022023057,0,0,0,0,0,0,0,0
2.0344565662196765,-0.9904414663204855,0.679,-0.4150043895392122,-0.7985682373046875,-0.14532481384277343,1.8312910395033006,-0.7462283201597553,0.693,-0.4255112716362177,-0.2031655267163759,0.2442131461607302,0.013999999999999901,-0.01050688209700551,0.19092206826735042,0.05271289950306346,0.07786666666666603,-0.0006997939191327966,0,0,0,0,0,0,0,0
1.9875138376593762,-0.9761955751326932,0.667,-0.41727331756680425,-0.7305274658203125,-0.08835602569580078,1.8312910395033006,-0.7462283201597553,0.693,-0.4255112716362177,-0.15622279815607554,0.2299672549729379,0.025999999999999912,-0.008237954069413467,0.16350558615880226,0.04165918754930274,0.08256470588235293,0.0017720225229043707,0,0,0,0,0,0,0,0
1.944724578360471,-0.9598457627892205,0.656,-0.4214795610641105,-0.6861585693359376,-0.03591322326660156,1.8312910395033006,-0.7462283201597553,0.693,-0.4255112716362177,-0.11343353885717034,0.21361744262946525,0.03699999999999992,-0.004031710572107217,0.16033019802962958,0.023874890586972772,0.08539710144927534,0.01425630463357213,0,0,0,0,0,0,0,0
1.9029811870957987,-0.9422309842724793,0.646,-0.42374848909170393,-0.6794490356445313,-0.015066972732543945,1.8312910395033006,-0.7462283201597553,0.693,-0.4255112716362177,-0.07169014759249803,0.19600266411272405,0.04699999999999993,-0.0017627825445137857,0.1998031026978688,-0.001436933763951223,0.09405161290322579,0.009215901459970558,0,0,0,0,0,0,0,0
1.861395387583423,-0.9235421411901059,0.639,-0.4260523237043362,-0.6838828125,-0.0009505558013916016,1.8312910395033006,-0.7462283201597553,0.693,-0.4255112716362177,-0.03010434808012241,0.17731382103035065,0.05399999999999994,0.0005410520681184972,0.1958902872545977,-0.006141568888167984,0.07870724637681156,0.010557724296954509,0,0,0,0,0,0,0,0
1.8223329202331424,-0.9046140048062101,0.631,-0.4298396881811636,-0.6508958740234375,0.01638503074645996,1.8312910395033006,-0.7462283201597553,0.693,-0.4255112716362177,0.008958119270158216,0.15838568464645486,0.061999999999999944,0.004328416544945868,0.2026220099625895,-0.016819443682041052,0.09017971014492752,0.020795218618108346,0,0,0,0,0,0,0,0
1.7889656766255988,-0.8860718823201328,0.627,-0.4302760204941626,-0.5708831787109375,0.044256389617919924,1.8312910395033006,-0.7462283201597553,0.693,-0.4255112716362177,0.04232536287770183,0.13984356216037752,0.06599999999999995,0.004764748857944867,0.20653625703631545,-0.03309001050912978,0.0750222222222222,0.006842521776987721,0,0,0,0,0,0,0,0
1.759698622061743,-0.8664484583384234,0.621,-0.4311486851201597,-0.5217710571289063,0.08440258026123047,1.8312910395033006,-0.7462283201597553,0.693,-0.4255112716362177,0.07159241744155764,0.12022013817866817,0.07199999999999995,0.005637413483941978,0.1864354601523896,-0.040892848463581696,0.08848235294117646,0.009487404480988053,0,0,0,0,0,0,0,0
1.734597405417672,-0.8460718515422955,0.615,-0.4327543880319943,-0.46979690551757813,0.12032553100585938,1.8312910395033006,-0.7462283201597553,0.693,-0.4255112716362177,0.09669363408562859,0.09984353138254021,0.07799999999999996,0.007243116395776572,0.18350721435704243,-0.05979842474941889,0.0947076923076923,0.014654052911936239,1489609005356,0,0,0,0,0,0,0
1.7155229942399528,-0.8272372349413614,0.61,-0.4337317724131108,-0.37822119140625,0.136485595703125,1.8312910395033006,-0.7462283201597553,0.693,-0.4255112716362177,0.11576804526334783,0.0810089147816061,0.08299999999999996,0.00822050077689307,0.1691514211683695,-0.06936413944797924,0.09556666666666666,0.013107422682475556,0,0,0,0,0,0,0,0
1.7022190980185599,-0.8102588113803436,0.604,-0.43497095618202736,-0.2881103515625,0.14722785949707032,1.8312910395033006,-0.7462283201597553,0.693,-0.4255112716362177,0.12907194148474077,0.06403049122058835,0.08899999999999997,0.009459684545809643,0.14345738900487087,-0.0687042161923535,0.10679322033898306,0.015760618964029513,0,0,0,0,0,0,0,0
1.6944660913397733,-0.7919776888210283,0.6,-0.43636721958362273,-0.22101657104492187,0.199677490234375,1.8312910395033006,-0.7462283201597553,0.693,-0.4255112716362177,0.1368249481635273,0.04574936866127299,0.09299999999999997,0.01085594794740502,0.10773931955386926,-0.06985564749197762,0.09468985507246376,0.01692665838912405,0,0,0,0,0,0,0,0
1.692966277758642,-0.7748799979190664,0.595,-0.43825217517577614,-0.12878411865234374,0.22292433166503905,1.8312910395033006,-0.7462283201597553,0.693,-0.4255112716362177,0.13832476174465858,0.0286516777593111,0.09799999999999998,0.012740903539558424,0.07589231360817474,-0.062394569013763196,0.10083589743589744,0.019990732740148436,0,0,0,0,0,0,0,0
1.6968729013549873,-0.7592770651402734,0.59,-0.4421442594077238,-0.046256908416748045,0.2367926788330078,1.8312910395033006,-0.7462283201597553,0.693,-0.4255112716362177,0.13441813814831338,0.013048744980518112,0.10299999999999998,0.01663298777150607,0.04141061136244315,-0.09651386284139275,0.11541886792452832,0.03866365323536067,0,0,0,0,0,0,0,0
1.7046407474500749,-0.7452052337338081,0.588,-0.4475024202113464,0.014997401237487794,0.2406348876953125,1.8312910395033006,-0.7462283201597553,0.693,-0.4255112716362177,0.12665029205322575,-0.0010230864259471728,0.10499999999999998,0.021991148575128683,0.02392302815297999,-0.07189039817330473,0.09414492753623188,0.045287499895227,0,0,0,0,0,0,0,0
1.7170389553923457,-0.7324944203748461,0.587,-0.4536983390559263,0.08515802764892579,0.25236122131347655,1.8312910395033006,-0.7462283201597553,0.693,-0.4255112716362177,0.11425208411095489,-0.013733899784909132,0.10599999999999998,0.02818706741970861,0.0014930576991338124,-0.06390265086215566,0.08928717948717947,0.05201752451424679,0,0,0,0,0,0,0,0
1.7335610851496928,-0.7222779074151902,0.588,-0.45917867290718845,0.15559201049804688,0.24636691284179688,1.8312910395033006,-0.7462283201597553,0.693,-0.4255112716362177,0.09772995435360787,-0.02395041274456511,0.10499999999999998,0.03366740127097073,-0.058222900880074854,-0.07819334592560832,0.0775185185185185,0.06411370044464917,0,0,0,0,0,0,0,0
1.7547969537559678,-0.7150064098674919,0.593,-0.4619362931253394,0.23720062255859375,0.2389542694091797,1.8312910395033006,-0.7462283201597553,0.693,-0.4255112716362177,0.07649408574733285,-0.0312219102922634,0.09999999999999998,0.03642502148912169,-0.07105522201157265,-0.05303778075928466,0.05426470588235291,0.04859099303978768,1489609005944,0,0,0,0,0,0,0
1.7802213082204659,-0.7097024794136058,0.598,-0.4634547295745743,0.3059368591308594,0.24118824768066408,1.8312910395033006,-0.7462283201597553,0.693,-0.4255112716362177,0.05106973128283476,-0.03652584074614951,0.09499999999999997,0.03794345793835657,-0.11571154805023867,-0.04772920067244202,0.04822222222222219,0.04517410769661792,1489609005944,0,0,0,0,0,0,0
1.8088328874835384,-0.70535009136615,0.604,-0.4631754768942554,0.3547161865234375,0.25025730895996096,1.8312910395033006,-0.7462283201597553,0.693,-0.4255112716362177,0.0224581520197622,-0.040878228793605254,0.08899999999999997,0.03766420525803771,-0.13390212315063188,-0.04251644507230279,0.0407652173913043,0.03645006316969482,1489609005944,0,0,0,0,0,0,0
1.8394650104070909,-0.7033707513316501,0.612,-0.46252970507101765,0.39780474853515624,0.2318543701171875,1.8312910395033006,-0.7462283201597553,0.693,-0.4255112716362177,-0.00817397090379024,-0.04285756882810521,0.08099999999999996,0.037018433434799936,-0.16410553803761682,-0.03176862041517177,0.023008955223880537,0.03412691780836215,1489609005944,0,0,0,0,0,0,0
1.873004500876352,-0.7019014824050641,0.618,-0.46029568362846496,0.4403966064453125,0.2442098846435547,1.8312910395033006,-0.7462283201597553,0.693,-0.4255112716362177,-0.04171346137305143,-0.04432683775469115,0.07499999999999996,0.034784411992247244,-0.20427581919029783,-0.03019848331961245,0.02718749999999994,0.024312436480281502,1489609005944,0,0,0,0,0,0,0
1.9063716742004226,-0.7006693482591877,0.628,-0.45816638194103165,0.44020541381835937,0.2388904266357422,1.873004500876352,-0.7019014824050641,0.618,-0.46029568362846496,-0.033367173324070576,-0.001232134145876418,-0.010000000000000009,-0.002129301687433305,-0.016683586662035288,-0.000616067072938209,-0.008000000000000007,-0.002129301687433305,1489609005944,0,0,0,0,0,0,0
1.9415949829537669,-0.6988499494908755,0.637,-0.45492006953232267,0.46178738403320313,0.2581676635742188,1.873004500876352,-0.7019014824050641,0.618,-0.46029568362846496,-0.0685904820774148,-0.0030515329141885816,-0.019000000000000017,-0.005375614096142289,-0.1883972168345884,-0.009485636068460007,-0.05457500000000005,-0.01754928562880098,1489609006341,0,0,0,0,0,0,0
1.9795946654460823,-0.6962782926234108,0.645,-0.4529478474775686,0.4950751037597656,0.2851021423339844,1.873004500876352,-0.7019014824050641,0.618,-0.46029568362846496,-0.10659016456973025,-0.005623189781653326,-0.027000000000000024,-0.0073478361508963475,-0.27495989682337185,-0.01781292661770434,-0.06826666666666673,-0.017208946424666638,0,0,0,0,0,0,0,0
2.0171236995360804,-0.6931067060549441,0.654,-0.450661466157456,0.48535049438476563,0.2891272277832031,1.873004500876352,-0.7019014824050641,0.618,-0.46029568362846496,-0.14411919865972833,-0.008794776350120048,-0.03600000000000003,-0.009634217471008955,-0.290978964854853,-0.022898309824449237,-0.08130000000000007,-0.02106612407157199,0,0,0,0,0,0,0,0
2.053553211693291,-0.6902425995999397,0.663,-0.4491081231231813,0.47317300415039065,0.27668142700195314,1.873004500876352,-0.7019014824050641,0.618,-0.46029568362846496,-0.1805487108169388,-0.011658882805124393,-0.04500000000000004,-0.011187560505283634,-0.29592482726368974,-0.021997784293715756,-0.08680645161290329,-0.018703736477580467,0,0,0,0,0,0,0,0
2.086409963617557,-0.687180058735581,0.668,-0.44952700214365976,0.42403292846679685,0.25536007690429685,1.873004500876352,-0.7019014824050641,0.618,-0.46029568362846496,-0.21340546274120498,-0.014721423669483147,-0.050000000000000044,-0.010768681484805198,-0.2733674150444164,-0.022895339407575828,-0.06536231884057976,-0.008947468352290261,0,0,0,0,0,0,0,0
2.1123422322605494,-0.6839598788206004,0.675,-0.4490906698306612,0.32935009765625,0.21253291320800782,1.873004500876352,-0.7019014824050641,0.618,-0.46029568362846496,-0.23933773138419734,-0.017941603584463728,-0.05700000000000005,-0.011205013797803753,-0.2512093588087266,-0.025305047737785535,-0.08110724637681166,-0.01310211081084095,0,0,0,0,0,0,0,0
2.131182007177081,-0.6826728726112025,0.685,-0.4488114171503424,0.24619374084472656,0.14007919311523437,0.3106577176615042,0.1843332225305523,0.675,-0.4490906698306612,-1.8205242895155769,0.8670060951417548,-0.010000000000000009,-0.0002792526803188089,-0.9102621447577884,0.4335030475708774,-0.008000000000000007,-0.0002792526803188089,0,0,0,0,0,0,0,0
2.141588794424967,-0.6813625479587347,0.688,-0.4469090082656685,0.13211387634277344,0.08544010925292969,0.3106577176615042,0.1843332225305523,0.675,-0.4490906698306612,-1.830931076763463,0.865695770489287,-0.0129999999999999,-0.0021816615649927207,-0.9682535896391249,0.4262013109205319,-0.025617391304347197,-0.010453004541835814,0,0,0,0,0,0,0,0
2.144400916669139,-0.6811267589054031,0.696,-0.4452160388912337,0.036510490417480466,0.021419626235961914,0.3106577176615042,0.1843332225305523,0.675,-0.4490906698306612,-1.8337431990076347,0.8654599814359554,-0.020999999999999908,-0.003874630939427526,-0.9311359876988913,0.4315339592880345,-0.057379710144927494,-0.011235367350013634,0,0,0,0,0,0,0,0
2.140876434213056,-0.6815455455975106,0.696,-0.4436801491494787,-0.04500833892822265,-0.02843686294555664,0.3106577176615042,0.1843332225305523,0.675,-0.4490906698306612,-1.830218716551552,0.8658787681280629,-0.020999999999999908,-0.005410520681182529,-0.8955289001864275,0.4352659767979619,-0.016799999999999926,-0.012724281356206353,0,0,0,0,0,0,0,0
2.129883197413707,-0.6810228658416573,0.7,-0.4427725779384413,-0.15229827880859376,-0.06370428085327148,0.3106577176615042,0.1843332225305523,0.675,-0.4490906698306612,-1.819225479752203,0.8653560883722096,-0.02499999999999991,-0.006318091892219879,-0.8538499445170846,0.43002677006221124,-0.040289855072463715,-0.010264053679338792,0,0,0,0,0,0,0,0
2.112180244674976,-0.679341192842446,0.702,-0.44104470197896767,-0.2507447204589844,-0.0909789047241211,0.3106577176615042,0.1843332225305523,0.675,-0.4490906698306612,-1.8015225270134716,0.8636744153729983,-0.026999999999999913,-0.008045967851693536,-0.8096431244103245,0.42318153783761747,-0.03189411764705877,-0.015668950025842024,0,0,0,0,0,0,0,0
2.0872953344514413,-0.6753040984228232,0.699,-0.44071308942108806,-0.3634042663574219,-0.10458316802978515,0.3106577176615042,0.1843332225305523,0.675,-0.4490906698306612,-1.7766376167899371,0.8596373209533755,-0.02399999999999991,-0.008377580409573149,-0.7500693071531106,0.40739035814545027,-0.0025333333333332486,-0.009956687828047494,0,0,0,0,0,0,0,0
2.054601727174631,-0.6690597353474697,0.709,-0.4388804937064941,-0.4835010986328125,-0.12448330688476562,0.3106577176615042,0.1843332225305523,0.675,-0.4490906698306612,-1.743944009513127,0.8533929578780219,-0.03399999999999992,-0.01021017612416708,-0.6560708246266844,0.38546011900743066,-0.09323773584905659,-0.020583359414321413,0,0,0,0,0,0,0,0
2.0124271824452236,-0.6606696867217489,0.706,-0.4360705136107833,-0.6261409301757812,-0.15489251708984375,0.3106577176615042,0.1843332225305523,0.675,-0.4490906698306612,-1.7017694647837194,0.8450029092523011,-0.030999999999999917,-0.013020156219877899,-0.6369558823151549,0.3799432369594509,-0.009582608695652096,-0.025237460983837973,0,0,0,0,0,0,0,0
1.964147425770072,-0.6487254422247865,0.7,-0.43617523336590314,-0.7321002197265625,-0.14348951721191405,0.3106577176615042,0.1843332225305523,0.675,-0.4490906698306612,-1.6534897081085678,0.8330586647553387,-0.02499999999999991,-0.012915436464758068,-0.5541978405655248,0.3491021457012687,0.013870967741935577,-0.012408727972242756,0,0,0,0,0,0,0,0
1.9100478006278838,-0.6338037298998779,0.696,-0.434813876549348,-0.8300784912109375,-0.13996699523925782,0.3106577176615042,0.1843332225305523,0.675,-0.4490906698306612,-1.5993900829663796,0.8181369524304302,-0.020999999999999908,-0.014276793281313205,-0.5472301241529784,0.33943381869897504,0.001866666666666756,-0.019722220547533753,0,0,0,0,0,0,0,0
1.8509276651439939,-0.61500218724884,0.689,-0.4351978489847862,-0.9230836181640625,-0.11777745819091796,0.3106577176615042,0.1843332225305523,0.675,-0.4490906698306612,-1.5402699474824897,0.7993354097793923,-0.013999999999999901,-0.013892820845875009,-0.44168977660852293,0.29521469016170815,0.027688888888888995,-0.012064380677121697,0,0,0,0,0,0,0,0
1.786546167658921,-0.5936249103307746,0.681,-0.4369257249442608,-1.010890869140625,-0.11636931610107422,0.3106577176615042,0.1843332225305523,0.675,-0.4490906698306612,-1.4758884499974168,0.7779581328613269,-0.006000000000000005,-0.012164944886400408,-0.3802692389705254,0.27021641688585535,0.03964444444444386,-0.003936964126997549,0,0,0,0,0,0,0,0
1.7164272574386072,-0.568414453245347,0.673,-0.43943899906713274,-1.1129951171875,-0.10243695831298828,0.3106577176615042,0.1843332225305523,0.675,-0.4490906698306612,-1.405769539777103,0.7527476757758993,0.0020000000000000018,-0.009651670763528464,-0.3472091383362358,0.24849470774447646,0.04217971014492757,0.0012756080315669462,0,0,0,0,0,0,0,0
1.6419457406508682,-0.5401709991346539,0.667,-0.4433485365915996,-1.1913109130859374,-0.0919012680053711,0.3106577176615042,0.1843332225305523,0.675,-0.4490906698306612,-1.331288022989364,0.7245042216652062,0.008000000000000007,-0.0057421332390615865,-0.2822832633224957,0.21688139114521235,0.0372823529411765,0.011505826427704046,0,0,0,0,0,0,0,0
1.5639493768278383,-0.5092681050759464,0.661,-0.4480783788645046,-1.25568017578125,-0.08313941955566406,0.3106577176615042,0.1843332225305523,0.675,-0.4490906698306612,-1.2532916591663341,0.6936013276064987,0.014000000000000012,-0.001012290966156626,-0.19333269723300106,0.17511791903265217,0.04453333333333337,0.021510767476247947,0,0,0,0,0,0,0,0
1.4840604865838312,-0.4744734686217598,0.659,-0.4536110725933266,-1.30614892578125,-0.04876293182373047,0.3106577176615042,0.1843332225305523,0.675,-0.4490906698306612,-1.173402768922327,0.658806691152312,0.016000000000000014,0.00452040276266541,-0.1814678832234462,0.15290881283752797,0.022944927536231903,0.028575592887978604,0,0,0,0,0,0,0,0
1.39607623128259,-0.4338148417971215,0.657,-0.4591437663221487,-1.4535546875,-0.030136714935302733,0.3106577176615042,0.1843332225305523,0.675,-0.4490906698306612,-1.0854185136210859,0.6181480643276738,0.018000000000000016,0.010053096491487501,-0.08984911923062561,0.09980168821349283,0.024694117647058846,0.03446203941276143,0,0,0,0,0,0,0,0
1.306503214945098,-0.39113522060015365,0.654,-0.46451938041829144,-1.4881639404296876,-0.021564640045166016,0.3106577176615042,0.1843332225305523,0.675,-0.4490906698306612,-0.9958454972835937,0.575468443130706,0.02100000000000002,0.015428710587630234,-0.008070315546136686,0.054330043144435514,0.033206250000000034,0.0406269016632993,0,0,0,0,0,0,0,0
1.2187954351098624,-0.3466283988863247,0.651,-0.46886525025575687,-1.475291259765625,0.0074738855361938476,0.3106577176615042,0.1843332225305523,0.675,-0.4490906698306612,-0.9081377174483583,0.530961621416877,0.02400000000000002,0.019774580425095667,-0.0026317566310554152,0.036401581299024405,0.034641176470588265,0.03894753559038434,0,0,0,0,0,0,0,0
1.1311491639106663,-0.29917031757441026,0.648,-0.47085492560303055,-1.49449072265625,0.04097079086303711,0.3106577176615042,0.1843332225305523,0.675,-0.4490906698306612,-0.8204914462491621,0.48350354010496255,0.027000000000000024,0.021764255772369345,0.2424392751673048,-0.11165947375964735,0.043940425531914934,0.03446431118049921,0,0,0,0,0,0,0,0
1.0447520575350384,-0.24947178614446525,0.644,-0.4704884064601121,-1.493116455078125,0.07644707489013672,0.3106577176615042,0.1843332225305523,0.675,-0.4490906698306612,-0.7340943398735342,0.43380500867501753,0.031000000000000028,0.02139773662945088,0.06493836194137242,-0.03159015281221625,0.044800000000000034,0.019826940302657463,0,0,0,0,0,0,0,0
0.9606634104229224,-0.1982167833977681,0.645,-0.4682718383100786,-1.4728074951171874,0.11350178527832032,0.3106577176615042,0.1843332225305523,0.675,-0.4490906698306612,-0.6500056927614182,0.3825500059283204,0.030000000000000027,0.01918116847941742,0.10153376940538678,-0.06871414140314411,0.018927536231884076,0.009543915653184987,0,0,0,0,0,0,0,0
0.8810161465159226,-0.14653496343971678,0.638,-0.4634721828670945,-1.415992919921875,0.15254806518554687,0.3106577176615042,0.1843332225305523,0.675,-0.4490906698306612,-0.5703584288544185,0.33086818597026907,0.03700000000000003,0.014381513036433313,0.16444243666069241,-0.12631811645547772,0.06911612903225814,-0.008842626203812369,0,0,0,0,0,0,0,0
0.807089170733157,-0.0961726344692973,0.631,-0.46361180920725414,-1.3296436767578126,0.17999757385253906,0.3106577176615042,0.1843332225305523,0.675,-0.4490906698306612,-0.4964314530716528,0.2805058569998496,0.04400000000000004,0.01452113937659294,0.1267761796086369,-0.11520816048046387,0.07070724637681164,0.01512821042076523,0,0,0,0,0,0,0,0
0.7406855458792141,-0.04802321121967988,0.626,-0.46026077704342533,-1.2138870849609376,0.20058670043945312,0.3106577176615042,0.1843332225305523,0.675,-0.4490906698306612,-0.4300278282177099,0.23235643375023218,0.049000000000000044,0.011170107212764124,0.10335962971141927,-0.11467518226688517,0.0631726027397261,-0.002601257844066625,0,0,0,0,0,0,0,0
0.6828567477608443,-0.003134166555814135,0.622,-0.4560719868386388,-1.07624755859375,0.2179686737060547,0.3106577176615042,0.1843332225305523,0.675,-0.4490906698306612,-0.3721990300993401,0.18746738908636643,0.05300000000000005,0.0069813170079776055,0.13015172466016495,-0.1517532684623326,0.06427500000000005,-0.012653637076959198,0,0,0,0,0,0,0,0
0.6341381865370148,0.037809371654778746,0.62,-0.45144686432085374,-0.926573486328125,0.2295270538330078,0.3106577176615042,0.1843332225305523,0.675,-0.4490906698306612,-0.32348046887551063,0.14652385087577355,0.05500000000000005,0.0023561944901925314,0.10891843902796383,-0.15420217573207368,0.05511111111111116,-0.019668198451641156,0,0,0,0,0,0,0,0
0.594580746747641,0.07436215435101808,0.618,-0.4465424891227498,-0.7731188354492188,0.23449751281738282,0.3106577176615042,0.1843332225305523,0.675,-0.4490906698306612,-0.28392302908613687,0.10997106817953421,0.05700000000000005,-0.002548180707911407,0.058692165547957864,-0.13042713176072224,0.055744927536231934,-0.023871551134450268,0,0,0,0,0,0,0,0
0.5747124117246052,0.09326404099541469,0.621,-0.4411494217340874,-0.3912439575195312,0.12702510833740235,0.3106577176615042,0.1843332225305523,0.675,-0.4490906698306612,-0.264054694063101,0.0910691815351376,0.05400000000000005,-0.007941248096573816,-0.019867391256348038,-0.061169608031444334,0.02626451612903229,-0.03403673546106935,0,0,0,0,0,0,0,0
0.5559338880917584,0.10841107480941481,0.625,-0.43558182142022556,-0.3517224426269531,0.08518262481689454,0.3106577176615042,0.1843332225305523,0.675,-0.4490906698306612,-0.24527617043025418,0.07592214772113748,0.050000000000000044,-0.013508848410435648,-0.027384704468802645,-0.0388717063553739,0.01971014492753625,-0.03771580629679143,0,0,0,0,0,0,0,0
0.5331738082822994,0.12503229788686201,0.626,-0.4275184002760114,-0.4147196350097656,0.08198804473876953,0.3106577176615042,0.1843332225305523,0.675,-0.4490906698306612,-0.22251609062079525,0.05930092464369027,0.049000000000000044,-0.021572269554649803,0.039044368525651935,-0.08011233158582508,0.032596226415094375,-0.0672142760313337,0,0,0,0,0,0,0,0
0.5019859465202107,0.1467596194409109,0.634,-0.41847759475068075,-0.56083984375,0.10261332702636719,0.3106577176615042,0.1843332225305523,0.675,-0.4490906698306612,-0.19132822885870648,0.03757360308964139,0.041000000000000036,-0.030613075079980456,0.08039639551792202,-0.10386743303448752,-0.012361290322580647,-0.07435890826706426,0,0,0,0,0,0,0,0
0.47089999587684084,0.16803166994484967,0.641,-0.40626028998672076,-0.5557173461914062,0.1020609359741211,0.3106577176615042,0.1843332225305523,0.675,-0.4490906698306612,-0.16024227821533665,0.016301552585702622,0.03400000000000003,-0.04283037984394045,0.04787983412973684,-0.0794400198998377,-0.0016235294117647008,-0.08595027901085805,0,0,0,0,0,0,0,0
0.4425134546818211,0.18750634964832125,0.645,-0.38837066515377866,-0.5065794372558594,0.10007756805419922,0.3106577176615042,0.1843332225305523,0.675,-0.4490906698306612,-0.1318557370203169,-0.003173127117768959,0.030000000000000027,-0.060720004676882544,0.12153042240034945,-0.1301929389591685,-0.002415094339622642,-0.16198203203315859,0,0,0,0,0,0,0,0
0.4159512597390605,0.20723616946986387,0.648,-0.36452946757153604,-0.48083013916015627,0.12302835083007813,0.3106577176615042,0.1843332225305523,0.675,-0.4490906698306612,-0.10529354207755631,-0.02290294693931158,0.027000000000000024,-0.08456120225912517,0.09730110363809605,-0.12282948859126736,0.004664516129032268,-0.19992183572158945,0,0,0,0,0,0,0,0
0.39048651450662936,0.22577496543311085,0.656,-0.33426545834195465,-0.45601138305664063,0.12363318634033203,0.3106577176615042,0.1843332225305523,0.675,-0.4490906698306612,-0.07982879684512517,-0.04144174290255856,0.019000000000000017,-0.11482521148870656,0.08925459913324754,-0.11475824227934366,-0.025379710144927556,-0.24640786031297346,0,0,0,0,0,0,0,0
0.3668693220566518,0.2428373874856153,0.659,-0.2983291290433916,-0.41861666870117187,0.12554736328125,0.3106577176615042,0.1843332225305523,0.675,-0.4490906698306612,-0.05621160439514761,-0.058504164955063026,0.016000000000000014,-0.1507615407872696,0.09345327658907542,-0.11707337245365743,-0.0026411764705882353,-0.309304170045636,0,0,0,0,0,0,0,0
0.3466862911177829,0.25577683991429073,0.666,-0.25595253480496877,-0.3464210205078125,0.0965345230102539,0.3106577176615042,0.1843332225305523,0.675,-0.4490906698306612,-0.03602857345627869,-0.07144361738373844,0.009000000000000008,-0.19313813502569244,0.09411366293224352,-0.10760765551784376,-0.03168888888888891,-0.39493144092294397,0,0,0,0,0,0,0,0
0.3297538825108709,0.2655924997034924,0.667,-0.2071182223341677,-0.2829869384765625,0.078137451171875,0.3106577176615042,0.1843332225305523,0.675,-0.4490906698306612,-0.019096164849366715,-0.08125927717294013,0.008000000000000007,-0.2419724474964935,0.07634094674081215,-0.09041921722734815,0.0013275362318840604,-0.4542955451956285,0,0,0,0,0,0,0,0
0.31571020232201524,0.27444755640708357,0.672,-0.15704472609445058,-0.23346737670898438,0.08666778564453125,0.3106577176615042,0.1843332225305523,0.675,-0.4490906698306612,-0.0050524846605110585,-0.09011433387653128,0.0030000000000000027,-0.2920459437362106,0.06870981659872243,-0.08997412123184398,-0.022962318840579726,-0.5097567969523721,0,0,0,0,0,0,0,0
0.30721480271513324,0.28239268587557026,0.674,-0.10848966630396789,-0.1445020751953125,0.09778012084960938,0.3106577176615042,0.1843332225305523,0.675,-0.4490906698306612,0.003442914946370945,-0.09805946334501797,0.0010000000000000009,-0.3406010035266933,0.048180674073321425,-0.09247965845329556,-0.01013750000000001,-0.568202846294581,0,0,0,0,0,0,0,0
0.30198937142251164,0.2906972573700341,0.674,-0.06185446869067974,-0.09140855407714844,0.11534929656982422,0.3106577176615042,0.1843332225305523,0.675,-0.4490906698306612,0.008668346238992541,-0.10636403483948181,0.0010000000000000009,-0.3872362011399815,0.03163120226005685,-0.0965641073161938,0.0008000000000000008,-0.5960505188114209,0,0,0,0,0,0,0,0
0.29844224978823297,0.3000407530057775,0.676,-0.01987930018021606,-0.06176860046386719,0.13659542846679687,0.3106577176615042,0.1843332225305523,0.675,-0.4490906698306612,0.012215467873271213,-0.1157075304752252,-0.0010000000000000009,-0.42921136965044515,0.024100379907614374,-0.10524830831747033,-0.010944927536231892,-0.611712102304635,0,0,0,0,0,0,0,0
0.29638066569982624,0.3097198720211652,0.68,0.01806415775814079,-0.033803672790527345,0.14454339599609375,0.3106577176615042,0.1843332225305523,0.675,-0.4490906698306612,0.014277051961677945,-0.1253866494906129,-0.0050000000000000044,-0.467154827588802,0.018776500673457618,-0.11733351273539833,-0.026580645161290342,-0.6507522047098835,0,0,0,0,0,0,0,0
0.2970186733716671,0.3200616787275318,0.68,0.050736721355474294,0.012370641708374024,0.15492892456054688,0.3106577176615042,0.1843332225305523,0.675,-0.4490906698306612,0.013639044289837088,-0.13572845619697949,-0.0050000000000000044,-0.4998273911861355,0.0026062639346487353,-0.1361591780461936,-0.0040000000000000036,-0.6847664304163251,0,0,0,0,0,0,0,0
0.3005051347211184,0.33098459081358506,0.677,0.07977900010866062,0.06053894805908203,0.16098060607910156,0.3106577176615042,0.1843332225305523,0.675,-0.4490906698306612,0.01015258294038579,-0.14665136828303277,-0.0020000000000000018,-0.5288696699393218,-0.01017697693365653,-0.1211134245179995,0.011525000000000011,-0.6377782152637705,0,0,0,0,0,0,0,0
0.3064228262005124,0.3408627183389557,0.673,0.1071632160724511,0.10029151153564453,0.14062652587890626,0.3106577176615042,0.1843332225305523,0.675,-0.4490906698306612,0.004234891460991763,-0.15652949580840342,0.0020000000000000018,-0.5562538859031123,-0.028795867967831124,-0.1298669066188245,0.022495522388059717,-0.6788697782782935,0,0,0,0,0,0,0,0
0.3144012324040847,0.3491242699841747,0.669,0.1355073631248393,0.13224418640136718,0.11041204833984375,0.3106577176615042,0.1843332225305523,0.675,-0.4490906698306612,-0.0037435147425805004,-0.16479104745362239,0.006000000000000005,-0.5845980329555005,-0.05455934550808822,-0.13695294025184213,0.03121509433962267,-0.7450366011765657,0,0,0,0,0,0,0,0
0.3267843353753455,0.35648010909784283,0.666,0.15802211047556652,0.19894963073730468,0.08423304748535156,0.3106577176615042,0.1843332225305523,0.675,-0.4490906698306612,-0.01612661771384133,-0.17214688656729055,0.009000000000000008,-0.6071127803062277,-0.07685832536392526,-0.12693921613735729,0.02386666666666669,-0.7143258629287383,0,0,0,0,0,0,0,0
0.3265005204063164,0.34369281999890033,0.659,0.17428857910415302,-0.03438830947875977,-0.18874954223632812,0.3106577176615042,0.1843332225305523,0.675,-0.4490906698306612,-0.0158428027448122,-0.15935959746834805,0.016000000000000014,-0.6233792489348142,-0.0064817602251569005,-0.01481673808736425,0.04830724637681163,-0.6941030255808425,0,0,0,0,0,0,0,0
0.32542368020188717,0.33000342269974714,0.66,0.20767672769480477,-0.05151556396484375,-0.19942909240722656,0.3106577176615042,0.1843332225305523,0.675,-0.4490906698306612,-0.014765962540382982,-0.14567020016919485,0.015000000000000013,-0.656767397525466,-0.0019207483491737133,-0.0033961282772986268,0.006927536231884065,-0.8019332609630823,0,0,0,0,0,0,0,0
0.32484905328594954,0.31834541259347554,0.666,0.24329889772800878,-0.04449016571044922,-0.16933543395996092,0.3106577176615042,0.1843332225305523,0.675,-0.4490906698306612,-0.014191335624445356,-0.13401219006292325,0.009000000000000008,-0.69238956755867,-0.003851806189994144,-0.0011947476573477694,-0.026670967741935503,-0.8647549064290119,0,0,0,0,0,0,0,0
0.32404461907026944,0.3091542061699659,0.664,0.27274260220915336,-0.04492434310913086,-0.13090078735351562,0.3106577176615042,0.1843332225305523,0.675,-0.4490906698306612,-0.01338690140876525,-0.12482098363941363,0.01100000000000001,-0.7218332720398146,-0.0026129872915125257,-0.01578843025117975,0.0189449275362319,-0.8498493784795739,0,0,0,0,0,0,0,0
0.3225593552037246,0.30488097165075917,0.662,0.29515262980476076,-0.03872188568115234,-0.055727798461914065,0.3106577176615042,0.1843332225305523,0.675,-0.4490906698306612,-0.0119016375422204,-0.12054774912020688,0.013000000000000012,-0.744243299635422,0.0015831283780303436,-0.03859804728876487,0.020544927536231904,-0.8416782022250193,0,0,0,0,0,0,0,0
0.3205906921012115,0.3042075208408441,0.657,0.3115936313585471,-0.031191465377807617,-0.0010750946998596192,0.3106577176615042,0.1843332225305523,0.675,-0.4490906698306612,-0.00993297443970731,-0.11987429831029184,0.018000000000000016,-0.7606843011892084,0.005970530016330182,-0.05619575576672901,0.042177777777777814,-0.8389747847786673,0,0,0,0,0,0,0,0
0.31869630688561745,0.30568981134806006,0.653,0.3206867967614372,-0.020230932235717772,0.029875282287597657,0.3106577176615042,0.1843332225305523,0.675,-0.4490906698306612,-0.008038589224113268,-0.12135658881750777,0.02200000000000002,-0.7697774665920984,0.005589905756898645,-0.06819715930042891,0.0378898550724638,-0.8093129683437944,0,0,0,0,0,0,0,0
0.3181971863113415,0.30905835028927997,0.653,0.3204948105437181,0.00882225799560547,0.05031209945678711,0.3106577176615042,0.1843332225305523,0.675,-0.4490906698306612,-0.007539468649837289,-0.12472512775872768,0.02200000000000002,-0.7695854803743793,-0.0004102689211380119,-0.08503542213757478,0.017600000000000015,-0.768477867579846,0,0,0,0,0,0,0,0
0.31852344591287945,0.31448322402074824,0.648,0.31440361145425755,0.03028017044067383,0.07568780517578125,0.3106577176615042,0.1843332225305523,0.675,-0.4490906698306612,-0.00786572825137527,-0.13015000149019595,0.027000000000000024,-0.7634942812849188,-0.005396849517204219,-0.08941738287348125,0.044035897435897475,-0.7400665924793013,0,0,0,0,0,0,0,0
0.31993956077074526,0.32203246732447827,0.642,0.30201177376509813,0.05521945571899414,0.10111881256103515,0.3106577176615042,0.1843332225305523,0.675,-0.4490906698306612,-0.009281843109241072,-0.13769924479392598,0.03300000000000003,-0.7511024435957594,-0.013992623446187154,-0.11870311591216126,0.06602264150943402,-0.6809599661099514,0,0,0,0,0,0,0,0
0.32295581707781884,0.3304785335333456,0.637,0.2819928472447232,0.0808792724609375,0.10749956512451173,0.3106577176615042,0.1843332225305523,0.675,-0.4490906698306612,-0.012298099416314656,-0.14614531100279332,0.038000000000000034,-0.7310835170753844,-0.018568928619636788,-0.10785057518496807,0.050988235294117695,-0.6604284822975904,0,0,0,0,0,0,0,0
0.32788054745821377,0.33927902897344453,0.63,0.2555336557844893,0.10768701171875,0.10623741149902344,0.3106577176615042,0.1843332225305523,0.675,-0.4490906698306612,-0.017222829796709582,-0.15494580644289224,0.04500000000000004,-0.7046243256151505,-0.04528493900767871,-0.1430085075626083,0.08812765957446816,-0.5357358694859979,0,0,0,0,0,0,0,0
0.3285889882073495,0.33758765342995983,0.627,0.25312510141673716,0.003868823528289795,-0.027232812881469726,0.3106577176615042,0.1843332225305523,0.675,-0.4490906698306612,-0.017931270545845313,-0.15325443089940755,0.04800000000000004,-0.7022157712473984,-0.012612021481709503,-0.06792160603470901,0.05384117647058829,-0.6915897960955508,0,0,0,0,0,0,0,0
0.3280418324917142,0.3306429243095712,0.622,0.2660230845889747,-0.03403340530395508,-0.09879611206054688,0.3106577176615042,0.1843332225305523,0.675,-0.4490906698306612,-0.017384114830210018,-0.14630970177901892,0.05300000000000005,-0.715113754419636,-0.005916629872027427,-0.03792796404695846,0.06776231884057977,-0.7711919421250166,0,0,0,0,0,0,0,0
0.33081074822710116,0.3199926038773566,0.619,0.2717652178280364,-0.0019262328147888184,-0.16505435180664063,0.3106577176615042,0.1843332225305523,0.675,-0.4490906698306612,-0.020153030565596974,-0.13565938134680433,0.05600000000000005,-0.7208558876586977,-0.02545938047939269,-0.00866124382776557,0.061466666666666725,-0.7481993792732772,0,0,0,0,0,0,0,0
0.3372382839015671,0.31018341547591766,0.614,0.2691472239500451,0.053377994537353514,-0.16761802673339843,0.3106577176615042,0.1843332225305523,0.675,-0.4490906698306612,-0.02658056624006294,-0.12585019294536537,0.061000000000000054,-0.7182378937807063,-0.04637318732684159,-0.012436626759393922,0.07453529411764712,-0.7066879207895681,0,0,0,0,0,0,0,0
0.34721431268714625,0.2998848462582369,0.61,0.25748842454672266,0.10317577362060547,-0.1887078094482422,0.3106577176615042,0.1843332225305523,0.675,-0.4490906698306612,-0.03655659502564207,-0.11555162372768463,0.06500000000000006,-0.7065790943773839,-0.06888134207735283,-0.00553669264372262,0.07228985507246383,-0.6558886621890252,0,0,0,0,0,0,0,0
0.3624014084112982,0.29008397890545695,0.604,0.23987805239410026,0.1828590087890625,-0.20017787170410156,0.3106577176615042,0.1843332225305523,0.675,-0.4490906698306612,-0.051743690749794014,-0.10575075637490466,0.07100000000000006,-0.6889687222247615,-0.11024459939796337,0.001573884883547455,0.09013333333333341,-0.6051098072122738,0,0,0,0,0,0,0,0
0.3820453206163285,0.2815214731908629,0.6,0.2186024888122891,0.25570697021484373,-0.19476626586914061,0.3106577176615042,0.1843332225305523,0.675,-0.4490906698306612,-0.07138760295482433,-0.09718825066031062,0.07500000000000007,-0.6676931586429503,-0.1368021731209505,-0.004522404740333004,0.08058823529411771,-0.57383037813496,0,0,0,0,0,0,0,0
