0.07229396963731617,-0.22266439533395527,0.679,-2.287341251201169,0.02189513397216797,0.05138824844360351,-1.2449969455824732,-1.7256347242545185,0.679,-2.288737514602764,-1.3172909152197894,-1.5029703289205631,0,-0.0013962634015953768,-0.6586454576098947,-0.7514851644602816,0,-0.0013962634015953768,0,0,0,0,0,0,0,0
0.07375216611204971,-0.22751382767665346,0.679,-2.285997347677133,0.04048707580566406,0.06426932525634765,-1.2449969455824732,-1.7256347242545185,0.679,-2.288737514602764,-1.318749111694523,-1.498120896577865,0,-0.002740166925631282,-0.6667712046321418,-0.7244618784346663,0,-0.008583225725787392,0,0,0,0,0,0,0,0
0.07489908146214137,-0.2312504879989257,0.677,-2.284985056710976,0.03103384017944336,0.04974395370483398,-1.2449969455824732,-1.7256347242545185,0.679,-2.288737514602764,-1.3198960270446145,-1.4943842362555928,0.0020000000000000018,-0.003752457891788019,-0.6657657000807429,-0.7282380440293145,0.011744927536231894,-0.0081537229620347,0,0,0,0,0,0,0,0
0.07682012777196354,-0.23685556562299045,0.673,-2.2839553124522998,0.0446556282043457,0.07684413146972656,-1.2449969455824732,-1.7256347242545185,0.679,-2.288737514602764,-1.3218170733544368,-1.488779158631528,0.006000000000000005,-0.004782202150464432,-0.6715810161762309,-0.7132502591820706,0.027022222222222246,-0.009685746239399731,0,0,0,0,0,0,0,0
0.07762125948813826,-0.2456966195866217,0.669,-2.2842345651326186,0.09243537902832032,0.09584915924072265,-1.2449969455824732,-1.7256347242545185,0.679,-2.288737514602764,-1.3226182050706115,-1.4799381046678968,0.010000000000000009,-0.004502949470145623,-0.6653728141390903,-0.6951231264314712,0.02828985507246379,-0.003288807381802976,0,0,0,0,0,0,0,0
0.07725513697453644,-0.2592497300417309,0.663,-2.2847232573231775,0.15730996704101563,0.1288924560546875,-1.2449969455824732,-1.7256347242545185,0.679,-2.288737514602764,-1.3222520825570097,-1.4663849942127876,0.016000000000000014,-0.004014257279586708,-0.6587082510943421,-0.6436908242896349,0.05242264150943401,-0.0012480750688758698,0,0,0,0,0,0,0,0
0.07325951492743289,-0.2794281829983874,0.657,-2.284286925010179,0.26800741577148435,0.15289666748046876,-1.2449969455824732,-1.7256347242545185,0.679,-2.288737514602764,-1.318256460509906,-1.4462065412561311,0.02200000000000002,-0.004450589592585263,-0.6369303299932665,-0.6110007542021965,0.05093333333333337,-0.006528362511626003,0,0,0,0,0,0,0,0
0.06616956557589013,-0.30561478327895514,0.651,-2.2844963645204177,0.36659136962890626,0.17666914367675782,-1.2449969455824732,-1.7256347242545185,0.679,-2.288737514602764,-1.3111665111583632,-1.4200199409755634,0.028000000000000025,-0.00424115008234649,-0.6263893464845934,-0.6021827928619146,0.04710588235294122,-0.003501951810915524,0,0,0,0,0,0,0,0
0.05594899441759777,-0.340080313629882,0.647,-2.2855435620716147,0.4911718139648438,0.22254244995117187,-1.2449969455824732,-1.7256347242545185,0.679,-2.288737514602764,-1.300945940000071,-1.3855544106246365,0.03200000000000003,-0.003193952531149513,-0.581680664126914,-0.4607976741041563,0.05252307692307698,0.0028475718026791984,0,0,0,0,0,0,0,0
0.04036904532843573,-0.3823656312776864,0.646,-2.284583630983018,0.6322181396484375,0.23922035217285156,-1.2449969455824732,-1.7256347242545185,0.679,-2.288737514602764,-1.285365990910909,-1.343269092976832,0.03300000000000003,-0.004153883619746335,-0.5727729674912663,-0.48189273653031933,0.030887179487179516,-0.007845926268195648,0,0,0,0,0,0,0,0
0.019874317313048794,-0.4309486699274202,0.643,-2.2854213890239747,0.7521187133789062,0.24473492431640625,-1.2449969455824732,-1.7256347242545185,0.679,-2.288737514602764,-1.264871262895522,-1.2946860543270984,0.03600000000000003,-0.003316125578789464,-0.522079403672601,-0.3857420498188294,0.04495384615384619,0.0005504499948576318,0,0,0,0,0,0,0,0
-0.005181313179264943,-0.48438394340044805,0.644,-2.2852992159763352,0.851723388671875,0.24138705444335937,-1.2449969455824732,-1.7256347242545185,0.679,-2.288737514602764,-1.2398156324032084,-1.2412507808540705,0.03500000000000003,-0.0034382986264289706,-0.46605745352950223,-0.2925140620838815,0.021859649122807037,-0.0040813146666369,0,0,0,0,0,0,0,0
-0.03705937344887635,-0.5419969336479323,0.644,-2.285753001581854,0.9661469116210938,0.20503732299804686,-1.2449969455824732,-1.7256347242545185,0.679,-2.288737514602764,-1.2079375721335968,-1.183637790606586,0.03500000000000003,-0.0029845130209102955,-0.4268684512356229,-0.27174672726171273,0.028000000000000025,-0.0008236291851070809,0,0,0,0,0,0,0,0
-0.07656238189042584,-0.6016182045951505,0.644,-2.2854039357314546,1.063783203125,0.13885824584960937,-1.2449969455824732,-1.7256347242545185,0.679,-2.288737514602764,-1.1684345636920475,-1.124016519659368,0.03500000000000003,-0.0033335788713095837,-0.3838397027946867,-0.25958152314089755,0.028000000000000025,-0.004851256481741272,0,0,0,0,0,0,0,0
-0.12254609168825899,-0.6633815773148664,0.646,-2.284444004642858,1.1518062744140625,0.08611536407470703,-1.2449969455824732,-1.7256347242545185,0.679,-2.288737514602764,-1.1224508538942142,-1.0622531469396521,0.03300000000000003,-0.004293509959906405,-0.32454456769355344,-0.21322686094187615,0.016105882352941192,-0.008528500056657088,0,0,0,0,0,0,0,0
-0.17364364646318753,-0.7273350557027733,0.647,-2.2843043783026986,1.22693603515625,0.048524772644042966,-1.2449969455824732,-1.7256347242545185,0.679,-2.288737514602764,-1.0713532991192856,-0.9982996685517451,0.03200000000000003,-0.004433136300065588,-0.25180134525448383,-0.14385273212083372,0.020044444444444465,-0.005098023634156932,0,0,0,0,0,0,0,0
-0.22844381001689032,-0.7921491885945219,0.649,-2.284374191472778,1.2730533447265624,0.01481130599975586,-1.2449969455824732,-1.7256347242545185,0.679,-2.288737514602764,-1.0165531355655828,-0.9334855356599966,0.030000000000000027,-0.0043633231299859965,-0.23030472366980642,-0.1379754270747522,0.01385507246376813,-0.004059787607900817,0,0,0,0,0,0,0,0
-0.2890066023873255,-0.8580705502224554,0.652,-2.2821052634451857,1.34218701171875,-0.03957924652099609,-1.2449969455824732,-1.7256347242545185,0.679,-2.288737514602764,-0.9559903431951478,-0.8675641740320631,0.027000000000000024,-0.006632251157578484,-0.16627491674974648,-0.09448096098990333,0.006158823529411774,-0.016642227749898278,0,0,0,0,0,0,0,0
-0.35367066799486907,-0.9275481939766117,0.653,-2.2807788132136704,1.4226636962890624,-0.05440118408203125,-1.2449969455824732,-1.7256347242545185,0.679,-2.288737514602764,-0.8913262775876041,-0.7980865302779068,0.026000000000000023,-0.007958701389093825,-0.08641832986300385,-0.013056355393640529,0.01524444444444446,-0.014275131062976402,0,0,0,0,0,0,0,0
-0.4252288967003134,-1.000009696644442,0.654,-2.2792254701793953,1.5239398193359375,-0.10553936004638671,-1.2449969455824732,-1.7256347242545185,0.679,-2.288737514602764,-0.8197680488821598,-0.7256250276100764,0.025000000000000022,-0.009512044423368948,-0.04690750202215982,0.004745833060767923,0.014927536231884073,-0.016265709789782527,0,0,0,0,0,0,0,0
-0.5034525480840119,-1.0749761696611795,0.655,-2.2788240444514365,1.617359619140625,-0.1593831787109375,-1.2449969455824732,-1.7256347242545185,0.679,-2.288737514602764,-0.7415443974984613,-0.650658554593339,0.02400000000000002,-0.009913470151327708,0.05043207793222254,0.07833634663960887,0.01381538461538463,-0.011766204280368137,0,0,0,0,0,0,0,0
-0.5865523547354259,-1.1520590118620149,0.656,-2.280133041390432,1.68897802734375,-0.19494940185546875,-1.2449969455824732,-1.7256347242545185,0.679,-2.288737514602764,-0.6584445908470473,-0.5735757123925036,0.02300000000000002,-0.008604473212332042,0.24107049532147462,0.2422120412604617,0.011537254901960796,-0.00090449121823989,0,0,0,0,0,0,0,0
-0.6693879029371271,-1.2275163329369552,0.659,-2.2821052634451857,1.6681484375,-0.20561187744140624,-1.2449969455824732,-1.7256347242545185,0.679,-2.288737514602764,-0.5756090426453461,-0.4981183913175633,0.020000000000000018,-0.006632251157578484,0.057343596184415424,0.0653463088201362,0.003500000000000003,0.0004113990379699386,0,0,0,0,0,0,0,0
-0.7514987548229385,-1.3016083633050564,0.66,-2.285595921949174,1.64594091796875,-0.20745652770996093,-1.2449969455824732,-1.7256347242545185,0.679,-2.288737514602764,-0.4934981907595347,-0.4240263609494621,0.019000000000000017,-0.003141592653590042,0.3647146952592533,0.339735981840916,0.0077531914893617096,0.01913920630803831,1489608448233,0,0,0,0,0,0,0
-0.8317689346407449,-1.3713415795370423,0.662,-2.289034220575603,1.5791793212890626,-0.2237138671875,-1.2449969455824732,-1.7256347242545185,0.679,-2.288737514602764,-0.41322801094172834,-0.3542931447174762,0.017000000000000015,0.00029670597283892874,0.20055357331511015,0.17657264041220488,0.003455072463768121,0.015245830435573583,1489608448233,0,0,0,0,0,0,0
-0.9087518198555562,-1.4343326841031592,0.669,-2.292210719814233,1.4713419189453125,-0.24770512390136717,-1.2449969455824732,-1.7256347242545185,0.679,-2.288737514602764,-0.336245125726917,-0.2913020401513593,0.010000000000000009,0.003473205211468766,0.20097346213906164,0.15636112510433287,-0.02556164383561646,0.016527311671591386,1489608448233,0,0,0,0,0,0,0
-0.9810066058278651,-1.4881772724224969,0.677,-2.2919489204264334,1.322263427734375,-0.28038906860351565,-1.2449969455824732,-1.7256347242545185,0.679,-2.288737514602764,-0.26399033975460806,-0.2374574518320216,0.0020000000000000018,0.003211405823669189,0.22927875998424063,0.1504942156806776,-0.038400000000000024,0.002089408447385287,1489608448233,0,0,0,0,0,0,0
-1.0613434535174808,-1.5432815093691754,0.685,-2.2889993139905633,1.416423583984375,-0.35930987548828125,0.3394949147484544,0.013913182295736126,0.677,-2.2919489204264334,1.4008383682659353,1.5571946916649115,-0.008000000000000007,-0.0029496064358700558,0.7004191841329677,0.7785973458324558,-0.006400000000000006,-0.0029496064358700558,0,0,0,0,0,0,0,0
-1.1371323985611759,-1.594701425648723,0.695,-2.285735548289334,1.328853759765625,-0.34848440551757814,0.3394949147484544,0.013913182295736126,0.677,-2.2919489204264334,1.4766273133096304,1.6086146079444592,-0.017999999999999905,-0.006213372137099604,1.1227503344126886,1.0651329662597901,-0.06512463768115882,-0.020403657794619376,0,0,0,0,0,0,0,0
-1.1982533197084597,-1.6346447443885646,0.708,-2.2830826478263027,1.053474853515625,-0.29953091430664064,0.3394949147484544,0.013913182295736126,0.677,-2.2919489204264334,1.537748234456914,1.6485579266843007,-0.030999999999999917,-0.008866272600130731,1.1139115753179614,1.04976544009932,-0.09818709677419354,-0.02170288774382973,0,0,0,0,0,0,0,0
-1.2378799149118775,-1.6593345171272622,0.718,-2.2797839755400333,0.668782958984375,-0.20783656311035156,0.3394949147484544,0.013913182295736126,0.677,-2.2919489204264334,1.5773748296603318,1.6732476994229983,-0.040999999999999925,-0.012164944886400075,0.9896918832532997,0.9618618273715598,-0.08352463768115939,-0.02650699830496244,0,0,0,0,0,0,0,0
-1.2762568605827502,-1.678877466439409,0.724,-2.2768692756892026,0.5972914428710937,-0.24607766723632812,0.3394949147484544,0.013913182295736126,0.677,-2.2919489204264334,1.6157517753312045,1.6927906487351452,-0.04699999999999993,-0.01507964473723078,1.0054042845009763,0.946984034062446,-0.06848235294117644,-0.02793861466736624,0,0,0,0,0,0,0,0
-1.3091667281206623,-1.6910988972232959,0.728,-2.275263572777368,0.4597960205078125,-0.25667633056640626,0.3394949147484544,0.013913182295736126,0.677,-2.2919489204264334,1.6486616428691168,1.705012079519032,-0.050999999999999934,-0.016685347649065374,1.0071634188674041,0.9204028774477762,-0.06302222222222219,-0.02433155199113487,0,0,0,0,0,0,0,0
-1.3325065704052255,-1.694854538215493,0.731,-2.2745130811990104,0.26965756225585935,-0.23027536010742186,0.3394949147484544,0.013913182295736126,0.677,-2.2919489204264334,1.6720014851536797,1.708767720511229,-0.05399999999999994,-0.017435839227422978,0.9901317765315011,0.8791852630342742,-0.06301132075471695,-0.021683904765296205,0,0,0,0,0,0,0,0
-1.3459542372409756,-1.6902625520561794,0.733,-2.2749843200970488,0.07800401306152344,-0.19836517333984374,0.3394949147484544,0.013913182295736126,0.677,-2.2919489204264334,1.6854491519894301,1.7041757343519155,-0.05599999999999994,-0.016964600329384627,0.9109373787847532,0.8287951837591498,-0.05494492753623184,-0.014915735555304841,0,0,0,0,0,0,0,0
-1.350300315185472,-1.6789956441855656,0.735,-2.274931960219489,-0.0865982437133789,-0.1591001434326172,0.3394949147484544,0.013913182295736126,0.677,-2.2919489204264334,1.6897952299339263,1.6929088264813017,-0.05799999999999994,-0.017016960206944542,0.8690424924363862,0.7838604806261298,-0.057511111111111075,-0.017266292957229853,0,0,0,0,0,0,0,0
-1.3439334664525202,-1.6611384857940352,0.733,-2.2764154900836844,-0.2659793395996094,-0.10061479187011718,0.3394949147484544,0.013913182295736126,0.677,-2.2919489204264334,1.6834283812009745,1.6750516680897714,-0.05599999999999994,-0.01553343034274901,0.8089436456514707,0.7456139893825972,-0.03450588235294112,-0.008988445647768723,0,0,0,0,0,0,0,0
-1.327922621594084,-1.6364056976192838,0.731,-2.2784924318935573,-0.43814950561523436,-0.05777588272094727,0.3394949147484544,0.013913182295736126,0.677,-2.2919489204264334,1.6674175363425383,1.65031887991502,-0.05399999999999994,-0.013456488532876065,0.7524943377299262,0.6997032680565969,-0.03305507246376806,-0.004426306750819783,0,0,0,0,0,0,0,0
-1.30357095780105,-1.605936507541884,0.728,-2.281092972479029,-0.5847452392578125,-0.01955496597290039,0.3394949147484544,0.013913182295736126,0.677,-2.2919489204264334,1.6430658725495042,1.6198496898376202,-0.050999999999999934,-0.01085594794740441,0.684063866475366,0.6379213525463926,-0.023864516129032193,0.0017273129500390855,0,0,0,0,0,0,0,0
-1.2717159014913395,-1.5705511757773563,0.729,-2.284635990860578,-0.7139911499023438,0.016172788619995118,0.3394949147484544,0.013913182295736126,0.677,-2.2919489204264334,1.6112108162397938,1.5844643580730924,-0.051999999999999935,-0.007312929565855608,0.6440217891575977,0.6127413657382166,-0.046672463768115895,0.008091498180008745,0,0,0,0,0,0,0,0
-1.231698136980625,-1.5291567339493453,0.727,-2.288510621800005,-0.8623409423828124,0.04717403411865234,0.3394949147484544,0.013913182295736126,0.677,-2.2919489204264334,1.5711930517290793,1.5430699162450814,-0.04999999999999993,-0.0034382986264285265,0.5937305316350867,0.5730684562074195,-0.030410958904109532,0.012484842220532085,0,0,0,0,0,0,0,0
-1.186780420631246,-1.4850469100048989,0.726,-2.292804131759911,-0.9415380249023437,0.0724130859375,0.3394949147484544,0.013913182295736126,0.677,-2.2919489204264334,1.5262753353797005,1.498960092300635,-0.04899999999999993,0.0008552113334774347,0.4608068845690314,0.4525870003703898,-0.032469230769230716,0.025625461102165674,0,0,0,0,0,0,0,0
-1.1378088398007038,-1.4386952897788432,0.722,-2.2958235513658614,-1.00726416015625,0.09178130340576172,0.3394949147484544,0.013913182295736126,0.677,-2.2919489204264334,1.4773037545491583,1.4526084720745793,-0.04499999999999993,0.00387463093942797,0.513124860291819,0.5128428271015071,-0.01757894736842098,0.015793392541864293,0,0,0,0,0,0,0,0
-1.0861813280961268,-1.3901366687729744,0.712,-2.298720797924172,-1.058734619140625,0.09660447692871094,0.3394949147484544,0.013913182295736126,0.677,-2.2919489204264334,1.425676242844581,1.4040498510687105,-0.03499999999999992,0.006771877497738554,0.43905586238286576,0.4445170868668691,0.02503030303030313,0.01994118003551394,0,0,0,0,0,0,0,0
-1.032477503025479,-1.3396802929831775,0.707,-2.3001170613257673,-1.1009830322265626,0.09784869384765625,0.3394949147484544,0.013913182295736126,0.677,-2.2919489204264334,1.3719724177739332,1.3535934752789136,-0.029999999999999916,0.008168140899333931,0.39681176619886277,0.40510856030978126,0.0029230769230770073,0.014612433522081823,0,0,0,0,0,0,0,0
-0.9767122084784057,-1.286931909758351,0.702,-2.300029794863167,-1.147358642578125,0.0964580078125,0.3394949147484544,0.013913182295736126,0.677,-2.2919489204264334,1.3162071232268602,1.300845092054087,-0.02499999999999991,0.008080874436733776,0.28984218252898564,0.3020841662404531,0.013018867924528398,0.007586913327676294,0,0,0,0,0,0,0,0
-0.9191265081536791,-1.2343373218298497,0.698,-2.300466127176166,-1.163823974609375,0.11845698547363281,0.3394949147484544,0.013913182295736126,0.677,-2.2919489204264334,1.2586214229021335,1.2482505041255858,-0.020999999999999908,0.008517206749732775,0.37737327253038766,0.3940239298756,0.0007000000000000894,0.010153452923479023,0,0,0,0,0,0,0,0
-0.8662787159248742,-1.1858983427466392,0.69,-2.3007279265639653,-1.0700360107421876,0.10652839660644531,0.3394949147484544,0.013913182295736126,0.677,-2.2919489204264334,1.2057736306733284,1.1998115250423753,-0.0129999999999999,0.008779006137531908,0.24718052148893765,0.27387417253804014,0.043446153846153975,0.010289387220988445,0,0,0,0,0,0,0,0
-0.8150102329750603,-1.1385385796647356,0.686,-2.3004835804686863,-1.042203369140625,0.09938888549804688,0.3394949147484544,0.013913182295736126,0.677,-2.2919489204264334,1.1545051477235146,1.1524517619604717,-0.009000000000000008,0.008534660042252895,0.3133706763259511,0.3324623945292615,0.013388235294117085,0.0074566625630807775,0,0,0,0,0,0,0,0
-0.7646349974388382,-1.092356534146774,0.685,-2.299034957189531,-1.0200792236328124,0.10143301391601563,0.3394949147484544,0.013913182295736126,0.677,-2.2919489204264334,1.1041299121872927,1.1062697164425102,-0.008000000000000007,0.007086036763097603,0.27220253644796905,0.2965679386770242,-0.0008444444444444463,0.0001878306718819259,0,0,0,0,0,0,0,0
-0.7159253934894524,-1.0469896591162635,0.684,-2.2966089495292583,-0.9941766357421875,0.09240163421630859,0.3394949147484544,0.013913182295736126,0.677,-2.2919489204264334,1.0554203082379068,1.0609028414119996,-0.007000000000000006,0.004660029102824925,0.28063245292641603,0.30032959084109145,-0.0005275362318840592,-0.005887830289664976,0,0,0,0,0,0,0,0
-0.6668478328966303,-1.0015229302294248,0.682,-2.2960504441686207,-0.9987332763671875,0.09794733428955078,0.3394949147484544,0.013913182295736126,0.677,-2.2919489204264334,1.0063427476450846,1.015436112525161,-0.0050000000000000044,0.004101523742187307,0.2505662825359575,0.273698128168558,0.0062941176470588285,0.0016375295040801704,0,0,0,0,0,0,0,0
-0.6190846014717587,-0.9547140252841979,0.682,-2.293956049066227,-1.0006668701171875,0.07039732360839844,0.3394949147484544,0.013913182295736126,0.677,-2.2919489204264334,0.9585795162202131,0.968627207579934,-0.0050000000000000044,0.002007128639793798,0.2139384724163761,0.22426413187203958,-0.0040000000000000036,-0.007966181371603865,0,0,0,0,0,0,0,0
-0.5700801604028406,-0.907443116948147,0.677,-2.2933277305355095,-1.0180335083007812,0.08186531829833985,0.3394949147484544,0.013913182295736126,0.677,-2.2919489204264334,0.909575075151295,0.9213562992438832,0,0.001378810109076145,0.20255879677974553,0.21737200377462104,0.02573529411764708,-0.0013931834087958536,0,0,0,0,0,0,0,0
-0.5241914733802338,-0.8630819810120169,0.676,-2.293764062848508,-0.9543350219726563,0.07630931091308593,0.3394949147484544,0.013913182295736126,0.677,-2.2919489204264334,0.8636863881286881,0.8769951633077531,0.0010000000000000009,0.0018151424220747003,0.19907449177575867,0.2134773269053905,0.005872463768115947,0.003712239435111897,0,0,0,0,0,0,0,0
-0.4767158535321827,-0.8187431051329035,0.673,-2.2936942496784276,-0.9698668823242188,0.09396312713623046,0.3394949147484544,0.013913182295736126,0.677,-2.2919489204264334,0.8162107682806371,0.8326562874286396,0.0040000000000000036,0.001745329251994221,0.14435194054003503,0.17000105549702288,0.019866666666666685,0.0014128855849443191,0,0,0,0,0,0,0,0
-0.4277423031277872,-0.7746148755166433,0.67,-2.294165488576467,-0.98235546875,0.11297045135498048,0.3394949147484544,0.013913182295736126,0.677,-2.2919489204264334,0.7672372178762417,0.7885280578123794,0.007000000000000006,0.00221656815003346,0.1488139152184167,0.18269032526658613,0.019983561643835634,0.004153166361153621,0,0,0,0,0,0,0,0
-0.37731303552696865,-0.7307771992504181,0.671,-2.2946018208894654,-0.9935950927734375,0.1317599792480469,0.3394949147484544,0.013913182295736126,0.677,-2.2919489204264334,0.716807950275423,0.7446903815461542,0.006000000000000005,0.002652900463032015,0.08686176497945713,0.1362961647241719,-0.000584615384615384,0.004666741907640732,0,0,0,0,0,0,0,0
-0.3256941733360319,-0.6878656679342692,0.669,-2.2928913982225105,-0.9950601806640625,0.1538966827392578,0.3394949147484544,0.013913182295736126,0.677,-2.2919489204264334,0.6651890880844863,0.7017788502300053,0.008000000000000007,0.0009424777960771458,0.04119774135147147,0.10864690962061377,0.017690322580645176,-0.007333760914994802,0,0,0,0,0,0,0,0
-0.2740947528094486,-0.6461527470827695,0.667,-2.2886327948476444,-0.9811107788085938,0.1672630615234375,0.3394949147484544,0.013913182295736126,0.677,-2.2919489204264334,0.613589667557903,0.6600659293785056,0.010000000000000009,-0.00331612557878902,-0.033956056490938136,0.05457027982085866,0.02120754716981134,-0.027421427700672976,0,0,0,0,0,0,0,0
-0.2238800758500546,-0.6064376913029745,0.669,-2.2792603767644346,-0.9441544189453125,0.175505859375,0.3394949147484544,0.013913182295736126,0.677,-2.2919489204264334,0.563374990598509,0.6203508735987107,0.008000000000000007,-0.012688543661998786,0.02697536579508225,0.10872225530764185,-0.0037449275362318856,-0.05343818750204124,0,0,0,0,0,0,0,0
-0.17652961855200036,-0.5693626645554907,0.668,-2.26236558960513,-0.884442138671875,0.17748907470703126,0.3394949147484544,0.013913182295736126,0.677,-2.2919489204264334,0.5160245333004547,0.5832758468512268,0.009000000000000008,-0.029583330821303377,-0.005045829450074368,0.0856655526062586,0.012755555555555567,-0.11003469824656333,0,0,0,0,0,0,0,0
-0.13366541254060627,-0.5353076834731593,0.673,-2.2410900260233193,-0.8035083618164063,0.16946308898925783,0.3394949147484544,0.013913182295736126,0.677,-2.2919489204264334,0.47316032728906066,0.5492208657688954,0.0040000000000000036,-0.050858894403114085,0.019153031702676376,0.10186777522044785,-0.022162318840579724,-0.1433613447588128,0,0,0,0,0,0,0,0
-0.13366541254060627,-0.5353076834731593,0,-2.4283987613473506,0,0,0.3394949147484544,0.013913182295736126,0.677,-2.2919489204264334,0.47316032728906066,0.5492208657688954,0.677,0.13644984092091716,0.23658016364453033,0.2746104328844477,4.005570588235294,0.9628119085269372,0,0,0,0,0,0,0,0
-0.13366541254060627,-0.5353076834731593,0,-2.5300118303984607,0,0,0.3394949147484544,0.013913182295736126,0.677,-2.2919489204264334,0.47316032728906066,0.5492208657688954,0.677,0.23806290997202728,0.23658016364453033,0.2746104328844477,0.5416000000000001,0.5398839071535424,0,0,0,0,0,0,0,0
-0.13366541254060627,-0.5353076834731593,0,2.233270950974384,0,0,0.3394949147484544,0.013913182295736126,0.677,-2.2919489204264334,0.47316032728906066,0.5492208657688954,0.677,1.7579654357787682,0.23658016364453033,0.2746104328844477,0.5416000000000001,5.465044767014721,0,0,0,0,0,0,0,0
-0.13366541254060627,-0.5353076834731593,0,1.266951957315204,0,0,0.3394949147484544,0.013913182295736126,0.677,-2.2919489204264334,0.47316032728906066,0.5492208657688954,0.677,2.724284429437949,0.23658016364453033,0.2746104328844477,0.5416000000000001,7.555879397733854,0,0,0,0,0,0,0,0
-0.13366541254060627,-0.5353076834731593,0,0.8918632477691024,0,0,0.3394949147484544,0.013913182295736126,0.677,-2.2919489204264334,0.47316032728906066,0.5492208657688954,0.677,3.0993731389840504,0.23658016364453033,0.2746104328844477,0.5416000000000001,4.2838638007085805,0,0,0,0,0,0,0,0
-0.13366541254060627,-0.5353076834731593,0,0.9977698267801184,0,0,0.3394949147484544,0.013913182295736126,0.677,-2.2919489204264334,0.47316032728906066,0.5492208657688954,0.677,2.9934665599730343,0.23658016364453033,0.2746104328844477,0.5416000000000001,2.728700112445494,0,0,0,0,0,0,0,0
-0.13366541254060627,-0.5353076834731593,0,1.1229797473181917,0,0,0.3394949147484544,0.013913182295736126,0.677,-2.2919489204264334,0.47316032728906066,0.5492208657688954,0.677,2.868256639434961,0.23658016364453033,0.2746104328844477,0.5416000000000001,2.4926268778207414,0,0,0,0,0,0,0,0
-0.13366541254060627,-0.5353076834731593,0,1.152755064357215,0,0,0.3394949147484544,0.013913182295736126,0.677,-2.2919489204264334,0.47316032728906066,0.5492208657688954,0.677,2.8384813223959378,0.23658016364453033,0.2746104328844477,0.5416000000000001,2.70105678221583,0,0,0,0,0,0,0,0
-0.13366541254060627,-0.5353076834731593,0,1.1054217350431288,0,0,0.3394949147484544,0.013913182295736126,0.677,-2.2919489204264334,0.47316032728906066,0.5492208657688954,0.677,2.885814651710024,0.23658016364453033,0.2746104328844477,0.5416000000000001,3.027814639652283,0,0,0,0,0,0,0,0
-0.13366541254060627,-0.5353076834731593,0,1.118895676868525,0,0,0.3394949147484544,0.013913182295736126,0.677,-2.2919489204264334,0.47316032728906066,0.5492208657688954,0.677,2.872340709884628,0.23658016364453033,0.2746104328844477,0.5416000000000001,2.8319188844084393,0,0,0,0,0,0,0,0
-0.13366541254060627,-0.5353076834731593,0,1.1294200122580507,0,0,0.3394949147484544,0.013913182295736126,0.677,-2.2919489204264334,0.47316032728906066,0.5492208657688954,0.677,2.861816374495102,0.23658016364453033,0.2746104328844477,0.5416000000000001,2.8343615865224265,0,0,0,0,0,0,0,0
-0.13366541254060627,-0.5353076834731593,0,1.1279364823938556,0,0,0.3394949147484544,0.013913182295736126,0.677,-2.2919489204264334,0.47316032728906066,0.5492208657688954,0.677,2.8632999043592973,0.23658016364453033,0.2746104328844477,0.5416000000000001,2.8677064287083915,0,0,0,0,0,0,0,0
-0.13366541254060627,-0.5353076834731593,0,1.1087204073293981,0,0,0.3394949147484544,0.013913182295736126,0.677,-2.2919489204264334,0.47316032728906066,0.5492208657688954,0.677,2.8825159794237547,0.23658016364453033,0.2746104328844477,0.5416000000000001,2.9660641318779173,0,0,0,0,0,0,0,0
-0.13366541254060627,-0.5353076834731593,0,1.0754893383714261,0,0,0.3394949147484544,0.013913182295736126,0.677,-2.2919489204264334,0.47316032728906066,0.5492208657688954,0.677,2.9157470483817267,0.23658016364453033,0.2746104328844477,0.5416000000000001,3.0154402552556427,0,0,0,0,0,0,0,0
-0.13366541254060627,-0.5353076834731593,0,1.090289730428338,0,0,0.3394949147484544,0.013913182295736126,0.677,-2.2919489204264334,0.47316032728906066,0.5492208657688954,0.677,2.9009466563248147,0.23658016364453033,0.2746104328844477,0.5416000000000001,2.856545480154079,0,0,0,0,0,0,0,0
-0.13366541254060627,-0.5353076834731593,0,1.0878986293531059,0,0,0.3394949147484544,0.013913182295736126,0.677,-2.2919489204264334,0.47316032728906066,0.5492208657688954,0.677,2.903337757400047,0.23658016364453033,0.2746104328844477,0.5416000000000001,2.9095216394911656,0,0,0,0,0,0,0,0
-0.13366541254060627,-0.5353076834731593,0,1.0791545298006142,0,0,0.3394949147484544,0.013913182295736126,0.677,-2.2919489204264334,0.47316032728906066,0.5492208657688954,0.677,2.912081856952539,0.23658016364453033,0.2746104328844477,0.5416000000000001,2.9490287564701094,0,0,0,0,0,0,0,0
-0.13366541254060627,-0.5353076834731593,0,1.0743199677725899,0,0,0.3394949147484544,0.013913182295736126,0.677,-2.2919489204264334,0.47316032728906066,0.5492208657688954,0.677,2.9169164189805628,0.23658016364453033,0.2746104328844477,0.5416000000000001,2.931868672675482,0,0,0,0,0,0,0,0
-0.13366541254060627,-0.5353076834731593,0,1.0758907640993849,0,0,0.3394949147484544,0.013913182295736126,0.677,-2.2919489204264334,0.47316032728906066,0.5492208657688954,0.677,2.915345622653768,0.23658016364453033,0.2746104328844477,0.5416000000000001,2.911283218360333,0,0,0,0,0,0,0,0
-0.13366541254060627,-0.5353076834731593,0,1.0742676078950302,0,0,0.3394949147484544,0.013913182295736126,0.677,-2.2919489204264334,0.47316032728906066,0.5492208657688954,0.677,2.9169687788581227,0.23658016364453033,0.2746104328844477,0.5416000000000001,2.921838247471187,0,0,0,0,0,0,0,0
-0.13366541254060627,-0.5353076834731593,0,1.075524244956466,0,0,0.3394949147484544,0.013913182295736126,0.677,-2.2919489204264334,0.47316032728906066,0.5492208657688954,0.677,2.915712141796687,0.23658016364453033,0.2746104328844477,0.5416000000000001,2.910168154760941,0,0,0,0,0,0,0,0
-0.13366541254060627,-0.5353076834731593,0,1.0760827503171042,0,0,0.3394949147484544,0.013913182295736126,0.677,-2.2919489204264334,0.47316032728906066,0.5492208657688954,0.677,2.915153636436049,0.23658016364453033,0.2746104328844477,0.5416000000000001,2.9134781203541347,0,0,0,0,0,0,0,0
-0.13366541254060627,-0.5353076834731593,0,1.0765016293375829,0,0,0.3394949147484544,0.013913182295736126,0.677,-2.2919489204264334,0.47316032728906066,0.5492208657688954,0.677,2.91473475741557,0.23658016364453033,0.2746104328844477,0.5416000000000001,2.9134781203541333,0,0,0,0,0,0,0,0
-0.13366541254060627,-0.5353076834731593,0,1.076449269460023,0,0,0.3394949147484544,0.013913182295736126,0.677,-2.2919489204264334,0.47316032728906066,0.5492208657688954,0.677,2.91478711729313,0.23658016364453033,0.2746104328844477,0.5416000000000001,2.9149441969258096,0,0,0,0,0,0,0,0
-0.13366541254060627,-0.5353076834731593,0,1.077042681405701,0,0,0.3394949147484544,0.013913182295736126,0.677,-2.2919489204264334,0.47316032728906066,0.5492208657688954,0.677,2.9141937053474516,0.23658016364453033,0.2746104328844477,0.5416000000000001,2.911968410551158,0,0,0,0,0,0,0,0
-0.13366541254060627,-0.5353076834731593,0,1.0771124945757808,0,0,0.3394949147484544,0.013913182295736126,0.677,-2.2919489204264334,0.47316032728906066,0.5492208657688954,0.677,2.914123892177372,0.23658016364453033,0.2746104328844477,0.5416000000000001,2.9139244259771444,0,0,0,0,0,0,0,0
-0.13366541254060627,-0.5353076834731593,0,1.0776186400588592,0,0,0.3394949147484544,0.013913182295736126,0.677,-2.2919489204264334,0.47316032728906066,0.5492208657688954,0.677,2.9136177466942934,0.23658016364453033,0.2746104328844477,0.5416000000000001,2.9121577116469513,0,0,0,0,0,0,0,0
-0.13366541254060627,-0.5353076834731593,0,1.07737429396358,0,0,0.3394949147484544,0.013913182295736126,0.677,-2.2919489204264334,0.47316032728906066,0.5492208657688954,0.677,2.913862092789573,0.23658016364453033,0.2746104328844477,0.5416000000000001,2.914625674337321,0,0,0,0,0,0,0,0
-0.13366541254060627,-0.5353076834731593,0,1.0774615604261797,0,0,0.3394949147484544,0.013913182295736126,0.677,-2.2919489204264334,0.47316032728906066,0.5492208657688954,0.677,2.913774826326973,0.23658016364453033,0.2746104328844477,0.5416000000000001,2.9133525692498776,0,0,0,0,0,0,0,0
-0.13366541254060627,-0.5353076834731593,0,1.0772870275009803,0,0,0.3394949147484544,0.013913182295736126,0.677,-2.2919489204264334,0.47316032728906066,0.5492208657688954,0.677,2.9139493592521726,0.23658016364453033,0.2746104328844477,0.5416000000000001,2.9144007375069987,0,0,0,0,0,0,0,0
-0.13366541254060627,-0.5353076834731593,0,1.0778106262765785,0,0,0.3394949147484544,0.013913182295736126,0.677,-2.2919489204264334,0.47316032728906066,0.5492208657688954,0.677,2.9134257604765743,0.23658016364453033,0.2746104328844477,0.5416000000000001,2.9118705165886585,0,0,0,0,0,0,0,0
-0.13366541254060627,-0.5353076834731593,0,1.074005808507231,0,0,0.3394949147484544,0.013913182295736126,0.677,-2.2919489204264334,0.47316032728906066,0.5492208657688954,0.677,2.917230578245922,0.23658016364453033,0.2746104328844477,0.5416000000000001,2.9286450315539643,0,0,0,0,0,0,0,0
-0.13366541254060627,-0.5353076834731593,0,1.0734647564391127,0,0,0.3394949147484544,0.013913182295736126,0.677,-2.2919489204264334,0.47316032728906066,0.5492208657688954,0.677,2.91777163031404,0.23658016364453033,0.2746104328844477,0.5416000000000001,2.920124030610207,0,0,0,0,0,0,0,0
-0.13366541254060627,-0.5353076834731593,0,1.0719812265749176,0,0,0.3394949147484544,0.013913182295736126,0.677,-2.2919489204264334,0.47316032728906066,0.5492208657688954,0.677,2.9192551601782353,0.23658016364453033,0.2746104328844477,0.5416000000000001,2.9237057497708205,0,0,0,0,0,0,0,0
-0.13366541254060627,-0.5353076834731593,0,1.0725571852280757,0,0,0.3394949147484544,0.013913182295736126,0.677,-2.2919489204264334,0.47316032728906066,0.5492208657688954,0.677,2.918679201525077,0.23658016364453033,0.2746104328844477,0.5416000000000001,2.9169513255656025,0,0,0,0,0,0,0,0
-0.13366541254060627,-0.5353076834731593,0,1.065348975417339,0,0,0.3394949147484544,0.013913182295736126,0.677,-2.2919489204264334,0.47316032728906066,0.5492208657688954,0.677,2.9258874113358138,0.23658016364453033,0.2746104328844477,0.5416000000000001,2.9445293332601326,0,0,0,0,0,0,0,0
-0.13366541254060627,-0.5353076834731593,0,1.090254823843298,0,0,0.3394949147484544,0.013913182295736126,0.677,-2.2919489204264334,0.47316032728906066,0.5492208657688954,0.677,2.9009815629098545,0.23658016364453033,0.2746104328844477,0.5416000000000001,2.826264017631977,0,0,0,0,0,0,0,0
-0.13366541254060627,-0.5353076834731593,0,1.112176159248347,0,0,0.3394949147484544,0.013913182295736126,0.677,-2.2919489204264334,0.47316032728906066,0.5492208657688954,0.677,2.879060227504806,0.23658016364453033,0.2746104328844477,0.5416000000000001,2.7794177938454947,0,0,0,0,0,0,0,0
-0.13366541254060627,-0.5353076834731593,0,1.1670318576385288,0,0,0.3394949147484544,0.013913182295736126,0.677,-2.2919489204264334,0.47316032728906066,0.5492208657688954,0.677,2.824204529114624,0.23658016364453033,0.2746104328844477,0.5416000000000001,2.664430650308269,0,0,0,0,0,0,0,0
-0.13366541254060627,-0.5353076834731593,0,1.28054807218824,0,0,0.3394949147484544,0.013913182295736126,0.677,-2.2919489204264334,0.47316032728906066,0.5492208657688954,0.677,2.710688314564913,0.23658016364453033,0.2746104328844477,0.5416000000000001,2.37013967091578,0,0,0,0,0,0,0,0
-0.13366541254060627,-0.5353076834731593,0,1.4487105456178937,0,0,0.3394949147484544,0.013913182295736126,0.677,-2.2919489204264334,0.47316032728906066,0.5492208657688954,0.677,2.542525841135259,0.23658016364453033,0.2746104328844477,0.5416000000000001,2.10384112784051,0,0,0,0,0,0,0,0
-0.13366541254060627,-0.5353076834731593,0,1.5448781874027813,0,0,0.3394949147484544,0.013913182295736126,0.677,-2.2919489204264334,0.47316032728906066,0.5492208657688954,0.677,2.446358199350372,0.23658016364453033,0.2746104328844477,0.5416000000000001,2.028238017676949,0,0,0,0,0,0,0,0
-0.13366541254060627,-0.5353076834731593,0,1.6457407648755336,0,0,0.3394949147484544,0.013913182295736126,0.677,-2.2919489204264334,0.47316032728906066,0.5492208657688954,0.677,2.3454956218776193,0.23658016364453033,0.2746104328844477,0.5416000000000001,2.0429078894593617,0,0,0,0,0,0,0,0
-0.13366541254060627,-0.5353076834731593,0,1.6875763070458376,0,0,0.3394949147484544,0.013913182295736126,0.677,-2.2919489204264334,0.47316032728906066,0.5492208657688954,0.677,2.3036600797073152,0.23658016364453033,0.2746104328844477,0.5416000000000001,2.1793960930628478,0,0,0,0,0,0,0,0
-0.13366541254060627,-0.5353076834731593,0,1.6937198660128578,0,0,0.3394949147484544,0.013913182295736126,0.677,-2.2919489204264334,0.47316032728906066,0.5492208657688954,0.677,2.297516520740295,0.23658016364453033,0.2746104328844477,0.5416000000000001,2.279085843839235,0,0,0,0,0,0,0,0
-0.13366541254060627,-0.5353076834731593,0,1.7057277312665788,0,0,0.3394949147484544,0.013913182295736126,0.677,-2.2919489204264334,0.47316032728906066,0.5492208657688954,0.677,2.285508655486574,0.23658016364453033,0.2746104328844477,0.5416000000000001,2.2399091671813034,0,0,0,0,0,0,0,0
-0.13366541254060627,-0.5353076834731593,0,1.7314015245634153,0,0,0.3394949147484544,0.013913182295736126,0.677,-2.2919489204264334,0.47316032728906066,0.5492208657688954,0.677,2.259834862189738,0.23658016364453033,0.2746104328844477,0.5416000000000001,2.1835760702189377,0,0,0,0,0,0,0,0
-0.13366541254060627,-0.5353076834731593,0,1.7435315628647758,0,0,0.3394949147484544,0.013913182295736126,0.677,-2.2919489204264334,0.47316032728906066,0.5492208657688954,0.677,2.247704823888377,0.23658016364453033,0.2746104328844477,0.5416000000000001,2.2127143287882967,0,0,0,0,0,0,0,0
-0.13366541254060627,-0.5353076834731593,0,1.7637075690178305,0,0,0.3394949147484544,0.013913182295736126,0.677,-2.2919489204264334,0.47316032728906066,0.5492208657688954,0.677,2.2275288177353225,0.23658016364453033,0.2746104328844477,0.5416000000000001,2.1670007992761597,0,0,0,0,0,0,0,0
-0.13366541254060627,-0.5353076834731593,0,1.7739177451419972,0,0,0.3394949147484544,0.013913182295736126,0.677,-2.2919489204264334,0.47316032728906066,0.5492208657688954,0.677,2.217318641611156,0.23658016364453033,0.2746104328844477,0.5416000000000001,2.1785458208864723,0,0,0,0,0,0,0,0
-0.13366541254060627,-0.5353076834731593,0,1.7919819029001383,0,0,0.3394949147484544,0.013913182295736126,0.677,-2.2919489204264334,0.47316032728906066,0.5492208657688954,0.677,2.1992544838530144,0.23658016364453033,0.2746104328844477,0.5416000000000001,2.14506201057859,0,0,0,0,0,0,0,0
-0.13366541254060627,-0.5353076834731593,0,1.8189646931359709,0,0,0.3394949147484544,0.013913182295736126,0.677,-2.2919489204264334,0.47316032728906066,0.5492208657688954,0.677,2.1722716936171818,0.23658016364453033,0.2746104328844477,0.5416000000000001,2.091323322909684,0,0,0,0,0,0,0,0
-0.13366541254060627,-0.5353076834731593,0,1.8827739305888833,0,0,0.3394949147484544,0.013913182295736126,0.677,-2.2919489204264334,0.47316032728906066,0.5492208657688954,0.677,2.1084624561642693,0.23658016364453033,0.2746104328844477,0.5416000000000001,1.917034743805532,0,0,0,0,0,0,0,0
-0.13366541254060627,-0.5353076834731593,0,1.9502134528859445,0,0,0.3394949147484544,0.013913182295736126,0.677,-2.2919489204264334,0.47316032728906066,0.5492208657688954,0.677,2.0410229338672083,0.23658016364453033,0.2746104328844477,0.5416000000000001,1.7478076195321608,0,0,0,0,0,0,0,0
-0.13366541254060627,-0.5353076834731593,0,2.016553417754249,0,0,0.3394949147484544,0.013913182295736126,0.677,-2.2919489204264334,0.47316032728906066,0.5492208657688954,0.677,1.9746829689989038,0.23658016364453033,0.2746104328844477,0.5416000000000001,1.7756630743939903,0,0,0,0,0,0,0,0
-0.13366541254060627,-0.5353076834731593,0,2.0983046399176635,0,0,0.3394949147484544,0.013913182295736126,0.677,-2.2919489204264334,0.47316032728906066,0.5492208657688954,0.677,1.8929317468354894,0.23658016364453033,0.2746104328844477,0.5416000000000001,1.6815061722749347,0,0,0,0,0,0,0,0
-0.13366541254060627,-0.5353076834731593,0,2.104779811442562,0,0,0.3394949147484544,0.013913182295736126,0.677,-2.2919489204264334,0.47316032728906066,0.5492208657688954,0.677,1.886456575310591,0.23658016364453033,0.2746104328844477,0.5416000000000001,1.8670310607358962,0,0,0,0,0,0,0,0
-0.13366541254060627,-0.5353076834731593,0,2.073206805273985,0,0,0.3394949147484544,0.013913182295736126,0.677,-2.2919489204264334,0.47316032728906066,0.5492208657688954,0.677,1.9180295814791677,0.23658016364453033,0.2746104328844477,0.5416000000000001,1.9969620969006092,0,0,0,0,0,0,0,0
-0.13366541254060627,-0.5353076834731593,0,2.05324023863117,0,0,0.3394949147484544,0.013913182295736126,0.677,-2.2919489204264334,0.47316032728906066,0.5492208657688954,0.677,1.9379961481219823,0.23658016364453033,0.2746104328844477,0.5416000000000001,2.0361923775128736,0,0,0,0,0,0,0,0
-0.13366541254060627,-0.5353076834731593,0,2.0405691482616914,0,0,0.3394949147484544,0.013913182295736126,0.677,-2.2919489204264334,0.47316032728906066,0.5492208657688954,0.677,1.9506672384914614,0.23658016364453033,0.2746104328844477,0.5416000000000001,1.987573326946255,0,0,0,0,0,0,0,0
-0.13366541254060627,-0.5353076834731593,0,2.0266588741232967,0,0,0.3394949147484544,0.013913182295736126,0.677,-2.2919489204264334,0.47316032728906066,0.5492208657688954,0.677,1.9645775126298561,0.23658016364453033,0.2746104328844477,0.5416000000000001,2.0063083350450404,0,0,0,0,0,0,0,0
-0.13366541254060627,-0.5353076834731593,0,1.9483634038788313,0,0,0.3394949147484544,0.013913182295736126,0.677,-2.2919489204264334,0.47316032728906066,0.5492208657688954,0.677,2.0428729828743215,0.23658016364453033,0.2746104328844477,0.5416000000000001,2.2777593936077176,0,0,0,0,0,0,0,0
-0.13366541254060627,-0.5353076834731593,0,1.9065802215860868,0,0,0.3394949147484544,0.013913182295736126,0.677,-2.2919489204264334,0.47316032728906066,0.5492208657688954,0.677,2.0846561651670665,0.23658016364453033,0.2746104328844477,0.5416000000000001,2.266322175135523,0,0,0,0,0,0,0,0
-0.13366541254060627,-0.5353076834731593,0,1.9278208785828577,0,0,0.3394949147484544,0.013913182295736126,0.677,-2.2919489204264334,0.47316032728906066,0.5492208657688954,0.677,2.063415508170295,0.23658016364453033,0.2746104328844477,0.5416000000000001,2.0084827745579554,0,0,0,0,0,0,0,0
-0.13366541254060627,-0.5353076834731593,0,1.9567933441659635,0,0,0.3394949147484544,0.013913182295736126,0.677,-2.2919489204264334,0.47316032728906066,0.5492208657688954,0.677,2.0344430425871893,0.23658016364453033,0.2746104328844477,0.5416000000000001,1.9475256458378718,0,0,0,0,0,0,0,0
-0.13366541254060627,-0.5353076834731593,0,1.9660435892015335,0,0,0.3394949147484544,0.013913182295736126,0.677,-2.2919489204264334,0.47316032728906066,0.5492208657688954,0.677,2.025192797551619,0.23658016364453033,0.2746104328844477,0.5416000000000001,1.9974420624449083,0,0,0,0,0,0,0,0
-0.13366541254060627,-0.5353076834731593,0,1.9919966351786893,0,0,0.3394949147484544,0.013913182295736126,0.677,-2.2919489204264334,0.47316032728906066,0.5492208657688954,0.677,1.9992397515744633,0.23658016364453033,0.2746104328844477,0.5416000000000001,1.8864004212390035,0,0,0,0,0,0,0,0
-0.13366541254060627,-0.5353076834731593,0,2.025332423891781,0,0,0.3394949147484544,0.013913182295736126,0.677,-2.2919489204264334,0.47316032728906066,0.5492208657688954,0.677,1.965903962861372,0.23658016364453033,0.2746104328844477,0.5416000000000001,1.8658965967220977,0,0,0,0,0,0,0,0
-0.13366541254060627,-0.5353076834731593,0,2.052437387175253,0,0,0.3394949147484544,0.013913182295736126,0.677,-2.2919489204264334,0.47316032728906066,0.5492208657688954,0.677,1.9387989995778998,0.23658016364453033,0.2746104328844477,0.5416000000000001,1.868699956603403,0,0,0,0,0,0,0,0
