-0.08449109304275246,-0.034484251500608624,0.702,-1.2695350446081555,0.024062532424926758,0.026861824035644532,0.5108026535535566,-1.942156775869052,0.705,-1.267423196213242,0.5952937465963091,-1.9076725243684436,0.0030000000000000027,0.002111848394913407,0.29764687329815454,-0.9538362621842218,0.0024000000000000024,0.002111848394913407,0,0,0,0,0,0,0,0
-0.0824332488114359,-0.03582243747213119,0.7,-1.2711582008125097,0.02832797622680664,0.023521379470825197,0.5108026535535566,-1.942156775869052,0.705,-1.267423196213242,0.5932359023649925,-1.906334338396921,0.0050000000000000044,0.0037350045992676772,0.28617961087871635,-0.9463792693429106,0.014144927536231896,0.010792205487764503,0,0,0,0,0,0,0,0
-0.08074123323623056,-0.03691356830900217,0.696,-1.2724671977515059,0.023129302978515624,0.019418266296386717,0.5108026535535566,-1.942156775869052,0.705,-1.267423196213242,0.5915438867897871,-1.9052432075600498,0.009000000000000008,0.005044001538263787,0.28622024256712125,-0.9464619942170431,0.029780645161290344,0.011377857694696576,0,0,0,0,0,0,0,0
-0.07905045714853841,-0.03920617109524189,0.69,-1.272973343234584,0.040324424743652346,0.014133641242980957,0.5108026535535566,-1.942156775869052,0.705,-1.267423196213242,0.589853110702095,-1.9029506047738103,0.015000000000000013,0.0055501470213419335,0.2863501549062326,-0.9398461578190234,0.04243478260869568,0.00775077955646431,0,0,0,0,0,0,0,0
-0.07746500426442554,-0.04354451845571202,0.682,-1.2741252605409004,0.06918896484375,0.003639209270477295,0.5108026535535566,-1.942156775869052,0.705,-1.267423196213242,0.5882676578179822,-1.8986122574133402,0.02299999999999991,0.006702064327658297,0.2836638570327743,-0.9206566650054523,0.07123018867924452,0.013222350967184883,0,0,0,0,0,0,0,0
-0.07513982468385369,-0.05219412816796576,0.674,-1.2740903539558606,0.13427235412597657,-0.0045751256942749025,0.5108026535535566,-1.942156775869052,0.705,-1.267423196213242,0.5859424782374103,-1.8899626477010862,0.030999999999999917,0.006667157742618501,0.28266981059718416,-0.9066602681633422,0.06024303797468351,0.006534601090568645,0,0,0,0,0,0,0,0
-0.07135425493458035,-0.06874855467300132,0.666,-1.2746488593164986,0.25406805419921874,-0.01829831314086914,0.5108026535535566,-1.942156775869052,0.705,-1.267423196213242,0.582156908488137,-1.8734082211960508,0.038999999999999924,0.007225663103256563,0.27159390406398504,-0.8514975035868134,0.07237647058823526,0.009689657341365659,0,0,0,0,0,0,0,0
-0.06598563875052477,-0.09114110294859831,0.662,-1.2747361257790986,0.34476776123046876,-0.021001163482666015,0.5108026535535566,-1.942156775869052,0.705,-1.267423196213242,0.5767882923040814,-1.8510156729204539,0.04299999999999993,0.007312929565856496,0.2548402950016932,-0.7855544097377464,0.05939999999999997,0.007780428472641852,0,0,0,0,0,0,0,0
-0.058361036451022495,-0.1224392429862347,0.655,-1.2739332743231808,0.48241458129882814,-0.02757718276977539,0.5108026535535566,-1.942156775869052,0.705,-1.267423196213242,0.5691636900045791,-1.8197175328828175,0.04999999999999993,0.006510078109938755,0.24222294333838823,-0.7359802106767619,0.07888888888888887,0.002686975938901892,0,0,0,0,0,0,0,0
-0.048782737139496345,-0.16117043655306917,0.651,-1.2741950737109802,0.5975836181640625,-0.03255584716796875,0.5108026535535566,-1.942156775869052,0.705,-1.267423196213242,0.5595853906930529,-1.7809863393159828,0.05399999999999994,0.00677187749773811,0.2304926253607298,-0.6911414380639896,0.06378823529411762,0.007926874796852912,0,0,0,0,0,0,0,0
-0.037075702128876516,-0.2077491239217481,0.649,-1.2737587413979814,0.7194971923828125,-0.03626660919189453,0.5108026535535566,-1.942156775869052,0.705,-1.267423196213242,0.5478783556824331,-1.734407651947304,0.05599999999999994,0.006335545184739333,0.21455566691778302,-0.6309351219296288,0.05494492753623184,0.004438448171701171,0,0,0,0,0,0,0,0
-0.02375964715487953,-0.26182659648452844,0.646,-1.2722403049487467,0.8341013793945312,-0.04642434310913086,0.5108026535535566,-1.942156775869052,0.705,-1.267423196213242,0.5345623007084361,-1.6803301793845238,0.05899999999999994,0.0048171087355046716,0.19330306716534576,-0.5397346865657053,0.06386666666666664,-0.0024135410227556203,0,0,0,0,0,0,0,0
-0.00926015954331371,-0.3231734820999032,0.645,-1.2710709343499103,0.9434688110351562,-0.06279803848266602,0.5108026535535566,-1.942156775869052,0.705,-1.267423196213242,0.5200628130968703,-1.6189832937691488,0.05999999999999994,0.0036477381366681882,0.18540169090066985,-0.49373561798190935,0.053147058823529374,-0.00151124979937512,0,0,0,0,0,0,0,0
0.0050134647436599605,-0.3872829080049261,0.644,-1.2679642482813607,0.981985107421875,-0.07937309265136719,0.5108026535535566,-1.942156775869052,0.705,-1.267423196213242,0.5057891888098967,-1.554873867864126,0.06099999999999994,0.0005410520681186082,0.17942741057493689,-0.44746194765621056,0.05394705882352937,-0.013164915881364833,0,0,0,0,0,0,0,0
0.019800840644072715,-0.45490623537020913,0.643,-1.2655556939136083,1.034342041015625,-0.09078679656982422,0.5108026535535566,-1.942156775869052,0.705,-1.267423196213242,0.49100181290948386,-1.487250540498843,0.061999999999999944,-0.0018675022996337276,0.15626674153845785,-0.33555346718305806,0.05563448275862065,-0.014325542132835463,0,0,0,0,0,0,0,0
0.03433648992254779,-0.5254211940189991,0.641,-1.262187208457259,1.0743551025390625,-0.10991416931152344,0.5108026535535566,-1.942156775869052,0.705,-1.267423196213242,0.4764661636310088,-1.416735581850053,0.06399999999999995,-0.005235987755983107,0.17040005184928747,-0.3792979838973405,0.0605333333333333,-0.018709929581380624,0,0,0,0,0,0,0,0
0.04705841173059669,-0.5971620987679467,0.639,-1.2573526464292348,1.08323583984375,-0.14503852844238282,0.5108026535535566,-1.942156775869052,0.705,-1.267423196213242,0.4637442418229599,-1.3449946771011054,0.06599999999999995,-0.010070549784007232,0.1622991110237127,-0.2801642657047452,0.06373749999999997,-0.03273255929037032,0,0,0,0,0,0,0,0
0.06100299298046608,-0.6665656030059599,0.638,-1.2538968945102864,1.0548240966796876,-0.12201687622070312,0.5108026535535566,-1.942156775869052,0.705,-1.267423196213242,0.4497996605730905,-1.2755911728630922,0.06699999999999995,-0.013526301702955656,0.1520550028618543,-0.27523996727774575,0.05882388059701489,-0.028999817757948597,0,0,0,0,0,0,0,0
0.07379103864972278,-0.7354514958524809,0.637,-1.250004810278339,1.041612548828125,-0.13972607421875,0.5108026535535566,-1.942156775869052,0.705,-1.267423196213242,0.4370116149038338,-1.2067052800165712,0.06799999999999995,-0.01741838593490308,0.13562032626228993,-0.1568700011882419,0.060881481481481446,-0.03904107611238877,0,0,0,0,0,0,0,0
0.0877416348703311,-0.8067093876934082,0.637,-1.2468806709172688,1.0803243408203125,-0.13844938659667969,0.5108026535535566,-1.942156775869052,0.705,-1.267423196213242,0.4230610186832255,-1.135447388175644,0.06799999999999995,-0.020542525295973224,0.13277714358011433,-0.16546140143742627,0.05439999999999996,-0.03565932865599005,0,0,0,0,0,0,0,0
0.10305985187993029,-0.8806042945979435,0.638,-1.2429362268077617,1.1239140625,-0.1349659729003906,0.5108026535535566,-1.942156775869052,0.705,-1.267423196213242,0.4077428016736263,-1.0615524812711086,0.06699999999999995,-0.02448696940548034,0.126170300063484,-0.15594700271399808,0.048527536231884015,-0.04163672640333737,0,0,0,0,0,0,0,0
0.11475424642859244,-0.93342907536777,0.639,-1.2392361287935338,0.8066519775390625,-0.089085693359375,0.5108026535535566,-1.942156775869052,0.705,-1.267423196213242,0.39604840712496414,-1.0087277005012822,0.06599999999999995,-0.028187067419708223,0.13870481092434064,-0.23641206373702933,0.04772753623188401,-0.04427445009026423,0,0,0,0,0,0,0,0
0.12188757033354466,-0.9651397980265617,0.641,-1.235867643337185,0.484584716796875,-0.0536642951965332,0.5108026535535566,-1.942156775869052,0.705,-1.267423196213242,0.3889150832200119,-0.9770169778424904,0.06399999999999995,-0.03155555287605716,0.1541887776304368,-0.3094963448796785,0.03990967741935479,-0.047854676051939105,0,0,0,0,0,0,0,0
0.1281766374293877,-0.9893410661988198,0.645,-1.232673690806035,0.3738558349609375,-0.030230903625488283,0.5108026535535566,-1.942156775869052,0.705,-1.267423196213242,0.3826260161241689,-0.9528157096702323,0.05999999999999994,-0.034749505407207115,0.15941194308317078,-0.3536477988888795,0.027710144927536175,-0.04863625554264171,0,0,0,0,0,0,0,0
0.13555579327563816,-1.0150963187515885,0.646,-1.228659433526448,0.40117132568359376,-0.023731557846069336,0.5108026535535566,-1.942156775869052,0.705,-1.267423196213242,0.3752468602779184,-0.9270604571174637,0.05899999999999994,-0.038763762686794045,0.1501929294695727,-0.33288764314613717,0.04212753623188401,-0.05621705520673721,0,0,0,0,0,0,0,0
0.1425871495505322,-1.0374007831310166,0.65,-1.226931557566974,0.3505608215332031,-0.01289024543762207,0.5108026535535566,-1.942156775869052,0.705,-1.267423196213242,0.3682155040030244,-0.9047559927380355,0.05499999999999994,-0.04049163864626815,0.14441461174001358,-0.3264656974528912,0.021419354838709617,-0.048852328772755735,0,0,0,0,0,0,0,0
0.14793077975046912,-1.0595275062864074,0.654,-1.2259367198933369,0.3394932861328125,-0.03643099594116211,0.5108026535535566,-1.942156775869052,0.705,-1.267423196213242,0.3628718738030875,-0.8826292695826448,0.050999999999999934,-0.04148647631990521,0.15433056632215375,-0.32907763327847067,0.020510144927536163,-0.04581185750963156,0,0,0,0,0,0,0,0
0.15513663408775308,-1.0855206630722807,0.655,-1.22504660197482,0.40348199462890627,-0.0300865535736084,0.5108026535535566,-1.942156775869052,0.705,-1.267423196213242,0.3556660194658035,-0.8566361127967714,0.04999999999999993,-0.042376594238421994,0.1412815746887076,-0.29646871038308625,0.03492753623188401,-0.046246672145016716,0,0,0,0,0,0,0,0
0.16281270699957534,-1.1107895113593849,0.657,-1.2244880966141818,0.3956237487792969,-0.020127765655517577,0.5108026535535566,-1.942156775869052,0.705,-1.267423196213242,0.34798994655398124,-0.8313672645096672,0.04799999999999993,-0.04293509959906028,0.13135012376686694,-0.27530114177092146,0.027288888888888828,-0.04559464893543306,0,0,0,0,0,0,0,0
0.16802851007108222,-1.128104394814293,0.659,-1.2243135636889821,0.27085986328125,-0.014564936637878417,0.5108026535535566,-1.942156775869052,0.705,-1.267423196213242,0.34277414348247437,-0.8140523810547591,0.04599999999999993,-0.04310963252425992,0.14286314869393396,-0.3123354216333505,0.025862499999999934,-0.043927755611133254,0,0,0,0,0,0,0,0
0.17359081962232387,-1.1443666563470027,0.657,-1.2221668087090294,0.2577713623046875,-0.0043615660667419434,0.5108026535535566,-1.942156775869052,0.705,-1.267423196213242,0.3372118339312327,-0.7977901195220494,0.04799999999999993,-0.04525638750421268,0.13504025588053745,-0.3007607229257075,0.05046896551724134,-0.056360292572933846,0,0,0,0,0,0,0,0
0.17970681472257846,-1.161237785318225,0.659,-1.219147389103079,0.2691821594238281,-0.0002292044162750244,0.5108026535535566,-1.942156775869052,0.705,-1.267423196213242,0.33109583883097815,-0.7809189905508271,0.04599999999999993,-0.048275807110162994,0.13810435165793652,-0.31475571143018566,0.02782564102564096,-0.05988895944074112,0,0,0,0,0,0,0,0
0.18788015611252432,-1.1803653163496073,0.66,-1.2150982252384521,0.31158477783203126,0.01627161979675293,0.5108026535535566,-1.942156775869052,0.705,-1.267423196213242,0.3229224974410323,-0.7617914595194448,0.04499999999999993,-0.05232497097478994,0.1074863527491756,-0.25458184559021657,0.029396226415094276,-0.07524476643494248,0,0,0,0,0,0,0,0
0.19529638936457935,-1.1929057224338133,0.666,-1.2110141547887854,0.21507130432128907,0.03877307891845703,0.5108026535535566,-1.942156775869052,0.705,-1.267423196213242,0.3155062641889772,-0.7492510534352388,0.038999999999999924,-0.056409041424456685,0.12013455762754248,-0.31101477121802357,0.0007652173913042654,-0.074165869466486,0,0,0,0,0,0,0,0
0.20085487405200098,-1.2003017738238262,0.664,-1.2087626800537128,0.13319229125976562,0.03897996139526367,0.5108026535535566,-1.942156775869052,0.705,-1.267423196213242,0.3099477795015556,-0.7418550020452259,0.040999999999999925,-0.058660516159529275,0.12359534716049461,-0.3291755980144758,0.04409032258064511,-0.06955474874859019,0,0,0,0,0,0,0,0
0.20531004505680273,-1.2046797256870132,0.661,-1.207139523849358,0.08508126831054688,0.03923716735839844,0.5108026535535566,-1.942156775869052,0.705,-1.267423196213242,0.30549260849675386,-0.7374770501820389,0.04399999999999993,-0.06028367236388399,0.13014761074575937,-0.3465315228864477,0.05041739130434778,-0.06734087325238275,0,0,0,0,0,0,0,0
0.2122715810070062,-1.211971576085085,0.659,-1.2075584028698367,0.13936738586425781,0.05868898010253906,0.5108026535535566,-1.942156775869052,0.705,-1.267423196213242,0.2985310725465504,-0.730185199783967,0.04599999999999993,-0.05986479334340533,0.11395339739543171,-0.328104952945242,0.046944927536231834,-0.05804358021088943,0,0,0,0,0,0,0,0
0.22151311903448082,-1.2232669692671962,0.661,-1.2085881471285134,0.20762890625,0.06937882995605468,0.5108026535535566,-1.942156775869052,0.705,-1.267423196213242,0.2892895345190758,-0.7188898066018559,0.04399999999999993,-0.0588350490847287,0.09330288932912331,-0.296692718955866,0.024088888888888826,-0.05393150499579234,0,0,0,0,0,0,0,0
0.23179287806590204,-1.2390400688786447,0.659,-1.2091990123667113,0.2758832702636719,0.060356006622314454,0.5108026535535566,-1.942156775869052,0.705,-1.267423196213242,0.27900977548765454,-0.7031167069904074,0.04599999999999993,-0.05822418384653072,0.08659436331739435,-0.27037328196568955,0.04709411764705877,-0.055529190148598466,0,0,0,0,0,0,0,0
0.24392250171111768,-1.2628705939243798,0.662,-1.2081518148155146,0.3987083435058594,0.04372113800048828,0.5108026535535566,-1.942156775869052,0.705,-1.267423196213242,0.2668801518424389,-0.6792861819446723,0.04299999999999993,-0.059271381397727474,0.06911631416628805,-0.21326909451768017,0.018490909090909023,-0.06403137026680362,0,0,0,0,0,0,0,0
0.25888325882383545,-1.3014738015354876,0.663,-1.2074711364072368,0.6209974365234375,0.004399927616119384,0.5108026535535566,-1.942156775869052,0.705,-1.267423196213242,0.25191939472972114,-0.6406829743335645,0.041999999999999926,-0.059952059806005265,0.04540177445022642,-0.11247806156850948,0.028215384615384552,-0.06309365245959507,0,0,0,0,0,0,0,0
0.27555644733152934,-1.3462859127991487,0.665,-1.2062843125158806,0.7171826782226562,-0.0051113123893737795,0.5108026535535566,-1.942156775869052,0.705,-1.267423196213242,0.23524620622202724,-0.5958708630699034,0.039999999999999925,-0.061138883697361424,0.009556140561145801,-0.007486562233445071,0.019037037037036963,-0.0677323497604512,0,0,0,0,0,0,0,0
0.29302328391645716,-1.3910675236652157,0.67,-1.2052720215497243,0.7209926147460938,0.005323174953460693,0.5108026535535566,-1.942156775869052,0.705,-1.267423196213242,0.21777936963709943,-0.5510892522038364,0.03499999999999992,-0.062151174663517716,0.030512853988745425,-0.07460150042084823,0.005564102564102481,-0.06604460145642653,0,0,0,0,0,0,0,0
0.3125670529847959,-1.4368342168883297,0.672,-1.204678609604046,0.745933349609375,0.028407560348510743,0.5108026535535566,-1.942156775869052,0.705,-1.267423196213242,0.19823560056876066,-0.5053225589807224,0.03299999999999992,-0.06274458660919602,-0.029944825638611533,0.049571600284919914,0.013192452830188606,-0.06610352215077131,0,0,0,0,0,0,0,0
0.3328530986916436,-1.4835331158207699,0.674,-1.203177626447331,0.7629923706054688,0.03335528564453125,0.5108026535535566,-1.942156775869052,0.705,-1.267423196213242,0.177949554861913,-0.45862366004828226,0.030999999999999917,-0.064245569765911,-0.0032345212365328946,-0.017044107603958553,0.015709090909090836,-0.07009355609077458,1489608630377,0,0,0,0,0,0,0
0.3537360239178593,-1.5322153150269948,0.678,-1.2024096815764533,0.7940211181640625,0.029873201370239258,0.5108026535535566,-1.942156775869052,0.705,-1.267423196213242,0.15706662963569729,-0.4099414608420573,0.026999999999999913,-0.06501351463678873,-0.05198496784599954,0.09929301461787732,-0.0034000000000000904,-0.06912750501649081,1489608630377,0,0,0,0,0,0,0
0.3741554846668405,-1.5800563903043479,0.682,-1.2026540276717326,0.7797699584960938,0.027321338653564453,0.5108026535535566,-1.942156775869052,0.705,-1.267423196213242,0.13664716888671607,-0.36210038556470425,0.02299999999999991,-0.06476916854150949,-0.038345240364752745,0.06886587209934283,-0.002495522388059789,-0.06367508154772188,1489608630377,0,0,0,0,0,0,0
0.3934950511727033,-1.6263807140972377,0.687,-1.202549307916613,0.7527068481445313,0.020586584091186525,0.5108026535535566,-1.942156775869052,0.705,-1.267423196213242,0.1173076023808533,-0.3157760617718144,0.017999999999999905,-0.0648738882966291,-0.0328171214724378,0.06121350056695027,-0.009248648648648742,-0.0652984278444113,1489608630377,0,0,0,0,0,0,0
0.41079401787059294,-1.6699542735739805,0.695,-1.2041550108284478,0.703195068359375,0.006804120063781738,0.5108026535535566,-1.942156775869052,0.705,-1.267423196213242,0.10000863568296364,-0.2722025022950716,0.010000000000000009,-0.06326818538479428,-0.04036341864003132,0.09152182074589671,-0.03379104477611885,-0.056078470854190626,1489608630377,0,0,0,0,0,0,0
0.4252141414745425,-1.7096492375031587,0.704,-1.204940408991845,0.633390869140625,-0.011523248672485352,0.41079401787059294,-1.6699542735739805,0.695,-1.2041550108284478,-0.014420123603949564,0.03969496392917815,-0.009000000000000008,0.0007853981633971774,-0.007210061801974782,0.019847481964589075,-0.007200000000000007,0.0007853981633971774,1489608630377,0,0,0,0,0,0,0
0.43674165495323164,-1.7442733831940485,0.714,-1.2063017658084008,0.5468489990234375,-0.024332168579101563,0.41079401787059294,-1.6699542735739805,0.695,-1.2041550108284478,-0.025947637082638697,0.07431910962006794,-0.019000000000000017,0.0021467549799529806,-0.07144671299843813,0.2127892793290401,-0.06592463768115947,0.008065697660630384,1489608630769,0,0,0,0,0,0,0
0.4446032111053705,-1.7725070461839671,0.727,-1.2076805759174762,0.4377193603515625,-0.04079356002807617,0.41079401787059294,-1.6699542735739805,0.695,-1.2041550108284478,-0.033809193234777546,0.10255277260998663,-0.03200000000000003,0.0035255650890284596,-0.061284349089140336,0.2106599676996956,-0.09898709677419364,0.010197226907135617,1489608630831,0,0,0,0,0,0,0
0.4481924399622481,-1.7936279099976455,0.744,-1.2094782650470306,0.3152778625488281,-0.0622004508972168,-0.26577386886625554,0.09708232163212793,0.727,-1.2076805759174762,-0.7139663088285036,1.8907102316297735,-0.017000000000000015,0.0017976891295543584,-0.3569831544142518,0.9453551158148867,-0.013600000000000013,0.0017976891295543584,0,0,0,0,0,0,0,0
0.4474238441911824,-1.806968921938182,0.757,-1.2094608117545105,0.18311851501464843,-0.08152674865722656,-0.26577386886625554,0.09708232163212793,0.727,-1.2076805759174762,-0.713197713057438,1.9040512435703099,-0.030000000000000027,0.0017802358370342386,-0.3515232240782851,1.04012664403398,-0.10984905660377368,0.0016814436152222394,0,0,0,0,0,0,0,0
0.4421973436041561,-1.812298662627119,0.779,-1.2092513722442713,0.04706824493408203,-0.10159788513183594,-0.26577386886625554,0.09708232163212793,0.727,-1.2076805759174762,-0.7079712124704116,1.9093809842592468,-0.052000000000000046,0.001570796326795021,-0.33083022388762073,0.9783032673337746,-0.13906835443037988,0.0007754564144941942,0,0,0,0,0,0,0,0
0.4325617509779666,-1.8092563876456154,0.8,-1.2114853936868237,-0.09380843353271484,-0.1190482940673828,-0.26577386886625554,0.09708232163212793,0.727,-1.2076805759174762,-0.6983356198442221,1.9063387092777433,-0.07300000000000006,0.0038048177693474905,-0.285536537862369,0.9330788594779991,-0.19707924528301904,0.016450222161153924,0,0,0,0,0,0,0,0
0.41886127214188384,-1.7978649950954515,0.813,-1.2122882451427415,-0.23222129821777343,-0.13230015563964845,-0.26577386886625554,0.09708232163212793,0.727,-1.2076805759174762,-0.6846351410081394,1.8949473167275794,-0.08599999999999997,0.004607669225265232,-0.2800426667036937,0.8956946013175904,-0.1278909090909086,0.007735661910659029,0,0,0,0,0,0,0,0
0.40135633356876876,-1.7774886040180329,0.832,-1.2130561900136188,-0.37834466552734375,-0.13863569641113282,-0.26577386886625554,0.09708232163212793,0.727,-1.2076805759174762,-0.6671302024350243,1.8745709256501608,-0.10499999999999998,0.005375614096142511,-0.23631544247798392,0.8240832901727547,-0.18955555555555564,0.009032494433653367,0,0,0,0,0,0,0,0
0.38046620290129285,-1.7478703671322022,0.851,-1.2126896708706998,-0.52586962890625,-0.13794772338867187,-0.26577386886625554,0.09708232163212793,0.727,-1.2076805759174762,-0.6462400717675484,1.8449526887643302,-0.124,0.005009094953223547,-0.2088771337960153,0.7605016114127787,-0.2031062500000001,0.0032910364707909034,0,0,0,0,0,0,0,0
0.3563245901361541,-1.7097233207923492,0.859,-1.2124278714829007,-0.662831298828125,-0.1385927734375,-0.26577386886625554,0.09708232163212793,0.727,-1.2076805759174762,-0.6220984590024097,1.8068056424244772,-0.132,0.004747295565424414,-0.18859177344615344,0.7099033107926944,-0.1461797101449276,0.003609037357602096,0,0,0,0,0,0,0,0
0.329166153407628,-1.6632512278009626,0.874,-1.2113806739317041,-0.7956820678710937,-0.13699697875976563,-0.26577386886625554,0.09708232163212793,0.727,-1.2076805759174762,-0.5949400222738835,1.7603335494330905,-0.14700000000000002,0.0037000980142278816,-0.13636064071348164,0.6044848671405227,-0.20658305084745773,-0.0016246352969409286,0,0,0,0,0,0,0,0
0.3117261668942638,-1.6320363166498402,0.877,-1.2097400644348295,-0.530317138671875,-0.08019718933105469,-0.26577386886625554,0.09708232163212793,0.727,-1.2076805759174762,-0.5775000357605193,1.729118638281968,-0.15000000000000002,0.0020594885173532695,-0.19898538141441452,0.7038943352749129,-0.13544117647058826,-0.005178494557093547,0,0,0,0,0,0,0,0
0.33308180730002085,-1.6676049976202396,0.886,-1.208989572856472,0.6122926635742187,0.11120451354980469,-0.26577386886625554,0.09708232163212793,0.727,-1.2076805759174762,-0.5988556761662764,1.7646873192523675,-0.15900000000000003,0.0013089969389956657,-0.40775355028625393,1.06276450512821,-0.17285217391304356,-0.001954009923428698,0,0,0,0,0,0,0,0
0.36048435781855326,-1.711143080374825,0.883,-1.2070697106792783,0.7562836303710937,0.1532630615234375,-0.26577386886625554,0.09708232163212793,0.727,-1.2076805759174762,-0.6262582266848088,1.808225402006953,-0.15600000000000003,-0.0006108652381979773,-0.46782093078573217,1.1498922004245236,-0.10786451612903226,-0.009900520934296251,0,0,0,0,0,0,0,0
0.38824572155689074,-1.7510228553915035,0.878,-1.2030030935221316,0.7072066650390625,0.1763630676269531,-0.26577386886625554,0.09708232163212793,0.727,-1.2076805759174762,-0.6540195904231463,1.8481051770236314,-0.15100000000000002,-0.004677482395344601,-0.46782830692777777,1.1263413023645321,-0.09543768115942029,-0.02235842655685166,0,0,0,0,0,0,0,0
0.4139426101960407,-1.7857060734061518,0.878,-1.203771038393009,0.6240481567382813,0.17261642456054688,-0.26577386886625554,0.09708232163212793,0.727,-1.2076805759174762,-0.6797164790622963,1.8827883950382798,-0.15100000000000002,-0.003909537524467321,-0.4721216369385377,1.11991076082983,-0.12080000000000002,-0.0005215454470675592,0,0,0,0,0,0,0,0
0.43604438517582944,-1.8127391942609952,0.872,-1.2048007826516856,0.4974554443359375,0.1639379425048828,-0.26577386886625554,0.09708232163212793,0.727,-1.2076805759174762,-0.701818254042085,1.909821515893123,-0.14500000000000002,-0.0028797932657906866,-0.47369676579764647,1.105094762695691,-0.08266666666666667,0.00202375082314567,0,0,0,0,0,0,0,0
0.4548989188506293,-1.8333489743365,0.858,-1.2064239388560403,0.3898859252929687,0.15344924926757814,-0.26577386886625554,0.09708232163212793,0.727,-1.2076805759174762,-0.7206727877168848,1.9304312959686278,-0.131,-0.0012566370614359723,-0.4848474652957998,1.1013179692376471,-0.012347169811320682,0.00793103956698694,0,0,0,0,0,0,0,0
0.4713311325215423,-1.8475594060113831,0.846,-1.2078027489651157,0.28699972534179685,0.1543399200439453,-0.26577386886625554,0.09708232163212793,0.727,-1.2076805759174762,-0.7371050013877978,1.944641727643511,-0.119,0.00012217304763950665,-0.4395558930990784,1.0337239636514979,-0.043348148148148115,0.005228877155326466,0,0,0,0,0,0,0,0
0.4835734367204481,-1.8528447723119752,0.831,-1.2077852956725958,0.13931834411621094,0.14351811218261717,-0.26577386886625554,0.09708232163212793,0.727,-1.2076805759174762,-0.7493473055867037,1.9499270939441031,-0.10399999999999998,0.00010471975511960885,-0.46036978218569335,1.0119611110761961,0.021800000000000097,2.220446049250313e-16,0,0,0,0,0,0,0,0
0.49332540245970224,-1.852394973366441,0.811,-1.2074711364072368,0.04563518142700195,0.13914251708984374,-0.26577386886625554,0.09708232163212793,0.727,-1.2076805759174762,-0.7590992713259578,1.949477294998569,-0.08400000000000007,-0.00020943951023943974,-0.42901612854325316,0.9724570586451261,0.03424927536231828,-0.0015753493596266076,0,0,0,0,0,0,0,0
0.5005285142864967,-1.8474739004956733,0.792,-1.2086056004210335,-0.03059930419921875,0.12722650146484374,-0.26577386886625554,0.09708232163212793,0.727,-1.2076805759174762,-0.7663023831527522,1.9445562221278012,-0.06500000000000006,0.000925024503557248,-0.4238139196308609,0.9444978609869855,0.05525806451612908,0.006414366505799286,0,0,0,0,0,0,0,0
0.5059009745618088,-1.8380051298504636,0.769,-1.20963534467971,-0.10426310729980469,0.12568379974365235,-0.26577386886625554,0.09708232163212793,0.727,-1.2076805759174762,-0.7716748434280644,1.9350874514825915,-0.04200000000000004,0.0019547687622336607,-0.41308903180619516,0.9195137297148699,0.08306666666666672,0.006431917713000672,0,0,0,0,0,0,0,0
0.5094441496758065,-1.820940305110882,0.748,-1.2102811165029477,-0.22067860412597656,0.14016946411132813,-0.26577386886625554,0.09708232163212793,0.727,-1.2076805759174762,-0.7752180185420621,1.9180226267430098,-0.02100000000000002,0.0026005405854714336,-0.4055816366608745,0.8724506081707282,0.08972173913043485,0.005408244164766098,0,0,0,0,0,0,0,0
0.5083109952443156,-1.7985824281544225,0.727,-1.2094433584619906,-0.3198049926757813,0.10239860534667969,-0.26577386886625554,0.09708232163212793,0.727,-1.2076805759174762,-0.7740848641105711,1.8956647497865504,0,0.0017627825445143408,-0.38064559252267516,0.8216185533648753,0.11854838709677429,-0.0022908853956006246,0,0,0,0,0,0,0,0
0.5064891402334639,-1.7711853079049558,0.704,-1.2095131716320704,-0.39407843017578126,0.11972675323486329,-0.26577386886625554,0.09708232163212793,0.727,-1.2076805759174762,-0.7722630090997195,1.8682676295370837,0.02300000000000002,0.001832595714594154,-0.37702222949560155,0.7971482135212082,0.1334000000000001,0.002131795014936211,0,0,0,0,0,0,0,0
0.501991050303507,-1.7379297404796807,0.683,-1.2090419327340318,-0.49048025512695315,0.11320942687988281,-0.26577386886625554,0.09708232163212793,0.727,-1.2076805759174762,-0.7677649191697625,1.8350120621118087,0.04399999999999993,0.0013613568165555812,-0.3607305261218677,0.7463376693081653,0.1432882352941171,-0.0007176383218498871,0,0,0,0,0,0,0,0
0.494623590757268,-1.6992998144172762,0.666,-1.2087975866387526,-0.5810573120117187,0.10171674346923829,-0.26577386886625554,0.09708232163212793,0.727,-1.2076805759174762,-0.7603974596235235,1.796382136049404,0.06099999999999994,0.0011170107212763458,-0.33860823237331533,0.6801189047691925,0.14476774193548392,-0.00006530909459092206,0,0,0,0,0,0,0,0
0.48399220295963485,-1.6549022000307438,0.651,-1.2085008806659137,-0.679279296875,0.08671167755126953,-0.26577386886625554,0.09708232163212793,0.727,-1.2076805759174762,-0.7497660718258904,1.7519845216628718,0.07599999999999996,0.0008203047484374171,-0.32095570650466154,0.6507869704649676,0.13688695652173916,-0.00046972122042749026,0,0,0,0,0,0,0,0
0.4711894553494796,-1.605545709488002,0.637,-1.2074187765296773,-0.760351806640625,0.08282009887695313,-0.26577386886625554,0.09708232163212793,0.727,-1.2076805759174762,-0.7369633242157352,1.7026280311201298,0.08999999999999997,-0.0002617993877989111,-0.30354018872302235,0.6009550055606493,0.1430144927536232,-0.004966599980130772,0,0,0,0,0,0,0,0
0.4557360562041361,-1.5515646519604598,0.624,-1.2060050598355618,-0.8392325439453125,0.07113517761230469,-0.26577386886625554,0.09708232163212793,0.727,-1.2076805759174762,-0.7215099250703916,1.6486469735925877,0.10299999999999998,-0.0016755160819144077,-0.27351803187599805,0.5195917104311367,0.1557870967741936,-0.008516080730860359,0,0,0,0,0,0,0,0
0.4382129440494823,-1.4936616073707756,0.615,-1.2057781670328023,-0.90516552734375,0.06430649566650391,-0.26577386886625554,0.09708232163212793,0.727,-1.2076805759174762,-0.7039868129157378,1.5907439290029035,0.11199999999999999,-0.0019024088846739673,-0.23841767952955764,0.4200744532720171,0.1479333333333334,-0.00316292445556041,0,0,0,0,0,0,0,0
0.4184532802859082,-1.4324636828693387,0.609,-1.2051673017946045,-0.9632935791015625,0.050816261291503906,-0.26577386886625554,0.09708232163212793,0.727,-1.2076805759174762,-0.6842271491521638,1.5295460045014666,0.118,-0.0025132741228717226,-0.24040942285180356,0.44978368496392573,0.12528235294117648,-0.005208267820802996,0,0,0,0,0,0,0,0
0.3959392405350767,-1.3666564334449927,0.606,-1.2041026509508879,-1.0426038818359376,0.037540107727050784,-0.26577386886625554,0.09708232163212793,0.727,-1.2076805759174762,-0.6617131094013322,1.4637387550771206,0.121,-0.003577924966588375,-0.20577855608493528,0.3662735474033047,0.11346666666666667,-0.008647690889048624,0,0,0,0,0,0,0,0
0.3700329048721691,-1.2969641983557236,0.602,-1.203125266569771,-1.11520751953125,0.012041872978210449,-0.26577386886625554,0.09708232163212793,0.727,-1.2076805759174762,-0.6358067737384246,1.3940465199878516,0.125,-0.004555309347705316,-0.18649443785446385,0.3435119225845902,0.12028985507246379,-0.008804806656909409,0,0,0,0,0,0,0,0
0.3417128918935762,-1.2224679578181017,0.598,-1.2032648929099306,-1.1954530029296875,0.0052478938102722165,-0.26577386886625554,0.09708232163212793,0.727,-1.2076805759174762,-0.6074867607598318,1.3195502794502296,0.129,-0.00441568300754569,-0.1600911406334303,0.28189565873717753,0.1234898550724638,-0.003808611963373401,0,0,0,0,0,0,0,0
0.31190642006414204,-1.1466216222582615,0.597,-1.2033172527874902,-1.2223642578125,-0.008450260162353515,-0.26577386886625554,0.09708232163212793,0.727,-1.2076805759174762,-0.5776802889303976,1.2437039438903894,0.13,-0.0043633231299859965,-0.12057780349258643,0.1936871744299677,0.10964516129032259,-0.0041099688837294155,0,0,0,0,0,0,0,0
0.2811341496822949,-1.0707814505623392,0.596,-1.2036663186378893,-1.227482177734375,-0.0220672492980957,-0.26577386886625554,0.09708232163212793,0.727,-1.2076805759174762,-0.5469080185485504,1.1678637721944671,0.131,-0.00401425727958693,-0.11736278269968822,0.1992353630019757,0.10987246376811595,-0.0024965796691562075,0,0,0,0,0,0,0,0
0.24915088409596947,-0.9925676129097746,0.596,-1.202863467181972,-1.267226806640625,-0.0266701717376709,-0.26577386886625554,0.09708232163212793,0.727,-1.2076805759174762,-0.514924752962225,1.0896499345419026,0.131,-0.0048171087355042275,-0.09522842060844708,0.1480881096130155,0.1048,-0.008307767239492475,0,0,0,0,0,0,0,0
0.21886737331483966,-0.9197445936588998,0.598,-1.2029158270595317,-1.182626708984375,-0.03094798469543457,-0.26577386886625554,0.09708232163212793,0.727,-1.2076805759174762,-0.48464124218109517,1.0168269152910279,0.129,-0.004764748857944534,-0.07136531829384721,0.0973157683260597,0.09190967741935485,-0.004511394611687953,0,0,0,0,0,0,0,0
0.18580166564379094,-0.8499492279382977,0.601,-1.2026016677941729,-1.1552576904296874,-0.08628349304199219,-0.26577386886625554,0.09708232163212793,0.727,-1.2076805759174762,-0.4515755345100465,0.9470315495704257,0.126,-0.005078908123303361,-0.053056458525664596,0.10891311803579845,0.08512835820895522,-0.00648559140102945,0,0,0,0,0,0,0,0
0.14767803065697072,-0.77651028880446,0.597,-1.201903536093375,-1.2335830078125,-0.13703306579589844,-0.26577386886625554,0.09708232163212793,0.727,-1.2076805759174762,-0.41345189952322625,0.873592610436588,0.13,-0.005777039824101271,-0.016107774827511884,0.06960160954910549,0.12400000000000003,-0.008769032827520886,0,0,0,0,0,0,0,0
0.11236512913852813,-0.701579536524917,0.599,-1.202217695358734,-1.23934765625,-0.08877828216552734,-0.26577386886625554,0.09708232163212793,0.727,-1.2076805759174762,-0.3781389980047837,0.7986618581570449,0.128,-0.0054628805587422224,0.06842040790291859,-0.1470391396264788,0.08781666666666665,-0.0034993851502481688,0,0,0,0,0,0,0,0
0.07838364415087244,-0.6379823805367951,0.596,-1.2022351486512537,-1.0735377197265625,-0.13178834533691405,-0.26577386886625554,0.09708232163212793,0.727,-1.2076805759174762,-0.344157513017128,0.7350647021689231,0.131,-0.005445427266222547,-0.030489235726665342,0.10254420113395374,0.11730000000000002,-0.005383094078652276,0,0,0,0,0,0,0,0
0.048307511808582795,-0.584872600696774,0.595,-1.202130428896134,-0.9056837768554687,-0.1338355255126953,-0.26577386886625554,0.09708232163212793,0.727,-1.2076805759174762,-0.3140813806748383,0.681954922328902,0.132,-0.0055501470213421555,0.00743815840947748,0.05053335266433573,0.11106875000000002,-0.006041020873465322,0,0,0,0,0,0,0,0
0.019041421298134062,-0.5317291554927799,0.599,-1.2016242834130557,-0.9017901000976563,-0.1222244873046875,-0.26577386886625554,0.09708232163212793,0.727,-1.2076805759174762,-0.2848152901643896,0.6288114771249078,0.128,-0.006056292504420524,0.05457565643044071,-0.04329052723366067,0.07547692307692305,-0.00897636259910342,0,0,0,0,0,0,0,0
-0.008761562954714577,-0.47842050748362386,0.6,-1.2019384426784148,-0.89624365234375,-0.10040587615966796,-0.26577386886625554,0.09708232163212793,0.727,-1.2076805759174762,-0.25701230591154095,0.5755028291157518,0.127,-0.0057421332390614754,0.014597442463303495,0.01336866745192583,0.09645294117647059,-0.004356136480124497,0,0,0,0,0,0,0,0
-0.04513867175302024,-0.3943790476017546,0.608,-1.2030205468146513,-1.37256884765625,-0.05443793487548828,-0.26577386886625554,0.09708232163212793,0.727,-1.2076805759174762,-0.2206351971132353,0.4914613692338825,0.119,-0.004660029102824925,0.09177745032285824,-0.22116631472677695,0.050755555555555526,0.0004928477363967424,0,0,0,0,0,0,0,0
-0.08251244543988445,-0.30380700201717714,0.61,-1.2020955223110945,-1.46929248046875,-0.03465324020385742,-0.26577386886625554,0.09708232163212793,0.727,-1.2076805759174762,-0.18326142342637108,0.4008893236493051,0.11699999999999999,-0.005585053606381729,0.0979464011911981,-0.2589787578072619,0.08345507246376811,-0.009606899274020007,0,0,0,0,0,0,0,0
-0.1188230634880173,-0.2145879432852522,0.614,-1.2024096815764533,-1.4446455078125,-0.025732803344726562,-0.26577386886625554,0.09708232163212793,0.727,-1.2076805759174762,-0.14695080537823824,0.31167026491738015,0.11299999999999999,-0.0052708943410229026,0.11341748432332935,-0.3033806110144529,0.06981176470588232,-0.003884897582086903,0,0,0,0,0,0,0,0
-0.15341202104861304,-0.12899134410668284,0.623,-1.2032648929099306,-1.3846461181640626,-0.02166164970397949,-0.26577386886625554,0.09708232163212793,0.727,-1.2076805759174762,-0.1123618478176425,0.22607366573881077,0.10399999999999998,-0.00441568300754569,0.13907932038486437,-0.37016977539671203,0.03239354838709673,-0.00027756365201078975,0,0,0,0,0,0,0,0
-0.18385456811107292,-0.052138991029332886,0.627,-1.203997931195768,-1.239875,-0.011932080268859863,-0.26577386886625554,0.09708232163212793,0.727,-1.2076805759174762,-0.08191930075518261,0.14922131266146083,0.09999999999999998,-0.003682644721708206,0.11345906660590085,-0.3152201201485808,0.05971014492753621,-0.0004955217398061023,1489608634100,0,0,0,0,0,0,0
-0.2092393445780551,0.01262010108811054,0.63,-1.2041724641209677,-1.04332568359375,-0.007075859546661377,-0.26577386886625554,0.09708232163212793,0.727,-1.2076805759174762,-0.05653452428820044,0.08446222054401739,0.09699999999999998,-0.0035081117965085618,0.10049609674638904,-0.28625703814980574,0.06238260869565215,-0.0027492729912927177,1489608634100,0,0,0,0,0,0,0
-0.2332667254636276,0.0741146165697142,0.64,-1.2014148439028167,-0.9903114013671875,-0.005803730964660645,-0.26577386886625554,0.09708232163212793,0.727,-1.2076805759174762,-0.03250714340262795,0.022967705062413732,0.08699999999999997,-0.00626573201465952,0.11723187766297763,-0.33015234458881343,0.014044444444444387,-0.019397256862997415,1489608634100,0,0,0,0,0,0,0
-0.25453340950696474,0.12817131660246084,0.648,-1.2033696126650502,-0.8713307495117187,-0.004735546112060547,-0.26577386886625554,0.09708232163212793,0.727,-1.2076805759174762,-0.0112404593592908,-0.031088994970332906,0.07899999999999996,-0.004310963252426081,0.10225425459815171,-0.28974514982518557,0.022620289855072397,0.004188031365980173,1489608634100,0,0,0,0,0,0,0
-0.2713456706899458,0.17144438791650818,0.655,-1.2041026509508879,-0.6963602905273437,-0.00218674635887146,-0.26577386886625554,0.09708232163212793,0.727,-1.2076805759174762,0.00557180182369027,-0.07436206628438025,0.07199999999999995,-0.003577924966588375,0.09331346112789704,-0.27018987867936806,0.019907692307692244,-0.0001946713396451167,1489608634366,0,0,0,0,0,0,0
-0.28751214170622547,0.2121614179044387,0.651,-1.2103334763805078,-0.6570938110351563,-0.007400650978088379,-0.26577386886625554,0.09708232163212793,0.727,-1.2076805759174762,0.02173827283996993,-0.11507909627231078,0.07599999999999996,0.002652900463031571,0.10068286428820529,-0.28374527029132496,0.0830222222222222,0.032323497746936075,1489608634429,0,0,0,0,0,0,0
-0.3015963411107537,0.24852111341629157,0.626,-1.210508009305707,-0.58485888671875,-0.0053209028244018556,-0.26577386886625554,0.09708232163212793,0.727,-1.2076805759174762,0.03582247224449814,-0.15143879178416364,0.10099999999999998,0.002827433388230771,0.10593748240055037,-0.3029674928411622,0.23705000000000012,0.0037624312017979144,0,0,0,0,0,0,0,0
-0.31095204786366637,0.2748266983478688,0.614,-1.218274724477082,-0.4187240905761719,0.007782778739929199,-0.26577386886625554,0.09708232163212793,0.727,-1.2076805759174762,0.045178178997410834,-0.1777443767157409,0.11299999999999999,0.01059414855960572,0.07004557302797271,-0.22230631482239271,0.15126956521739135,0.044362475391670715,0,0,0,0,0,0,0,0
-0.3158234935058841,0.2902414918012192,0.588,-1.2242786571039423,-0.2422320556640625,0.01125478458404541,-0.26577386886625554,0.09708232163212793,0.727,-1.2076805759174762,0.05004962463962859,-0.1931591701690913,0.139,0.016598081186466107,0.05252490868717258,-0.18359858038571722,0.25797419354838724,0.045649368090629264,0,0,0,0,0,0,0,0
-0.31762392715226884,0.2974038694369434,0.557,-1.2300207903430036,-0.11022187805175782,0.011086519241333009,-0.26577386886625554,0.09708232163212793,0.727,-1.2076805759174762,0.0518500582860133,-0.20032154780481548,0.16999999999999993,0.02234021442552736,0.03505766358118998,-0.13649167495318262,0.2932463768115937,0.04730601111709802,0,0,0,0,0,0,0,0
-0.317538087408354,0.2991628837283314,0.517,-1.2330053033639141,-0.02443761444091797,0.010031970977783203,-0.26577386886625554,0.09708232163212793,0.727,-1.2076805759174762,0.05176421854209845,-0.20208056209620345,0.20999999999999996,0.025324727446437878,0.025446690280176796,-0.10996281730876535,0.37089855072463784,0.03830087101561404,0,0,0,0,0,0,0,0
-0.31433275520882475,0.29258071462069024,0.486,-1.2361468960175037,0.10908695220947266,0.012642602920532226,-0.26577386886625554,0.09708232163212793,0.727,-1.2076805759174762,0.04855888634256922,-0.1954983929885623,0.241,0.028466320100027476,0.006472042062788879,-0.06118159034071924,0.36502222222222236,0.043426285117120794,0,0,0,0,0,0,0,0
-0.3087389783866126,0.27927266697737047,0.437,-1.238485637215176,0.21610499572753905,0.013688931465148926,-0.26577386886625554,0.09708232163212793,0.727,-1.2076805759174762,0.04296510952035704,-0.18219034534524253,0.29,0.030805061297699776,-0.006891675497419505,-0.02359058317752097,0.480550724637681,0.040973501287579345,0,0,0,0,0,0,0,0
-0.302031566648438,0.2612371550769242,0.385,-1.2428140537601222,0.2885543212890625,0.006851463794708252,-0.26577386886625554,0.09708232163212793,0.727,-1.2076805759174762,0.03625769778218246,-0.16415483344479626,0.34199999999999997,0.03513347784264598,-0.016394593878924953,0.010752423941663591,0.5412470588235294,0.05422943318799686,0,0,0,0,0,0,0,0
-0.2939664947636587,0.23804364119840152,0.335,-1.2482420277338246,0.3683279418945313,0.00245623517036438,-0.26577386886625554,0.09708232163212793,0.727,-1.2076805759174762,0.02819262589740318,-0.14096131956627359,0.39199999999999996,0.040561451816348404,-0.03070964196673888,0.058372195097544696,0.5913777777777777,0.0664089469292171,0,0,0,0,0,0,0,0
-0.28628585826473646,0.21227345159081173,0.287,-1.2527798837890096,0.4031381530761719,-0.013265393257141113,-0.26577386886625554,0.09708232163212793,0.727,-1.2076805759174762,0.020511989398480923,-0.1151911299586838,0.44,0.04509930787153338,-0.028703755657611553,0.07312278810263523,0.5954782608695655,0.06482911680712022,0,0,0,0,0,0,0,0
-0.27811652207642007,0.18265205718073868,0.234,-1.2577366188646735,0.4603577575683594,-0.02253605270385742,-0.26577386886625554,0.09708232163212793,0.727,-1.2076805759174762,0.012342653210164534,-0.08556973554861075,0.493,0.05005604294719723,-0.036504310199555585,0.11195375974100161,0.6712656716417911,0.07225037910688613,0,0,0,0,0,0,0,0
-0.26928883978598955,0.15283509036706522,0.185,-1.2601451732324258,0.46629608154296875,-0.011762158393859863,-0.26577386886625554,0.09708232163212793,0.727,-1.2076805759174762,0.0035149709197340173,-0.055752768734937286,0.542,0.05246459731494957,-0.04651890206592488,0.1351851528948081,0.7015687500000003,0.06375469591378864,0,0,0,0,0,0,0,0
-0.2590458699371722,0.12108750166717237,0.137,-1.261035291150943,0.5003855895996093,0.0007218911647796631,-0.26577386886625554,0.09708232163212793,0.727,-1.2076805759174762,-0.006727998929083323,-0.02400518003504444,0.59,0.0533547152334668,-0.06975361885502442,0.193768818222524,0.7831111111111106,0.05829981478078475,0,0,0,0,0,0,0,0
-0.24824821885210874,0.08772050914573723,0.084,-1.2636183784438946,0.5260559692382812,0.0016868541240692139,-0.26577386886625554,0.09708232163212793,0.727,-1.2076805759174762,-0.0175256500141468,0.009361812486390703,0.643,0.055937802526418334,-0.05721382346569155,0.1544045906342505,0.752220512820513,0.06587275365315501,0,0,0,0,0,0,0,0
-0.23712151912320342,0.054097910090745514,0.03,-1.263496205396255,0.5311968994140625,0.0065910711288452144,-0.26577386886625554,0.09708232163212793,0.727,-1.2076805759174762,-0.028652349743052113,0.04298441154138242,0.697,0.05581562947877883,-0.0771381894701851,0.21129720043596703,0.862438709677419,0.05522446957084573,0,0,0,0,0,0,0,0
-0.23712151912320342,0.054097910090745514,0,-1.2572653799666353,0,0,-0.26577386886625554,0.09708232163212793,0.727,-1.2076805759174762,-0.028652349743052113,0.04298441154138242,0.727,0.049584804049159104,-0.014326174871526057,0.02149220577069121,0.7566000000000002,0.018430676901060483,0,0,0,0,0,0,0,0
