-0.19057207013424812,-0.13132148827165252,0.697,1.5267791230596,0.009123427391052246,0.0644748306274414,-0.10028569389981429,1.8660353405923793,0.698,1.5277739607332368,0.09028637623443383,1.9973568288640318,0.0010000000000000009,0.0009948376736368392,0.04514318811721692,0.9986784144320159,0.0008000000000000008,0.0009948376736368392,0,0,0,0,0,0,0,0
-0.19402677695630874,-0.13014600598638254,0.693,1.5265871368418802,0.015334894180297851,0.05254627990722656,-0.10028569389981429,1.8660353405923793,0.698,1.5277739607332368,0.09374108305649445,1.996181346578762,0.0050000000000000044,0.0011868238913566032,0.06439441671261266,0.9921280819872874,0.024289855072463788,0.0020215465770947075,0,0,0,0,0,0,0,0
-0.19725552674563337,-0.1283971608573566,0.687,1.525452672828084,0.02406663703918457,0.04954327392578125,-0.10028569389981429,1.8660353405923793,0.698,1.5277739607332368,0.09696983284581909,1.994432501449736,0.010999999999999899,0.0023212879051528468,0.06510348151502164,0.9882148419725285,0.039682352941175836,0.007326276201312745,0,0,0,0,0,0,0,0
-0.2008271233821368,-0.12664856189951684,0.681,1.5247021812497268,0.023773618698120117,0.054707794189453124,-0.10028569389981429,1.8660353405923793,0.698,1.5277739607332368,0.1005414294823225,1.992683902491896,0.016999999999999904,0.0030717794835100065,0.07011291827729134,0.9866275125912822,0.046933333333333285,0.006645548904258386,0,0,0,0,0,0,0,0
-0.20506387905345186,-0.12286826921092732,0.672,1.522398346637094,0.05371585464477539,0.06609664916992188,-0.10028569389981429,1.8660353405923793,0.698,1.5277739607332368,0.10477818515363757,1.9889036098033066,0.025999999999999912,0.0053756140961427334,0.08036766776474848,0.9694876079015341,0.08023396226415092,0.018416187375195906,0,0,0,0,0,0,0,0
-0.21005766957564467,-0.11482485204451967,0.662,1.5203563114122605,0.11688605499267578,0.08065614318847657,-0.10028569389981429,1.8660353405923793,0.698,1.5277739607332368,0.10977197567583039,1.980860192636899,0.03599999999999992,0.007417649320976327,0.08021680932729904,0.9496301541700048,0.07952463768115939,0.01629606334199195,0,0,0,0,0,0,0,0
-0.21572096858435227,-0.10072734675035572,0.657,1.5184364492350668,0.20691059875488282,0.09550309753417968,-0.10028569389981429,1.8660353405923793,0.698,1.5277739607332368,0.11543527468453799,1.966762687342735,0.040999999999999925,0.00933751149816997,0.08524756307904205,0.9148518040469599,0.05710555555555552,0.017336937236476814,0,0,0,0,0,0,0,0
-0.22159177673932226,-0.07986895623664275,0.647,1.5176161444866294,0.3078382568359375,0.10431609344482422,-0.10028569389981429,1.8660353405923793,0.698,1.5277739607332368,0.12130608283950797,1.945904296829022,0.050999999999999934,0.010157816246607387,0.09489942232374557,0.8512782037511855,0.09913333333333332,0.014259339988794473,0,0,0,0,0,0,0,0
-0.22808443857060182,-0.05168044493105963,0.637,1.5168307463232322,0.4170531311035156,0.11972769927978516,-0.10028569389981429,1.8660353405923793,0.698,1.5277739607332368,0.12779874467078753,1.917715785523439,0.06099999999999994,0.010943214410004565,0.0968331642331886,0.8158726904870227,0.0995246376811594,0.014357989033470553,0,0,0,0,0,0,0,0
-0.23407780633087483,-0.016364938172458255,0.632,1.516027894867315,0.5241122436523438,0.11834309387207032,-0.10028569389981429,1.8660353405923793,0.698,1.5277739607332368,0.13379211243106054,1.8824002787648375,0.06599999999999995,0.011746065865921862,0.10019254377260256,0.7450028796124104,0.08057777777777775,0.01556916803695661,0,0,0,0,0,0,0,0
-0.2391297338035586,0.02599484709140984,0.625,1.5158882685271549,0.6302958374023437,0.11044757843017577,-0.10028569389981429,1.8660353405923793,0.698,1.5277739607332368,0.1388440399037443,1.8400404935009695,0.07299999999999995,0.011885692206081933,0.09542458782597976,0.701991940245282,0.09442941176470587,0.012501690765611655,0,0,0,0,0,0,0,0
-0.24324150641335734,0.07606818794577737,0.624,1.515643922431876,0.7465833129882813,0.10280436706542968,-0.10028569389981429,1.8660353405923793,0.698,1.5277739607332368,0.14295581251354306,1.7899671526466019,0.07399999999999995,0.012130038301360724,0.09233472384270723,0.6409883690910012,0.06427246376811592,0.013192412628659816,0,0,0,0,0,0,0,0
-0.2459534778638627,0.13170392235599745,0.618,1.5156962823094358,0.831024658203125,0.08662105560302734,-0.10028569389981429,1.8660353405923793,0.698,1.5277739607332368,0.14566778396404842,1.7343314182363818,0.07999999999999996,0.01207767842380103,0.08790040004038734,0.5580782957280794,0.09733333333333333,0.011828345673516776,0,0,0,0,0,0,0,0
-0.24707618623503325,0.19171752782227705,0.616,1.51740670497639,0.8979104614257812,0.06639125823974609,-0.10028569389981429,1.8660353405923793,0.698,1.5277739607332368,0.14679049233521896,1.6743178127701022,0.08199999999999996,0.010367255756846827,0.0790901437025325,0.5327420670633427,0.07574492753623187,0.0029306354657415955,0,0,0,0,0,0,0,0
-0.24706417617053336,0.26037327481711914,0.615,1.5185935288677461,1.02837841796875,0.05477655410766601,-0.10028569389981429,1.8660353405923793,0.698,1.5277739607332368,0.14677848227071907,1.60566206577526,0.08299999999999996,0.009180431865490668,0.0733265019924497,0.4441816082877086,0.0716238805970149,0.0038662950385227922,0,0,0,0,0,0,0,0
-0.24581854322635982,0.3328288976664384,0.61,1.5207402838476995,1.0863287353515625,0.03805098724365234,-0.10028569389981429,1.8660353405923793,0.698,1.5277739607332368,0.14553284932654553,1.5332064429259409,0.08799999999999997,0.007033676885537243,0.06595436949982371,0.3703615340057563,0.09774374999999999,-0.003029237082994435,0,0,0,0,0,0,0,0
-0.24388249237577983,0.4083160962144079,0.605,1.5234629974808107,1.1323427734375,0.027650802612304688,-0.10028569389981429,1.8660353405923793,0.698,1.5277739607332368,0.14359679847596554,1.4577192443779714,0.09299999999999997,0.004310963252426081,0.06197785144518572,0.34595354259783617,0.0997623188405797,-0.007526922108926798,0,0,0,0,0,0,0,0
-0.24105507394275835,0.4855596084068776,0.605,1.5263951506241609,1.1593616943359375,0.012458637237548828,-0.10028569389981429,1.8660353405923793,0.698,1.5277739607332368,0.14076938004294406,1.3804757321855017,0.09299999999999997,0.001378810109075923,0.054922245465885824,0.2678124087901821,0.07439999999999998,-0.012365657750377942,0,0,0,0,0,0,0,0
-0.2384993621876413,0.5517232432282151,0.607,1.5295541965702706,0.993177978515625,0.005753776550292969,-0.10028569389981429,1.8660353405923793,0.698,1.5277739607332368,0.13821366828782702,1.3143120973641642,0.09099999999999997,-0.0017802358370337945,0.05575610109479465,0.31152512051091624,0.062352238805970114,-0.015925217685286257,0,0,0,0,0,0,0,0
-0.23635697768812108,0.6099557831717161,0.606,1.5330972149518194,0.8740703125,0.003905857086181641,-0.10028569389981429,1.8660353405923793,0.698,1.5277739607332368,0.1360712837883068,1.2560795574206631,0.09199999999999997,-0.005323254218582596,0.05716847414296384,0.33265732972155804,0.07867246376811593,-0.02072768196444695,0,0,0,0,0,0,0,0
-0.23502175989072407,0.6682365618534237,0.606,1.5346854645711343,0.8743453979492187,0.012935161590576172,-0.10028569389981429,1.8660353405923793,0.698,1.5277739607332368,0.1347360659909098,1.1977987787389557,0.09199999999999997,-0.006911503837897515,0.05742492173824312,0.16489359067591175,0.07359999999999998,-0.017049267365439547,0,0,0,0,0,0,0,0
-0.2352494068483156,0.7055732351250958,0.606,1.5349123573738934,0.5595617065429688,0.023631975173950194,-0.10028569389981429,1.8660353405923793,0.698,1.5277739607332368,0.13496371294850132,1.1604621054672835,0.09199999999999997,-0.00713839664065663,0.06857331449010047,0.4012196055406927,0.07359999999999998,-0.008070832816379023,0,0,0,0,0,0,0,0
-0.23557752503149387,0.7389801843252629,0.607,1.5331844814144189,0.5006050720214844,0.022896354675292968,-0.10028569389981429,1.8660353405923793,0.698,1.5277739607332368,0.13529183113167959,1.1270551562671165,0.09099999999999997,-0.005410520681182085,0.06941270578295354,0.3836440055172746,0.06741538461538459,0.002564291439469662,0,0,0,0,0,0,0,0
-0.23570932561349647,0.772133781316399,0.605,1.5303570480261883,0.49687789916992187,0.02067572021484375,-0.10028569389981429,1.8660353405923793,0.698,1.5277739607332368,0.13542363171368219,1.0939015592759804,0.09299999999999997,-0.002583087292951536,0.0684440413124111,0.36276412968723426,0.0855111111111111,0.01088088122243203,0,0,0,0,0,0,0,0
-0.23351198687905853,0.8036794936431924,0.604,1.527704147563157,0.47413134765625,-0.013803061485290527,-0.10028569389981429,1.8660353405923793,0.698,1.5277739607332368,0.13322629297924424,1.062355846949187,0.09399999999999997,0.00006981317007981325,0.055467225372907894,0.37116344065752505,0.08027246376811593,0.011604163009346547,0,0,0,0,0,0,0,0
-0.230585586086026,0.8366808450490755,0.609,1.52670930988952,0.49645172119140624,-0.022530361175537108,-0.10028569389981429,1.8660353405923793,0.698,1.5277739607332368,0.1302998921862117,1.0293544955433038,0.08899999999999997,0.0010646508437168745,0.04582465783723069,0.2967437950912917,0.04546470588235289,0.005453640580350967,0,0,0,0,0,0,0,0
-0.22813689391337078,0.8667387785728211,0.612,1.528262652923795,0.4520497131347656,-0.016823661804199218,-0.10028569389981429,1.8660353405923793,0.698,1.5277739607332368,0.1278512000135565,0.9992965620195582,0.08599999999999997,-0.0004886921905582486,0.052937878719222745,0.364772938275023,0.052133333333333295,-0.007885563782344548,0,0,0,0,0,0,0,0
-0.2255735432163383,0.8975962630424746,0.61,1.5272503619576383,0.46407858276367187,-0.018734188079833985,-0.10028569389981429,1.8660353405923793,0.698,1.5277739607332368,0.125287849316524,0.9684390775499047,0.08799999999999997,0.0005235987755984883,0.04964142112259001,0.32769606682743446,0.08054492753623187,0.004924863845845171,0,0,0,0,0,0,0,0
-0.2217167179062723,0.9295579435846137,0.615,1.527285268542678,0.4814891662597656,-0.03692710113525391,-0.10028569389981429,1.8660353405923793,0.698,1.5277739607332368,0.121431024006458,0.9364773970077656,0.08299999999999996,0.0004886921905586927,0.041151905357966645,0.3061142319857859,0.04103768115942025,0.0003369244295161032,0,0,0,0,0,0,0,0
-0.21585229965680955,0.961405340132617,0.616,1.5287164385293133,0.48108511352539063,-0.06710386657714844,-0.10028569389981429,1.8660353405923793,0.698,1.5277739607332368,0.11556660575699526,0.9046300004597623,0.08199999999999996,-0.0009424777960764796,0.024677715986369267,0.27253131003954,0.0599548387096774,-0.007867493860440217,0,0,0,0,0,0,0,0
-0.20650471945247673,0.9883615879177909,0.619,1.529397116937591,0.40988421630859373,-0.12307986450195313,-0.10028569389981429,1.8660353405923793,0.698,1.5277739607332368,0.10621902555266244,0.8776737526745884,0.07899999999999996,-0.0016231562043542702,0.005694250870295167,0.3021022861226439,0.04798260869565213,-0.00458262754469249,0,0,0,0,0,0,0,0
-0.1984307553687811,1.0108905237338146,0.625,1.530112701930909,0.34265689086914064,-0.10701948547363281,-0.10028569389981429,1.8660353405923793,0.698,1.5277739607332368,0.09814506146896682,0.8551448168585647,0.07299999999999995,-0.0023387411976723005,-0.0032587179561363658,0.2815515281402401,0.01951111111111104,-0.006314213382772468,0,0,0,0,0,0,0,0
-0.1947355468069727,1.019372576876072,0.629,1.5281230265836354,0.12937991333007812,-0.050207481384277344,-0.10028569389981429,1.8660353405923793,0.698,1.5277739607332368,0.0944498529071584,0.8466627637163073,0.06899999999999995,-0.00034906585039862215,0.02636487812078979,0.3754488237970234,0.032619354838709626,0.00927839550737724,0,0,0,0,0,0,0,0
-0.19162831243656755,1.0258838027802357,0.638,1.5232710112630912,0.09956781005859375,-0.042399517059326174,-0.10028569389981429,1.8660353405923793,0.698,1.5277739607332368,0.09134261853675327,0.8401515378121436,0.05999999999999994,0.004502949470145623,0.029909975505452026,0.38704781142118316,0.0023478260869564463,0.0255986682551206,0,0,0,0,0,0,0,0
-0.19582292526877412,1.0336881582688526,0.645,1.5198327126366624,0.11394402313232421,0.06840962219238281,-0.10028569389981429,1.8660353405923793,0.698,1.5277739607332368,0.09553723136895984,0.8323471823235267,0.052999999999999936,0.007941248096574371,0.06935853467377842,0.3760041143821175,0.006370588235294045,0.023110212624936496,0,0,0,0,0,0,0,0
-0.2039238966326798,1.041186437565531,0.655,1.5186458887453063,0.10613801574707031,0.12708641052246095,-0.10028569389981429,1.8660353405923793,0.698,1.5277739607332368,0.1036382027328655,0.8248489030268482,0.04299999999999993,0.00912807198793053,0.09682449783257535,0.3707673443096549,-0.02115555555555565,0.014779614327721765,0,0,0,0,0,0,0,0
-0.21529564890394884,1.0529361942719813,0.668,1.5293622103525513,0.16711514282226564,0.1795315399169922,-0.10028569389981429,1.8660353405923793,0.698,1.5277739607332368,0.11500995500413455,0.813099146320398,0.029999999999999916,-0.0015882496193144746,0.11129029229861007,0.3509763995486104,-0.037486486486486614,-0.045032796675713145,0,0,0,0,0,0,0,0
-0.20756299089191696,1.058927870026966,0.685,1.6690234570971376,0.09460256195068359,-0.11216748809814453,-0.10028569389981429,1.8660353405923793,0.698,1.5277739607332368,0.10727729699210267,0.8071074705654133,0.0129999999999999,-0.14124949636390083,0.011350674992752004,0.370786758497634,-0.08256875000000015,-0.7959115904791493,0,0,0,0,0,0,0,0
-0.19771203994931252,1.0820397984488874,0.703,1.9069118341439648,0.3305166625976563,-0.18105052185058593,-0.10028569389981429,1.8660353405923793,0.698,1.5277739607332368,0.09742634604949824,0.7839955421434919,-0.0050000000000000044,-0.379137873410728,-0.006897033909308181,0.2615272073996088,-0.10561290322580591,-1.530210665572795,0,0,0,0,0,0,0,0
-0.19466150542189586,1.1119523235538293,0.72,2.1289700748752036,0.40848861694335936,-0.19118487548828125,-0.10028569389981429,1.8660353405923793,0.698,1.5277739607332368,0.09437581152208158,0.75408301703855,-0.02200000000000002,-0.6011961141419668,0.03171417989733309,0.22531130871159866,-0.1038318840579711,-1.566666726016918,0,0,0,0,0,0,0,0
-0.19039459991256094,1.1336887571450378,0.74,2.330625416650628,0.2426616668701172,-0.22697598266601562,-0.10028569389981429,1.8660353405923793,0.698,1.5277739607332368,0.09010890601274665,0.7323465834473415,-0.04200000000000004,-0.8028514559173914,0.02309243935538476,0.2542945894159801,-0.13654117647058833,-1.6925073755148525,0,0,0,0,0,0,0,0
-0.1868034787735442,1.1504961557480926,0.759,2.519958733906973,0.14566546630859376,-0.21270437622070312,-0.10028569389981429,1.8660353405923793,0.698,1.5277739607332368,0.08651778487372991,0.7155391848442867,-0.061000000000000054,-0.9921847731737361,0.023308219442327482,0.2643951557385056,-0.1543555555555557,-1.893771998203949,0,0,0,0,0,0,0,0
-0.18390594933573184,1.1654729182805685,0.77,2.6985233696785125,0.09549671173095703,-0.20793670654296875,-0.10028569389981429,1.8660353405923793,0.698,1.5277739607332368,0.08362025543591756,0.7005624223118108,-0.07200000000000006,-1.1707494089452757,0.02267549935504702,0.25137806235653604,-0.1302415094339624,-2.1814926302936133,0,0,0,0,0,0,0,0
-0.17981375313514422,1.1812982029692183,0.785,2.864573994713253,0.04631209945678711,-0.24077369689941405,-0.10028569389981429,1.8660353405923793,0.698,1.5277739607332368,0.07952805923532993,0.684737137623161,-0.08700000000000008,-1.3368000339800163,0.021634046450504617,0.27225654803908167,-0.13605569620253177,-1.967372027782829,0,0,0,0,0,0,0,0
-0.1761199766659362,1.196984904937015,0.793,3.0136600194186087,0.011057878494262695,-0.24148283386230468,-0.10028569389981429,1.8660353405923793,0.698,1.5277739607332368,0.07583428276612192,0.6690504356553644,-0.09500000000000008,-1.485886058685372,0.01352427790715897,0.23093378973845907,-0.1288301886792454,-2.329769217394932,0,0,0,0,0,0,0,0
-0.17685186777733874,1.2069800773848285,0.8,-3.139044472881882,0.03001700210571289,-0.1473016815185547,-0.10028569389981429,1.8660353405923793,0.698,1.5277739607332368,0.07656617387752446,0.6590552632075508,-0.10200000000000009,-1.616366873564468,0.041995578083557715,0.27882748150617037,-0.11710724637681169,-2.183674764343147,0,0,0,0,0,0,0,0
-0.16147146692748518,1.1896452100111263,0.799,-2.8449215873357976,-0.2300426788330078,0.26061004638671875,-0.10028569389981429,1.8660353405923793,0.698,1.5277739607332368,0.06118577302767089,0.676390130581253,-0.10100000000000009,-1.9104897591105523,-0.03754812990956642,0.414995110617155,-0.07636962025316463,-3.0274121092855557,0,0,0,0,0,0,0,0
-0.15127405137240435,1.1708937392565082,0.797,-2.5383021443454337,-0.0640525131225586,0.31370111083984376,-0.10028569389981429,1.8660353405923793,0.698,1.5277739607332368,0.05098835747259006,0.6951416013358711,-0.09900000000000009,-2.217109202100916,-0.043142272115210545,0.4737826230547884,-0.0657384615384616,-3.986067527045323,0,0,0,0,0,0,0,0
-0.1600579124873454,1.1545585093449708,0.802,-2.2671303384630748,0.24751727294921874,0.12702082061767578,-0.10028569389981429,1.8660353405923793,0.698,1.5277739607332368,0.05977221858753112,0.7114768312474085,-0.10400000000000009,-2.4882810079832747,0.07444192654346658,0.43859827749382124,-0.1085623188405798,-3.6672888596457027,0,0,0,0,0,0,0,0
-0.18955342657807353,1.1374737855758803,0.806,-2.025960742422498,0.4803912048339844,-0.17505926513671874,-0.10028569389981429,1.8660353405923793,0.698,1.5277739607332368,0.08926773267825924,0.728561555016499,-0.1080000000000001,-2.7294506040238513,0.2111408007222722,0.4607267987853735,-0.10898064516129043,-3.896400262284706,0,0,0,0,0,0,0,0
-0.23629701372390152,1.1162257629709087,0.803,-1.8214081540887626,0.5945052490234375,-0.48965582275390623,-0.10028569389981429,1.8660353405923793,0.698,1.5277739607332368,0.13601131982408723,0.7498095776214706,-0.1050000000000001,-2.934003192357587,0.30511081210102614,0.4826846136185623,-0.06878260869565224,-3.8233622720694806,0,0,0,0,0,0,0,0
-0.2961035190786517,1.0896670530710393,0.803,-1.6501913544681188,0.608412841796875,-0.7702759399414062,-0.10028569389981429,1.8660353405923793,0.698,1.5277739607332368,0.1958178251788374,0.77636828752134,-0.1050000000000001,-3.1052199919782306,0.4012752440990209,0.5229022374556598,-0.08400000000000007,-3.849640859894073,0,0,0,0,0,0,0,0
-0.3652437863988362,1.0585818440349974,0.791,-1.5049276008246308,0.547063720703125,-0.996855712890625,-0.10028569389981429,1.8660353405923793,0.698,1.5277739607332368,0.2649580924990219,0.8074534965573819,-0.09300000000000008,3.0327015615578676,0.4991319790080652,0.5685725537728522,-0.010763636363636378,30.932344986721947,0,0,0,0,0,0,0,0
-0.44054954515053635,1.0242697831349228,0.778,-1.3800841994294764,0.43921417236328125,-1.161013671875,-0.10028569389981429,1.8660353405923793,0.698,1.5277739607332368,0.34026385125072206,0.8417655574574565,-0.08000000000000007,2.9078581601627134,0.5694806462783163,0.6028406774412454,0.004939393939393938,2.3403881538211033,0,0,0,0,0,0,0,0
-0.4653196712523054,1.0124944735300403,0.761,-1.3637304643382895,0.10299656677246094,-0.3982970581054687,-0.10028569389981429,1.8660353405923793,0.698,1.5277739607332368,0.3650339773524911,0.853540867062339,-0.06300000000000006,2.8915044250715263,0.31001028478829207,0.48737864473277054,0.03710000000000003,2.8193555937868773,0,0,0,0,0,0,0,0
-0.4770473336912479,0.9918395517702138,0.744,-1.3516353326219688,0.26703924560546877,-0.23585357666015624,-0.10028569389981429,1.8660353405923793,0.698,1.5277739607332368,0.3767616397914336,0.8741957888221655,-0.04600000000000004,2.879409293355206,0.27571447635592705,0.5909111415587271,0.08979574468085114,2.8022063249531604,0,0,0,0,0,0,0,0
-0.4859252811375714,0.9801956430391691,0.729,-1.2990660155518996,0.14152841186523438,-0.16795649719238281,-0.10028569389981429,1.8660353405923793,0.698,1.5277739607332368,0.3856395872377571,0.8858396975532102,-0.031000000000000028,2.8268399762851364,0.229811241311893,0.4914361351559581,0.03770000000000002,2.639092415320603,0,0,0,0,0,0,0,0
-0.48832505134165693,0.9749250398743101,0.712,-1.215499650966411,0.06649678039550781,-0.055895107269287106,-0.10028569389981429,1.8660353405923793,0.698,1.5277739607332368,0.38803935744184265,0.8911103007180692,-0.014000000000000012,2.7432736116996477,0.20986721780450515,0.48036102031565026,0.10106415094339631,2.2702564536685794,0,0,0,0,0,0,0,0
-0.4909563616947293,0.9725655962671851,0.698,-1.1157017243373755,0.019450958251953126,-0.049316154479980466,-0.10028569389981429,1.8660353405923793,0.698,1.5277739607332368,0.390670667794915,0.8934697443251942,0,2.6434756850706123,0.20995372474785942,0.4598428922021806,0.07777777777777783,2.1682474630275865,0,0,0,0,0,0,0,0
-0.4913390691069424,0.9733187627802572,0.682,-1.0145249875992641,-0.012670902252197266,-0.00019054412841796876,-0.10028569389981429,1.8660353405923793,0.698,1.5277739607332368,0.39105337520712813,0.8927165778121221,0.015999999999999903,2.542298948332501,0.1974679570858046,0.44253787905714453,0.09395942028985449,2.1024000929494093,0,0,0,0,0,0,0,0
-0.4897801143477068,0.9774235355564487,0.67,-0.9120043473371173,-0.039940963745117186,0.052369903564453125,-0.10028569389981429,1.8660353405923793,0.698,1.5277739607332368,0.3894944204478925,0.8886118050359306,0.027999999999999914,2.439778308070354,0.18672317837493937,0.42317839558168563,0.08416470588235292,1.9874813657373527,0,0,0,0,0,0,0,0
-0.485698425895664,0.9848121530746805,0.661,-0.8052251037001039,-0.050156455993652344,0.11625831604003906,-0.10028569389981429,1.8660353405923793,0.698,1.5277739607332368,0.3854127319958497,0.8812231875176988,0.03699999999999992,2.3329990644333405,0.1700303190421314,0.39956371865756146,0.07959999999999998,1.8245264756856565,0,0,0,0,0,0,0,0
-0.48115192502153803,0.9944745096634832,0.655,-0.6945188692461037,-0.05723905563354492,0.149602294921875,-0.10028569389981429,1.8660353405923793,0.698,1.5277739607332368,0.38086623112172374,0.8715608309288961,0.04299999999999993,2.2222928299793407,0.17148936191867042,0.395520596344437,0.05939999999999997,1.826913421215056,0,0,0,0,0,0,0,0
-0.47606631849979075,1.0059344879078271,0.653,-0.583131956383826,-0.05140473175048828,0.18090415954589845,-0.10028569389981429,1.8660353405923793,0.698,1.5277739607332368,0.37578062459997646,0.8601008526845522,0.04499999999999993,2.110905917117063,0.1549280478071818,0.35577278957338,0.048962962962962917,1.4920897345488533,0,0,0,0,0,0,0,0
-0.4706775948203223,1.018979977633714,0.652,-0.46907468976599653,-0.04027780151367188,0.20785308837890626,-0.10028569389981429,1.8660353405923793,0.698,1.5277739607332368,0.370391900920508,0.8470553629586652,0.04599999999999993,1.9968486504992333,0.15477573614067397,0.3498837878654548,0.042445161290322525,1.4449586507355414,0,0,0,0,0,0,0,0
