-0.17214393190532137,0.10063922427086192,0.706,1.3983228901128175,-0.004013374805450439,0.06214545059204102,0.17556657208926732,2.0704577120962364,0.704,1.398148357187618,0.3477105039945887,1.9698184878253744,-0.0020000000000000018,-0.0001745329251994221,0.17385525199729435,0.9849092439126872,-0.0016000000000000016,-0.0001745329251994221,0,0,0,0,0,0,0,0
-0.1764532230610632,0.10149579874415633,0.701,1.3983577966978578,0.0015646028518676758,0.06588540649414062,0.17556657208926732,2.0704577120962364,0.704,1.398148357187618,0.35201979515033055,1.9689619133520802,0.0030000000000000027,-0.00020943951023966179,0.19534646045349413,0.9806373532702326,0.02483589743589746,-0.000343695606548276,0,0,0,0,0,0,0,0
-0.18000390302364455,0.10234633671580712,0.696,1.399492260711654,0.0034301950931549074,0.05465940856933594,0.17556657208926732,2.0704577120962364,0.704,1.398148357187618,0.35557047511291184,1.9681113753804294,0.008000000000000007,-0.0013439035240359054,0.20123312410180408,0.9784389275000679,0.03941886792452834,-0.007765397941750492,0,0,0,0,0,0,0,0
-0.18343861096352648,0.10450342283870125,0.692,1.3999634996096924,0.02310011291503906,0.056282222747802736,0.17556657208926732,2.0704577120962364,0.704,1.398148357187618,0.35900518305279383,1.9659542892575352,0.01200000000000001,-0.0018151424220742562,0.1957478317825955,0.9727747102637279,0.028518918918918945,-0.003725570387094598,0,0,0,0,0,0,0,0
-0.18815909985423157,0.1093475891551644,0.685,1.4000158594872523,0.059567317962646485,0.08212947845458984,0.17556657208926732,2.0704577120962364,0.704,1.398148357187618,0.3637256719434989,1.9611101229410721,0.018999999999999906,-0.0018675022996341717,0.21190231073078183,0.9497285485475889,0.0597454545454538,-0.002153101631779165,0,0,0,0,0,0,0,0
-0.19417642936607304,0.11872108771115436,0.675,1.3974327721943007,0.12321723937988281,0.11284248352050781,0.17556657208926732,2.0704577120962364,0.704,1.398148357187618,0.36974300145534034,1.951736624385082,0.028999999999999915,0.0007155849933173641,0.2145343926874518,0.9296609249447023,0.0724957746478873,0.011630038343816812,0,0,0,0,0,0,0,0
-0.2016163271715834,0.1361254254899552,0.666,1.3959317890375855,0.23790139770507812,0.15495841979980468,0.17556657208926732,2.0704577120962364,0.704,1.398148357187618,0.3771828992608507,1.9343322866062813,0.03799999999999992,0.002216568150032572,0.2268850412764345,0.8775849929710784,0.07672352941176469,0.008838552664952605,0,0,0,0,0,0,0,0
-0.2099452082331644,0.1702548260435776,0.653,1.3950067645340285,0.48239874267578126,0.21209280395507812,0.17556657208926732,2.0704577120962364,0.704,1.398148357187618,0.3855117803224317,1.9002028860526587,0.050999999999999934,0.0031415926535895977,0.21484004449116556,0.8596068203462696,0.07526969696969694,0.005243921070764657,0,0,0,0,0,0,0,0
-0.21795768561191473,0.21343364531806314,0.647,1.395565269894667,0.6166817016601562,0.231605224609375,0.17556657208926732,2.0704577120962364,0.704,1.398148357187618,0.39352425770118205,1.8570240667781732,0.05699999999999994,0.0025830872929510917,0.24967471531403657,0.6433688872368237,0.08522264150943396,-0.0005782638050027158,0,0,0,0,0,0,0,0
-0.22452611996205515,0.265135214361522,0.643,1.3976771182895797,0.746470703125,0.2322191162109375,0.17556657208926732,2.0704577120962364,0.704,1.398148357187618,0.4000926920513225,1.8053224977347144,0.06099999999999994,0.00047123889803835084,0.23653764797088583,0.6154303097370306,0.0710222222222222,-0.009585182030117557,0,0,0,0,0,0,0,0
-0.22951199341802986,0.3266251667742331,0.641,1.3985497829155769,0.8956795654296875,0.2325501708984375,0.17556657208926732,2.0704577120962364,0.704,1.398148357187618,0.40507856550729715,1.7438325453220034,0.06299999999999994,-0.00040142572795875964,0.2233137554868764,0.6157081376080391,0.0587333333333333,-0.003518085106519868,0,0,0,0,0,0,0,0
-0.23237227683694683,0.3947616994451075,0.638,1.3998413265620524,0.9995703125,0.21744438171386718,0.17556657208926732,2.0704577120962364,0.704,1.398148357187618,0.4079388489262141,1.6756960126511289,0.06599999999999995,-0.0016929693744343055,0.22285808855029463,0.387889771706582,0.07261132075471696,-0.00900359378844683,0,0,0,0,0,0,0,0
-0.23089339551251972,0.4695942872599846,0.636,1.4023546006849243,1.10989990234375,0.16910188293457032,0.17556657208926732,2.0704577120962364,0.704,1.398148357187618,0.40645996760178704,1.6008634248362519,0.06799999999999995,-0.00420624349730625,0.19501397644296528,0.3846951134465871,0.06551111111111108,-0.016174215510982175,0,0,0,0,0,0,0,0
-0.22574471654713182,0.5518923872318674,0.632,1.4009583372833294,1.2299476318359375,0.13081745910644532,0.17556657208926732,2.0704577120962364,0.704,1.398148357187618,0.40131128863639914,1.518565324864369,0.07199999999999995,-0.0028099800957113175,0.17920281529575,0.41637391254933875,0.07426666666666665,0.0021766749099848704,0,0,0,0,0,0,0,0
-0.2167043955833429,0.6393222292147076,0.628,1.404396635909758,1.3154990234375,0.08801062774658203,0.17556657208926732,2.0704577120962364,0.704,1.398148357187618,0.3922709676726102,1.4311354828815288,0.07599999999999996,-0.006248278722139844,0.13754081092285836,0.14889283970013423,0.08672592592592591,-0.02534993775785388,0,0,0,0,0,0,0,0
-0.2047765033503179,0.7306845057883447,0.624,1.4080792806314664,1.3811397705078126,0.05054184341430664,0.17556657208926732,2.0704577120962364,0.704,1.398148357187618,0.38034307543958523,1.3397732063078918,0.07999999999999996,-0.009930923443848272,0.12283666221078061,0.1541318160447045,0.08658064516129031,-0.02775017209727615,0,0,0,0,0,0,0,0
-0.1895713807355588,0.8265386902805831,0.622,1.4100864092712593,1.455768798828125,0.007861488342285157,0.17556657208926732,2.0704577120962364,0.704,1.398148357187618,0.3651379528248261,1.2439190218156533,0.08199999999999996,-0.011938052083641182,0.10544154285928695,0.13574263304864603,0.07574492753623187,-0.020664698343610358,0,0,0,0,0,0,0,0
-0.17127171790114054,0.9291856345422662,0.618,1.4125473235165713,1.563787841796875,-0.024575836181640626,0.17556657208926732,2.0704577120962364,0.704,1.398148357187618,0.3468382899904079,1.1412720775539702,0.08599999999999997,-0.014398966328953211,0.08059476829887978,0.04996313310178113,0.08908985507246375,-0.02509859348248377,0,0,0,0,0,0,0,0
-0.150424125571854,1.0342997153906603,0.615,1.4141879330134461,1.6062901611328124,-0.060333576202392575,0.17556657208926732,2.0704577120962364,0.704,1.398148357187618,0.3259906976611213,1.036157996705576,0.08899999999999997,-0.016039575825828045,0.043378015793670524,-0.08503458028553901,0.08841311475409835,-0.024108147121933786,0,0,0,0,0,0,0,0
-0.12732666391727632,1.141613970593147,0.616,1.4158110892178009,1.6440513916015624,-0.09115643310546875,0.17556657208926732,2.0704577120962364,0.704,1.398148357187618,0.3028932360065436,0.9288437415030895,0.08799999999999997,-0.01766273203018276,0.035959309730383276,-0.0721494052608882,0.06539999999999997,-0.024619115763131534,0,0,0,0,0,0,0,0
-0.09878959199479279,1.2519269535291364,0.619,1.418481442973352,1.7009383544921874,-0.16749751281738282,0.17556657208926732,2.0704577120962364,0.704,1.398148357187618,0.2743561640840601,0.8185307585671,0.08499999999999996,-0.020333085785734006,-0.01888403003405159,-0.1940087461476423,0.051593749999999966,-0.032850369014880476,0,0,0,0,0,0,0,0
-0.066536844802104,1.3617860331539264,0.62,1.4206980111233851,1.7022117919921875,-0.22816191101074218,0.17556657208926732,2.0704577120962364,0.704,1.398148357187618,0.24210341689137133,0.70867167894231,0.08399999999999996,-0.022549653935767022,-0.09603408996664264,-0.38510027338800856,0.060469230769230733,-0.035337547109034424,0,0,0,0,0,0,0,0
-0.032748841071985724,1.4701879580523196,0.62,1.4212565164840232,1.683533935546875,-0.2579727783203125,0.17556657208926732,2.0704577120962364,0.704,1.398148357187618,0.20831541316125304,0.6002697540439168,0.08399999999999996,-0.023108159296405084,-0.0366256422948663,-0.15153981005467976,0.06719999999999997,-0.025102821298683877,0,0,0,0,0,0,0,0
0.0019301910873587395,1.5766275066772661,0.622,1.419825346497388,1.656273681640625,-0.27651467895507814,0.17556657208926732,2.0704577120962364,0.704,1.398148357187618,0.1736363810019086,0.49383020541897027,0.08199999999999996,-0.021676989309769912,-0.10283276662046067,-0.3351761788331912,0.05466249999999997,-0.014968379997417541,0,0,0,0,0,0,0,0
0.036528828871680435,1.6762760147906823,0.623,1.4192319345517097,1.5557794189453125,-0.28827218627929685,0.17556657208926732,2.0704577120962364,0.704,1.398148357187618,0.13903774321758688,0.3941816973055541,0.08099999999999996,-0.02108357736409161,-0.16335657501644882,-0.4736202636490626,0.058069230769230734,-0.017660046908255254,0,0,0,0,0,0,0,0
0.0710921050645158,1.7672207144887015,0.629,1.420017332715107,1.4268096923828124,-0.30653671264648436,0.17556657208926732,2.0704577120962364,0.704,1.398148357187618,0.10447446702475152,0.30323699760753486,0.07499999999999996,-0.02186897552748901,-0.12566198218604152,-0.3164792202301549,0.029117647058823474,-0.02533396742483048,0,0,0,0,0,0,0,0
0.11152344586451,1.8580571173487048,0.646,1.423822150484455,1.4381839599609374,-0.39492355346679686,0.17556657208926732,2.0704577120962364,0.704,1.398148357187618,0.06404312622475732,0.2124005947475316,0.05799999999999994,-0.025673793296836944,-0.0642435340304647,-0.11007685229290864,0.005923809523809442,-0.03343872751999599,0,0,0,0,0,0,0,0
0.1532977154594339,1.9383349368977885,0.659,1.426841570090405,1.28294970703125,-0.4435133361816406,0.17556657208926732,2.0704577120962364,0.704,1.398148357187618,0.02226885662983341,0.13212277519844795,0.04499999999999993,-0.028693212902786813,-0.26473338976476946,-0.4640751565928377,-0.04984905660377372,-0.04578426727608796,0,0,0,0,0,0,0,0
0.19600027108601228,2.008132257920179,0.674,1.4295991903085559,1.1280208740234374,-0.483718017578125,0.17556657208926732,2.0704577120962364,0.704,1.398148357187618,-0.020433698996744964,0.062325454176057615,0.029999999999999916,-0.03145083312093777,-0.2474532696460301,-0.35660016748080636,-0.05933333333333346,-0.04458235796927566,1489607839125,0,0,0,0,0,0,0
0.2391301857012969,2.0645174327119826,0.682,1.4326011566219863,0.9284047241210938,-0.5214854736328125,0.17556657208926732,2.0704577120962364,0.704,1.398148357187618,-0.06356361361202958,0.005940279384253788,0.02199999999999991,-0.034452799434368186,-0.2505567360139802,-0.2830416164981823,-0.02297971014492764,-0.04750482688406564,1489607839125,0,0,0,0,0,0,0
0.2801373028247256,2.1080162195417373,0.693,1.4365630540240135,0.7309956665039062,-0.519359375,0.17556657208926732,2.0704577120962364,0.704,1.398148357187618,-0.10457073073545828,-0.03755850744550093,0.01100000000000001,-0.03841469683639542,-0.2633514093853768,-0.2426700682876644,-0.04781764705882299,-0.05589365596298617,0,0,0,0,0,0,0,0
0.3156883846360762,2.139440729222134,0.7,1.4379593174256087,0.53849462890625,-0.4653857116699219,0.17556657208926732,2.0704577120962364,0.704,1.398148357187618,-0.14012181254680886,-0.06898301712589738,0.0040000000000000036,-0.03981096023799058,-0.2675669163364632,-0.2090721178984845,-0.035688888888888916,-0.04645983357891988,0,0,0,0,0,0,0,0
0.3437818338433886,2.1579060982694735,0.707,1.4391810479020049,0.3303536376953125,-0.38100408935546876,0.17556657208926732,2.0704577120962364,0.704,1.398148357187618,-0.1682152617541213,-0.08744838617323714,-0.0030000000000000027,-0.041032690714386755,-0.24269968285382443,-0.14796417964418168,-0.0419161290322581,-0.046944289793723094,0,0,0,0,0,0,0,0
0.3666710812066291,2.165615189276726,0.713,1.4389192485142057,0.15969451904296875,-0.3251936340332031,0.17556657208926732,2.0704577120962364,0.704,1.398148357187618,-0.1911045091173618,-0.09515747718048972,-0.009000000000000008,-0.04077089132658762,-0.22907286417758377,-0.09254843613255162,-0.042200000000000036,-0.039461894387591956,0,0,0,0,0,0,0,0
0.38352241658565195,2.1624564152119508,0.715,1.4366503204866132,-0.01373215389251709,-0.25680563354492186,0.17556657208926732,2.0704577120962364,0.704,1.398148357187618,-0.20795584449638463,-0.09199870311571434,-0.01100000000000001,-0.038501963298995134,-0.1991064284200954,-0.02816756248251227,-0.02009032258064518,-0.027523279294515358,0,0,0,0,0,0,0,0
0.3939851293284474,2.1513523390853897,0.719,1.4330200356424652,-0.14407485961914063,-0.17780728149414063,0.17556657208926732,2.0704577120962364,0.704,1.398148357187618,-0.2184185572391801,-0.08089462698915328,-0.015000000000000013,-0.034871678454847066,-0.16152284233356742,0.01507306713822864,-0.03200000000000003,-0.019313314837069634,0,0,0,0,0,0,0,0
0.39721297401370714,2.130946137065996,0.73,1.429546830430996,-0.296542724609375,-0.0899979248046875,0.17556657208926732,2.0704577120962364,0.704,1.398148357187618,-0.22164640192443982,-0.0604884249697597,-0.026000000000000023,-0.031398473243377856,-0.12743710743046846,0.07478770967376357,-0.07741764705882359,-0.01607550907513134,0,0,0,0,0,0,0,0
0.3934328021311233,2.1043811557261396,0.733,1.4270161030156046,-0.40248886108398435,0.00004048824310302734,0.17556657208926732,2.0704577120962364,0.704,1.398148357187618,-0.21786623004185598,-0.03392344362990318,-0.029000000000000026,-0.028867745827986457,-0.08793216011768445,0.13062150785091795,-0.0398666666666667,-0.016816662897551227,0,0,0,0,0,0,0,0
0.38471971243037784,2.0726980483617727,0.725,1.425881639001808,-0.48906961059570314,0.061251869201660154,0.17556657208926732,2.0704577120962364,0.704,1.398148357187618,-0.20915314034111052,-0.0022403362655363246,-0.02100000000000002,-0.02773328181418999,-0.05972978494613006,0.16195464918382593,0.024376470588235312,-0.022728293518029116,0,0,0,0,0,0,0,0
0.37223397504922806,2.036389155663397,0.723,1.4254976665663694,-0.5659702758789062,0.10667354583740235,0.17556657208926732,2.0704577120962364,0.704,1.398148357187618,-0.19666740295996074,0.03406855643283935,-0.019000000000000017,-0.027349309378751352,-0.031102807889173897,0.2125437004384425,-0.004430769230769236,-0.02557712890749609,0,0,0,0,0,0,0,0
0.35743238858012594,1.99861907522456,0.719,1.4244679223076926,-0.5927276611328125,0.13765447998046876,0.17556657208926732,2.0704577120962364,0.704,1.398148357187618,-0.18186581649085862,0.07183863687167635,-0.015000000000000013,-0.026319565120074495,0.008693154527373445,0.2901410136972411,0.014923076923076938,-0.020378732858477244,0,0,0,0,0,0,0,0
0.3418613082954047,1.9616839057645856,0.71,1.424991521083291,-0.5821622314453125,0.15028913879394531,0.17556657208926732,2.0704577120962364,0.704,1.398148357187618,-0.16629473620613736,0.10877380633165079,-0.006000000000000005,-0.026843163895672983,-0.012369730445244767,0.22227403707480012,0.03610909090909094,-0.02888315912527748,0,0,0,0,0,0,0,0
0.32545839629139484,1.925909995801743,0.706,1.4251136941309306,-0.5666622314453125,0.16546978759765624,0.17556657208926732,2.0704577120962364,0.704,1.398148357187618,-0.14989182420212752,0.14454771629449348,-0.0020000000000000018,-0.02696533694331249,0.02943625519718067,0.2999260124562456,0.023854545454545475,-0.027631735384982526,0,0,0,0,0,0,0,0
0.30785191972125103,1.8928292902567885,0.701,1.4263354246073265,-0.5292926635742188,0.1892657470703125,0.17556657208926732,2.0704577120962364,0.704,1.398148357187618,-0.1322853476319837,0.17762842183944794,0.0030000000000000027,-0.028187067419708445,0.025831457520580248,0.26162386675157556,0.02851940298507465,-0.03365750238864555,0,0,0,0,0,0,0,0
0.2893806085074053,1.8637132187787797,0.696,1.4275222484986825,-0.4720784912109375,0.21131082153320313,0.17556657208926732,2.0704577120962364,0.704,1.398148357187618,-0.113814036418138,0.2067444933174567,0.008000000000000007,-0.029373891311064382,0.036788038672757054,0.2510624643008018,0.031762318840579735,-0.034533995186524974,0,0,0,0,0,0,0,0
0.26993717137878326,1.840044414894838,0.696,1.4279062209341216,-0.39303762817382815,0.23797019958496093,0.17556657208926732,2.0704577120962364,0.704,1.398148357187618,-0.09437059928951594,0.23041329720139836,0.008000000000000007,-0.029757863746503466,0.0608337955142535,0.24670000351148616,0.006400000000000006,-0.03158630391526101,0,0,0,0,0,0,0,0
0.24808928276047726,1.8229980582818128,0.697,1.4293199376282368,-0.2997579650878906,0.28796627807617187,0.17556657208926732,2.0704577120962364,0.704,1.398148357187618,-0.07252271067120994,0.24745965381442359,0.007000000000000006,-0.03117158044061874,0.07456126809058487,0.21019685320516585,0.0005275362318840592,-0.03731817476285906,0,0,0,0,0,0,0,0
0.22494795797348652,1.8133202404833972,0.698,1.43144923931567,-0.19266249084472656,0.32318246459960936,0.17556657208926732,2.0704577120962364,0.704,1.398148357187618,-0.0493813858842192,0.2571374716128392,0.006000000000000005,-0.03330088212805182,0.09991644052630208,0.18068006241327275,-0.000584615384615384,-0.04312842837774297,0,0,0,0,0,0,0,0
0.20075570656405417,1.811873583066348,0.703,1.4325662500369463,-0.07189282989501954,0.35635226440429685,0.17556657208926732,2.0704577120962364,0.704,1.398148357187618,-0.02518913447478685,0.2585841290298885,0.0010000000000000009,-0.03441789284932817,0.14135612354990335,0.13849806625980343,-0.031018181818181847,-0.0405106786017446,0,0,0,0,0,0,0,0
0.17660630274533745,1.8177773432858395,0.706,1.4328280494247454,0.03779840087890625,0.37098800659179687,0.17556657208926732,2.0704577120962364,0.704,1.398148357187618,-0.0010397306560701314,0.2526803688103969,-0.0020000000000000018,-0.0346796922371273,0.13154718680557198,0.09405399570485393,-0.018006250000000015,-0.03590687686743574,0,0,0,0,0,0,0,0
0.15358631741476653,1.8284080700087872,0.71,1.4312921596829906,0.1104561996459961,0.3639493713378906,0.17556657208926732,2.0704577120962364,0.704,1.398148357187618,0.021980254674500793,0.24204964208744917,-0.006000000000000005,-0.03314380249537252,0.12775816886913188,0.06710084491283028,-0.02508985507246379,-0.026466021009482168,0,0,0,0,0,0,0,0
0.1316117495748158,1.8427342926124204,0.718,1.428709072390039,0.16697151184082032,0.35629766845703126,0.17556657208926732,2.0704577120962364,0.704,1.398148357187618,0.043954822514451514,0.22772341948381603,-0.014000000000000012,-0.030560715202420985,0.14405834370139642,0.03427158416616834,-0.05564444444444449,-0.018260299521699386,0,0,0,0,0,0,0,0
0.11049840608671893,1.8618321422743296,0.723,1.4266670371652057,0.23873309326171874,0.3540752258300781,0.17556657208926732,2.0704577120962364,0.704,1.398148357187618,0.06506816600254839,0.20862556982190683,-0.019000000000000017,-0.028518679977587613,0.13963075286843224,0.0074396344519937485,-0.040562318840579745,-0.019640265956572957,0,0,0,0,0,0,0,0
0.08412729601238966,1.8880792203204577,0.727,1.4235778043891756,0.33280841064453126,0.44801348876953123,0.17556657208926732,2.0704577120962364,0.704,1.398148357187618,0.09143927607687766,0.1823784917757787,-0.02300000000000002,-0.025429447201557487,0.17948613841547134,-0.04194810652000697,-0.0386898550724638,-0.011998000349252592,0,0,0,0,0,0,0,0
0.056088269421540604,1.9183863022683585,0.731,1.421675395504502,0.3879941711425781,0.48272085571289064,0.17556657208926732,2.0704577120962364,0.704,1.398148357187618,0.11947830266772672,0.15207140982787792,-0.027000000000000024,-0.023527038316883964,0.21802397886284997,-0.09505266092098474,-0.04418064516129036,-0.014321834036205626,0,0,0,0,0,0,0,0
0.03024871554116731,1.951747025014726,0.733,1.4207154644159048,0.43727301025390625,0.4576372985839844,0.17556657208926732,2.0704577120962364,0.704,1.398148357187618,0.1453178565481,0.11871068708151045,-0.029000000000000026,-0.022567107228286698,0.2018566976759164,-0.10744827019108213,-0.03320000000000003,-0.018453116848584132,0,0,0,0,0,0,0,0
0.007265603781815035,1.9865934311542794,0.736,1.4206456512458252,0.46527459716796876,0.4190238952636719,0.17556657208926732,2.0704577120962364,0.704,1.398148357187618,0.16830096830745228,0.08386428094195697,-0.03200000000000003,-0.022497294058207107,0.20790570131946914,-0.14570235412661714,-0.04175384615384619,-0.022175079427070532,0,0,0,0,0,0,0,0
-0.012358720960275165,2.023198305883993,0.736,1.421047076973784,0.498862060546875,0.37318710327148436,0.17556657208926732,2.0704577120962364,0.704,1.398148357187618,0.18792529304954247,0.04725940621224334,-0.03200000000000003,-0.022898719786165866,0.19803103530858285,-0.1704870568241779,-0.025600000000000026,-0.02472338218597841,0,0,0,0,0,0,0,0
-0.029414436549192343,2.061856573780746,0.739,1.421657942211982,0.5352161865234375,0.33948406982421875,0.17556657208926732,2.0704577120962364,0.704,1.398148357187618,0.20498100863845967,0.008601138315490253,-0.03500000000000003,-0.023509585024363844,0.21512258839698487,-0.25098987921703936,-0.04781132075471702,-0.02696731278774862,0,0,0,0,0,0,0,0
-0.043982083667965584,2.1007488533702583,0.743,1.4208376374635443,0.5444400634765625,0.3027718811035156,0.17556657208926732,2.0704577120962364,0.704,1.398148357187618,0.2195486557572329,-0.030291141274021882,-0.039000000000000035,-0.022689280275926205,0.19201104548459436,-0.23469876186812783,-0.05378064516129037,-0.01872006375122795,0,0,0,0,0,0,0,0
-0.05620322432421701,2.140537093759021,0.759,1.4175040585922352,0.562738525390625,0.2704236145019531,0.17556657208926732,2.0704577120962364,0.704,1.398148357187618,0.23176979641348433,-0.07007938166278471,-0.05500000000000005,-0.019355701404617065,0.17787619139062624,-0.23686409860047913,-0.12515942028985516,-0.004861880225012112,0,0,0,0,0,0,0,0
-0.06516898409266375,2.17843204098794,0.765,1.4133501749724888,0.5412236328125,0.21970355224609375,0.17556657208926732,2.0704577120962364,0.704,1.398148357187618,0.24073555618193107,-0.10797432889170366,-0.061000000000000054,-0.01520181778487073,0.16584626967004318,-0.2462079112592088,-0.07923478260869572,0.002858545779243764,0,0,0,0,0,0,0,0
-0.06842071723819439,2.2126680088336292,0.773,1.4097722500059002,0.49953961181640627,0.12869386291503906,0.17556657208926732,2.0704577120962364,0.704,1.398148357187618,0.24398728932746172,-0.14221029673739283,-0.06900000000000006,-0.011623892818282133,0.14035020274333937,-0.2643727087879094,-0.10036129032258073,0.0056886473426304325,0,0,0,0,0,0,0,0
-0.0686565273974869,2.2397464535141887,0.773,1.4073986022231884,0.4003551025390625,0.06861334228515625,0.17556657208926732,2.0704577120962364,0.704,1.398148357187618,0.24422309948675422,-0.16928874141795225,-0.06900000000000006,-0.00925024503557026,0.12322686806435515,-0.2127180955494599,-0.055200000000000055,0.00037265138082922915,0,0,0,0,0,0,0,0
-0.06579370289771072,2.260503547726683,0.775,1.405251847243235,0.3141947326660156,0.008278461456298828,0.17556657208926732,2.0704577120962364,0.704,1.398148357187618,0.24136027498697804,-0.19004583563044664,-0.07100000000000006,-0.0071034900556168346,0.10502406601033805,-0.20853827678980197,-0.06773750000000006,0.0029594239129148436,0,0,0,0,0,0,0,0
-0.060294648019978456,2.2745772647083724,0.775,1.4059674322365527,0.22181246948242186,-0.04657015228271484,0.17556657208926732,2.0704577120962364,0.704,1.398148357187618,0.23586122010924576,-0.204119552612136,-0.07100000000000006,-0.007819075048934643,0.08738030517833245,-0.18024709287100885,-0.05680000000000005,-0.011226622636162302,0,0,0,0,0,0,0,0
-0.05213505631525178,2.2790988708373843,0.775,1.407834934536187,0.08698765563964844,-0.10960618591308594,0.17556657208926732,2.0704577120962364,0.704,1.398148357187618,0.2277016284045191,-0.20864115874114786,-0.07100000000000006,-0.009686577348568814,0.059966718038970294,-0.13418024248669003,-0.05680000000000005,-0.020257345082347146,0,0,0,0,0,0,0,0
-0.042031357422325,2.2764996401136433,0.776,1.4106972745094573,-0.013883384704589843,-0.15587307739257814,0.17556657208926732,2.0704577120962364,0.704,1.398148357187618,0.21759792951159232,-0.20604192801740684,-0.07200000000000006,-0.01254891732183916,0.05679463221867302,-0.08964257057768346,-0.06274705882352948,-0.0251768877921495,0,0,0,0,0,0,0,0
-0.030974550616964046,2.2689399239290426,0.777,1.4103482086590584,-0.085506103515625,-0.18180819702148437,0.17556657208926732,2.0704577120962364,0.704,1.398148357187618,0.20654112270623137,-0.19848221183280623,-0.07300000000000006,-0.012199851471440315,0.041843856878888204,-0.057242682668621966,-0.06395555555555561,-0.010537633136207723,0,0,0,0,0,0,0,0
-0.016766114446630787,2.256445814821579,0.773,1.4111336068224563,-0.15095526123046876,-0.24033009338378905,0.17556657208926732,2.0704577120962364,0.704,1.398148357187618,0.1923326865358981,-0.1859881027253425,-0.06900000000000006,-0.012985249634838159,0.024094565592345532,-0.029618135600174053,-0.034910144927536274,-0.01640002425830704,0,0,0,0,0,0,0,0
-0.0022640136204834724,2.2386997791817893,0.768,1.4117270187681341,-0.22822055053710938,-0.2570850830078125,0.17556657208926732,2.0704577120962364,0.704,1.398148357187618,0.1778305857097508,-0.1682420670855529,-0.06400000000000006,-0.013578661580516016,0.01427212683794074,0.007218855779670033,-0.025464705882352973,-0.016196655458506563,0,0,0,0,0,0,0,0
0.013011650084696869,2.2156310517515925,0.822,1.4119364582783733,-0.3053674926757812,-0.28105322265625,0.17556657208926732,2.0704577120962364,0.704,1.398148357187618,0.16255492200457045,-0.14517333965535606,-0.118,-0.013788101090755234,-0.003587337359827844,0.05557292700674882,-0.3943999999999996,-0.014785432091894365,0,0,0,0,0,0,0,0
0.028323117203178257,2.190164151830314,0.784,1.4111510601149764,-0.3408610229492188,-0.28721014404296874,0.17556657208926732,2.0704577120962364,0.704,1.398148357187618,0.14724345488608906,-0.11970643973407746,-0.08000000000000007,-0.013002702927358278,-0.004045134752150903,0.06932670726988166,0.1287536231884053,-0.009587928303893255,0,0,0,0,0,0,0,0
0.04351157882822799,2.1631336391201414,0.754,1.410243488903939,-0.3640845947265625,-0.2893846130371094,0.17556657208926732,2.0704577120962364,0.704,1.398148357187618,0.13205499326103934,-0.09267592702390504,-0.050000000000000044,-0.012095131716320928,-0.012148408792530346,0.09278967543746436,0.11441176470588243,-0.008091141079391443,0,0,0,0,0,0,0,0
0.057283841878505895,2.1308750911778334,0.718,1.4115524858429347,-0.4446297607421875,-0.2812817687988281,0.17556657208926732,2.0704577120962364,0.704,1.398148357187618,0.11828273021076142,-0.060417379081596945,-0.014000000000000012,-0.013404128655316594,0.02262400095691655,0.05532533909410933,0.0842545454545455,-0.016379121698488562,0,0,0,0,0,0,0,0
0.07160292843678348,2.0955298746177626,0.708,1.413926133625647,-0.4894111328125,-0.29613995361328127,0.17556657208926732,2.0704577120962364,0.704,1.398148357187618,0.10396364365248384,-0.02507216252152622,-0.0040000000000000036,-0.015777776438028912,-0.02632568278933861,0.18075807180212367,0.05148750000000004,-0.026904250419492903,0,0,0,0,0,0,0,0
0.0865305569778641,2.059094856697254,0.7,1.4169630065241172,-0.5048329162597657,-0.30654733276367185,0.17556657208926732,2.0704577120962364,0.704,1.398148357187618,0.08903601511140322,0.011362855398982408,0.0040000000000000036,-0.018814649336499123,-0.05792650203994973,0.25572566833043275,0.05810196078431377,-0.03667860756279448,1489607842296,0,0,0,0,0,0,0
0.10271769053739811,2.020918521869901,0.696,1.4218673817222212,-0.528677978515625,-0.32768453979492185,0.17556657208926732,2.0704577120962364,0.704,1.398148357187618,0.07284888155186921,0.04953919022633535,0.008000000000000007,-0.02371902453460306,-0.043371288038669666,0.21296279496631598,0.026118309859154955,-0.04444173663926759,1489607842296,0,0,0,0,0,0,0
0.12165685197598003,1.9823972260555747,0.694,1.42837745983216,-0.5292706909179687,-0.36667901611328124,0.17556657208926732,2.0704577120962364,0.704,1.398148357187618,0.05390972011328729,0.08806048604066175,0.010000000000000009,-0.030229102644541817,-0.0799597609676091,0.2614891710044315,0.019290322580645176,-0.06172948059585837,1489607842296,0,0,0,0,0,0,0
0.14299597057632485,1.943098521965001,0.693,1.4346082852617799,-0.5380799560546875,-0.4005157165527344,0.17556657208926732,2.0704577120962364,0.704,1.398148357187618,0.03257060151294247,0.12735919013123542,0.01100000000000001,-0.03645992807416176,-0.09354839792177413,0.26595233670827634,0.013947058823529423,-0.06394886379307328,0,0,0,0,0,0,0,0
0.1681896039258024,1.9055222792569533,0.693,1.441257989711878,-0.5071175842285156,-0.4509298400878906,0.17556657208926732,2.0704577120962364,0.704,1.398148357187618,0.00737696816346492,0.16493543283928314,0.01100000000000001,-0.04310963252425992,-0.12598462874646077,0.27587484800518125,0.008800000000000007,-0.0724465639217518,0,0,0,0,0,0,0,0
0.19456063592202316,1.8727866788233871,0.693,1.4459703786922629,-0.43582223510742185,-0.4556812744140625,0.17556657208926732,2.0704577120962364,0.704,1.398148357187618,-0.018994063832755842,0.1976710332728493,0.01100000000000001,-0.04782202150464476,-0.15600276522871548,0.28069996348956994,0.008800000000000007,-0.07026196903028686,0,0,0,0,0,0,0,0
0.2209338418112538,1.8471786083960067,0.694,1.4484661995226147,-0.33187957763671877,-0.44034393310546877,0.17556657208926732,2.0704577120962364,0.704,1.398148357187618,-0.045367269721986486,0.22327910370022974,0.010000000000000009,-0.05031784233499659,-0.15646076618317767,0.2415355612643635,0.002927536231884061,-0.061169237249569734,0,0,0,0,0,0,0,0
0.2451685552568077,1.829127062729169,0.691,1.4492515976860123,-0.2243909912109375,-0.3938452758789063,0.17556657208926732,2.0704577120962364,0.704,1.398148357187618,-0.06960198316754038,0.2413306493670675,0.013000000000000012,-0.05110324049839421,-0.19484155207327702,0.23987364512491516,0.030211320754717007,-0.05554889047989018,0,0,0,0,0,0,0,0
0.26761536506360706,1.819349292090576,0.685,1.4496879299990109,-0.10476084899902344,-0.35200082397460936,0.17556657208926732,2.0704577120962364,0.704,1.398148357187618,-0.09204879297433974,0.25110842000566036,0.018999999999999906,-0.051539572811392764,-0.17072889541383296,0.17987515799501275,0.048533333333332665,-0.0536173457304335,0,0,0,0,0,0,0,0
0.28520771244935306,1.8182904876600283,0.689,1.4508398473053268,0.016114912033081054,-0.26387109375,0.17556657208926732,2.0704577120962364,0.704,1.398148357187618,-0.10964114036008574,0.2521672244362081,0.015000000000000013,-0.052691490117708684,-0.14405711489034864,0.13145435932957805,-0.008289855072463211,-0.057699826232125724,0,0,0,0,0,0,0,0
0.2986682768657185,1.8231205361863623,0.691,1.4539116267888368,0.09609226989746093,-0.19178741455078124,0.17556657208926732,2.0704577120962364,0.704,1.398148357187618,-0.12310170477645119,0.24733717590987414,0.013000000000000012,-0.05576326960121869,-0.12982907768863006,0.0991683418068663,0.00025507246376811794,-0.06911883257300133,0,0,0,0,0,0,0,0
0.30786449356208917,1.8345903324442976,0.702,1.4559536620136704,0.1869597930908203,-0.1169381332397461,0.17556657208926732,2.0704577120962364,0.704,1.398148357187618,-0.13229792147282185,0.23586737965193882,0.0020000000000000018,-0.057805304826052284,-0.11806308724818079,0.05318483998278618,-0.06049677419354843,-0.0676861204300858,0,0,0,0,0,0,0,0
0.3137123201483062,1.853241443986,0.74,1.458222590041263,0.28797537231445314,-0.05508101654052734,0.17556657208926732,2.0704577120962364,0.704,1.398148357187618,-0.13814574805903887,0.2172162681102363,-0.03600000000000003,-0.06007423285364499,-0.0987357625103304,0.014001046524743085,-0.22155362318840596,-0.06993913732143939,0,0,0,0,0,0,0,0
0.316984053377604,1.8766787214745888,0.756,1.4610674767220138,0.35484689331054686,-0.009272569656372071,0.17556657208926732,2.0704577120962364,0.704,1.398148357187618,-0.14141748128833667,0.1937789906216476,-0.052000000000000046,-0.06291911953439566,-0.0873044889087224,-0.021995245573321776,-0.12275942028985518,-0.07528819205939857,0,0,0,0,0,0,0,0
0.31871658458888347,1.9029018374775035,0.771,1.4631444185318871,0.3938269958496094,0.01724325180053711,0.17556657208926732,2.0704577120962364,0.704,1.398148357187618,-0.14315001249961615,0.1675558746187329,-0.06700000000000006,-0.06499606134426905,-0.08120017964580516,-0.061906040484604186,-0.13693333333333346,-0.07488626043890424,0,0,0,0,0,0,0,0
0.3195552655314788,1.9329316730500112,0.781,1.464051989742924,0.4491916198730469,0.035890541076660155,0.17556657208926732,2.0704577120962364,0.704,1.398148357187618,-0.14398869344221146,0.13752603904622518,-0.07700000000000007,-0.06590363255530596,-0.07631108686681691,-0.08580231062950061,-0.11307058823529421,-0.06990762319223348,0,0,0,0,0,0,0,0
0.31848620491601604,1.965730314001989,0.787,1.463825096940165,0.48747088623046875,0.06836100006103515,0.17556657208926732,2.0704577120962364,0.704,1.398148357187618,-0.14291963282674872,0.10472739809424736,-0.08300000000000007,-0.06567673975254684,-0.06570333617626727,-0.12424436761737226,-0.09870769230769239,-0.06462954220135092,0,0,0,0,0,0,0,0
0.3160625078914136,2.000681688896814,0.791,1.4632491382870068,0.517392333984375,0.09212262725830078,0.17556657208926732,2.0704577120962364,0.704,1.398148357187618,-0.14049593580214628,0.06977602319942244,-0.08700000000000008,-0.06510078109938866,-0.053282088728856106,-0.20977161266406316,-0.09760000000000009,-0.06164502918043957,0,0,0,0,0,0,0,0
0.31226593020510274,2.0385099193281935,0.79,1.4624986467086492,0.5580322265625,0.11752686309814453,0.17556657208926732,2.0704577120962364,0.704,1.398148357187618,-0.13669935811583542,0.03194779276804294,-0.08600000000000008,-0.06435028952103106,-0.049366790626363385,-0.173167255772876,-0.06380000000000006,-0.06113389704235561,0,0,0,0,0,0,0,0
0.30820229801249166,2.078270284225234,0.786,1.4610849300145337,0.5863231201171875,0.12506053161621095,0.17556657208926732,2.0704577120962364,0.704,1.398148357187618,-0.13263572592322434,-0.007812572128997441,-0.08200000000000007,-0.06293657282691556,-0.043378003809775446,-0.22835995887037183,-0.04301935483870972,-0.05609600817796961,0,0,0,0,0,0,0,0
0.30290423290457175,2.1185010438814897,0.783,1.4600202791708174,0.5911318359375,0.14506703186035155,0.17556657208926732,2.0704577120962364,0.704,1.398148357187618,-0.12733766081530443,-0.04804333178525333,-0.07900000000000007,-0.06187192198319935,-0.036794587106609176,-0.22809073661276522,-0.047982608695652226,-0.05724300527138975,0,0,0,0,0,0,0,0
0.2967246584897676,2.155784180599709,0.779,1.458222590041263,0.5455719604492187,0.15395001220703125,0.17556657208926732,2.0704577120962364,0.704,1.398148357187618,-0.12115808640050027,-0.0853264685034727,-0.07500000000000007,-0.06007423285364499,-0.028772410182875803,-0.2345617320661007,-0.03941176470588239,-0.05214325139972871,0,0,0,0,0,0,0,0
0.2901467682748316,2.188870564083442,0.779,1.4561980081089496,0.4820703125,0.15379574584960937,0.17556657208926732,2.0704577120962364,0.704,1.398148357187618,-0.11458019618556428,-0.11841285198720541,-0.07500000000000007,-0.05804965092133152,-0.02074626356535999,-0.24301966756989557,-0.06000000000000005,-0.048408784576981646,0,0,0,0,0,0,0,0
0.2827947078728786,2.2169257781358036,0.78,1.4546970249522344,0.4054575500488281,0.15767826843261717,0.17556657208926732,2.0704577120962364,0.704,1.398148357187618,-0.10722813578361126,-0.1464680660395672,-0.07600000000000007,-0.05654866776461631,-0.01632100788189901,-0.21554308980712591,-0.06587246376811601,-0.050022654039767585,0,0,0,0,0,0,0,0
0.27468960464610703,2.23884036226404,0.773,1.452148844244323,0.31242257690429687,0.15883644104003905,0.17556657208926732,2.0704577120962364,0.704,1.398148357187618,-0.09912303255683971,-0.1683826501678034,-0.06900000000000006,-0.05400048705670479,-0.008448673823781574,-0.1953522590677086,-0.01969275362318844,-0.04292144050056776,0,0,0,0,0,0,0,0
0.2651312908539696,2.2539312550973722,0.765,1.4497577431690907,0.20780081176757811,0.1691612091064453,0.17556657208926732,2.0704577120962364,0.704,1.398148357187618,-0.08956471876470226,-0.18347354300113583,-0.061000000000000054,-0.05160938598147258,0.009175863637779641,-0.17692729555970257,-0.0036387096774193675,-0.04003954206905863,0,0,0,0,0,0,0,0
0.2536667057148809,2.2616942502114297,0.757,1.4476109881891375,0.09482891845703124,0.18477055358886718,0.17556657208926732,2.0704577120962364,0.704,1.398148357187618,-0.0781001336256136,-0.19123653811519326,-0.05300000000000005,-0.049462631001519375,0.036659457690608854,-0.14688333113156074,0.010430188679245285,-0.0373111877187654,0,0,0,0,0,0,0,0
0.2405611618169756,2.2629421756890653,0.75,1.4460227385698226,-0.00557792854309082,0.19739356994628907,0.17556657208926732,2.0704577120962364,0.704,1.398148357187618,-0.06499458972770827,-0.1924844635928289,-0.04600000000000004,-0.047874381382204456,0.03398010171972361,-0.10257228856702999,-0.0012927536231884182,-0.04096894825474829,0,0,0,0,0,0,0,0
0.22594290076188583,2.258349857644387,0.742,1.442549533358354,-0.09563790893554687,0.20899653625488282,0.17556657208926732,2.0704577120962364,0.704,1.398148357187618,-0.050376328672618514,-0.1878921455481506,-0.038000000000000034,-0.04440117617073591,0.05733427710371358,-0.06802169671540748,0.01476129032258065,-0.02759534450233973,0,0,0,0,0,0,0,0
0.21054231484946698,2.2492195659659284,0.732,1.4405598580110803,-0.16537464904785157,0.21159580993652344,0.17556657208926732,2.0704577120962364,0.704,1.398148357187618,-0.03497574276019966,-0.178761853869692,-0.028000000000000025,-0.042411500823462234,0.06063104266840161,-0.04306785320353437,0.028324637681159438,-0.03376073844401146,0,0,0,0,0,0,0,0
0.19408919862653842,2.2339523768875327,0.723,1.438256023398448,-0.25911956787109375,0.2149657440185547,0.17556657208926732,2.0704577120962364,0.704,1.398148357187618,-0.018522626537271103,-0.16349466479129626,-0.019000000000000017,-0.04010766621082995,0.07419652264477015,-0.0043050689545102855,0.0304521739130435,-0.03009099398199394,0,0,0,0,0,0,0,0
0.17625851762700662,2.215016693399117,0.714,1.4361790815885747,-0.3168896484375,0.22757843017578125,0.17556657208926732,2.0704577120962364,0.704,1.398148357187618,-0.0006919455377392969,-0.1445589813028807,-0.010000000000000009,-0.03803072440095656,0.10031109738977763,0.034615496783163655,0.04280645161290326,-0.027981005966085326,0,0,0,0,0,0,0,0
0.15818980390050827,2.1933433148322896,0.703,1.4341894062413012,-0.35853472900390626,0.224946533203125,0.17556657208926732,2.0704577120962364,0.704,1.398148357187618,0.01737676818875905,-0.1228856027360532,0.0010000000000000009,-0.036041049053683105,0.10168911651017984,0.05011135302005608,0.057417647058823566,-0.027263069580417857,0,0,0,0,0,0,0,0
0.13955211211490948,2.1697586818315693,0.695,1.4309954537101515,-0.3885455932617187,0.22878369140625,0.17556657208926732,2.0704577120962364,0.704,1.398148357187618,0.03601445997435784,-0.09930096973533287,0.009000000000000008,-0.03284709652253337,0.1153683064791129,0.0735528218525144,0.04899104477611944,-0.018545816532310678,1489607844448,0,0,0,0,0,0,0
0.1199553958198904,2.1425083255285045,0.729,1.4290232316553977,-0.445728271484375,0.23412449645996095,0.17556657208926732,2.0704577120962364,0.704,1.398148357187618,0.05561117626937692,-0.07205061343226804,-0.025000000000000022,-0.03087487446777959,0.13172756848706235,0.10848415852739157,-0.20030303030303045,-0.021910228764353314,1489607844448,0,0,0,0,0,0,0
0.09916973724862996,2.1125262085288226,0.699,1.4265099575325262,-0.48927438354492186,0.24511026000976563,0.17556657208926732,2.0704577120962364,0.704,1.398148357187618,0.07639683484063736,-0.042068496432586144,0.0050000000000000044,-0.02836160034490809,0.1754622004380763,0.17696086404575717,0.20211320754717,-0.01413552040412601,1489607844448,0,0,0,0,0,0,0
0.07724044877795622,2.0806383450396746,0.681,1.423438178049016,-0.5206445922851562,0.25674569702148436,0.17556657208926732,2.0704577120962364,0.704,1.398148357187618,0.0983261233113111,-0.010180632943438184,0.02299999999999991,-0.02528982086139786,0.1475637150497044,0.13799625046676534,0.09916923076923027,-0.01347528438635852,1489607844448,0,0,0,0,0,0,0
0.056693825907661,2.0474897659894236,0.667,1.4212739697765429,-0.5370914306640625,0.2318533935546875,0.17556657208926732,2.0704577120962364,0.704,1.398148357187618,0.11887274618160631,0.022967946106812853,0.03699999999999992,-0.02312561258892476,0.1951216184606772,0.23038968376261137,0.12205283018867927,-0.01087537708436004,0,0,0,0,0,0,0,0
0.036999174621200594,2.0140075777058444,0.663,1.420436211735586,-0.5406365356445313,0.21730804443359375,0.17556657208926732,2.0704577120962364,0.704,1.398148357187618,0.13856739746806673,0.05645013439039204,0.040999999999999925,-0.02228785454796789,0.17065322741434433,0.2005598598312653,0.053388235294117604,-0.018591863190805226,0,0,0,0,0,0,0,0
0.018779316587556313,1.9823897903167986,0.663,1.4205234781981857,-0.5098541870117187,0.19917189025878906,0.17556657208926732,2.0704577120962364,0.704,1.398148357187618,0.15678725550171102,0.08806792177943779,0.040999999999999925,-0.0223751210105676,0.17961506127110155,0.21968833527330636,0.03279999999999994,-0.022790675594375746,0,0,0,0,0,0,0,0
0.003009291122460154,1.9538481823978453,0.664,1.4221989942801003,-0.4587127380371094,0.16979095458984375,0.17556657208926732,2.0704577120962364,0.704,1.398148357187618,0.17255728096680717,0.11660952969839111,0.039999999999999925,-0.02405063709248223,0.16627152327736955,0.20308103690185733,0.026927536231883993,-0.031335489622545835,0,0,0,0,0,0,0,0
-0.011266379434831306,1.9298786242329216,0.672,1.4233160050013764,-0.38728402709960935,0.15854444885253907,0.17556657208926732,2.0704577120962364,0.704,1.398148357187618,0.18683295152409862,0.14057908786331486,0.03199999999999992,-0.025167647813758354,0.16582929742946972,0.19187425926098073,-0.014979710144927633,-0.030024216167132804,0,0,0,0,0,0,0,0
-0.023978738151797227,1.9118656440094584,0.674,1.4245377354777724,-0.2952821044921875,0.14891128540039061,0.17556657208926732,2.0704577120962364,0.704,1.398148357187618,0.19954531024106453,0.15859206808677806,0.029999999999999916,-0.02638937829015431,0.17153597045824304,0.1809822127242297,0.012709677419354765,-0.03230097736948957,0,0,0,0,0,0,0,0
-0.034690052472478625,1.8984415774582335,0.676,1.425061334253371,-0.22262675476074217,0.1296083984375,0.17556657208926732,2.0704577120962364,0.704,1.398148357187618,0.21025662456174593,0.17201613463800292,0.027999999999999914,-0.026912977065752797,0.15946106608143076,0.15410115852086664,0.012255072463768042,-0.029189493481398397,0,0,0,0,0,0,0,0
-0.042873987601763267,1.8905220207812277,0.679,1.4263005180222867,-0.13536109924316406,0.10420658111572266,0.17556657208926732,2.0704577120962364,0.704,1.398148357187618,0.2184405596910306,0.17993569131500875,0.02499999999999991,-0.02815216083466865,0.1632651344728669,0.14226680484527876,0.00018867924528293348,-0.035166408583248945,0,0,0,0,0,0,0,0
-0.047783352917460414,1.8884308692359029,0.68,1.4282552867845204,-0.041644134521484376,0.06835636138916015,0.17556657208926732,2.0704577120962364,0.704,1.398148357187618,0.22334992500672773,0.18202684286033355,0.02399999999999991,-0.03010692959690231,0.13938912154358962,0.10281830918603257,0.013554838709677344,-0.03956548812383938,0,0,0,0,0,0,0,0
-0.04976360103827456,1.8898354141502158,0.687,1.4326011566219863,0.016634828567504884,0.03239539337158203,0.17556657208926732,2.0704577120962364,0.704,1.398148357187618,0.2253301731275419,0.18062229794602058,0.016999999999999904,-0.034452799434368186,0.12270982340848043,0.08318664578446626,-0.02190724637681169,-0.05334788568421982,0,0,0,0,0,0,0,0
-0.048512986216821964,1.89397824190715,0.698,1.4368423067043323,0.0641341552734375,-0.010019903182983398,0.17556657208926732,2.0704577120962364,0.704,1.398148357187618,0.22407955830608928,0.17647947018908638,0.006000000000000005,-0.03869394951671423,0.10612470905157959,0.068645279487422,-0.047227027027026545,-0.05588780120190091,0,0,0,0,0,0,0,0
-0.04437571522562603,1.9008660147450607,0.704,1.4426891596985134,0.11067926025390624,-0.04770479202270508,0.17556657208926732,2.0704577120962364,0.704,1.398148357187618,0.21994228731489335,0.16959169735117574,0,-0.044540802510895317,0.08411319996247212,0.04174726843864635,-0.037500000000000026,-0.07586322926543684,0,0,0,0,0,0,0,0
-0.03663148342526539,1.9100863951041132,0.718,1.4481694935497758,0.1520130615234375,-0.09754204559326173,0.17556657208926732,2.0704577120962364,0.704,1.398148357187618,0.21219805551453272,0.16037131699212326,-0.014000000000000012,-0.05002113636215766,0.06792323719210833,0.03473307926129587,-0.08021408450704233,-0.07317747657875912,0,0,0,0,0,0,0,0
-0.02616038784062505,1.9212239986002129,0.723,1.45302150887032,0.1850218505859375,-0.13545175170898438,0.17556657208926732,2.0704577120962364,0.704,1.398148357187618,0.20172695992989237,0.14923371349602355,-0.019000000000000017,-0.054873151682701904,0.04696813504400322,0.017290956400439726,-0.04093529411764709,-0.07627910162627945,0,0,0,0,0,0,0,0
-0.01197991256502811,1.9355489202025355,0.738,1.4567739667621078,0.23837896728515626,-0.1859853515625,0.17556657208926732,2.0704577120962364,0.704,1.398148357187618,0.18754648465429544,0.13490879189370086,-0.03400000000000003,-0.0586256095744897,0.014992824129386989,-0.01212850184383113,-0.11053333333333343,-0.07649445667824112,0,0,0,0,0,0,0,0
0.004295435426943238,1.9531983806205646,0.75,1.4601599055109766,0.290798828125,-0.212423828125,0.17556657208926732,2.0704577120962364,0.704,1.398148357187618,0.17127113666232407,0.1172593314756718,-0.04600000000000004,-0.062011548323358534,-0.021843144823365815,-0.05792337475858243,-0.11604528301886802,-0.08117723935469155,0,0,0,0,0,0,0,0
0.022074775729802452,1.9733342888736864,0.756,1.463790190355125,0.329637451171875,-0.23171122741699218,0.17556657208926732,2.0704577120962364,0.704,1.398148357187618,0.15349179635946486,0.09712342322254996,-0.052000000000000046,-0.06564183316750682,-0.0010387156452766333,-0.039532886996133054,-0.06785000000000006,-0.07925540133306291,0,0,0,0,0,0,0,0
0.040795696174587906,1.9956546954923755,0.766,1.4630746053618073,0.3628825988769531,-0.24344966125488282,0.17556657208926732,2.0704577120962364,0.704,1.398148357187618,0.1347708759146794,0.0748030166038609,-0.062000000000000055,-0.06492624817418924,-0.061091467055893856,-0.11577775280671995,-0.11822745098039227,-0.06071692468408579,0,0,0,0,0,0,0,0
0.059550139185047424,2.0194559125484193,0.77,1.4627080862188886,0.38519418334960936,-0.24130174255371092,0.17556657208926732,2.0704577120962364,0.704,1.398148357187618,0.1160164329042199,0.05100179954781714,-0.06600000000000006,-0.0645597290312705,-0.037123016209641146,-0.09522991137993661,-0.07308985507246384,-0.06296616754031945,0,0,0,0,0,0,0,0
0.07893775769708895,2.0464755398551135,0.764,1.4595141336877386,0.43430160522460937,-0.24539482116699218,0.17556657208926732,2.0704577120962364,0.704,1.398148357187618,0.09662881439217837,0.023982172241122868,-0.06000000000000005,-0.06136577650012054,-0.061131826339629124,-0.14053906803013202,-0.014129032258064535,-0.045911167478427196,1489607845929,0,0,0,0,0,0,0
0.09771877707099147,2.0757774578818236,0.76,1.454801744707354,0.4680953063964844,-0.23116191101074218,0.17556657208926732,2.0704577120962364,0.704,1.398148357187618,0.07784779501827585,-0.005319745785587138,-0.05600000000000005,-0.05665338751973592,-0.05634214279326613,-0.15129279041958343,-0.024510144927536257,-0.03616473977893324,1489607845929,0,0,0,0,0,0,0
0.1168982217226242,2.1047622847136727,0.75,1.4501417156045293,0.46514669799804687,-0.23544020080566405,0.17556657208926732,2.0704577120962364,0.704,1.398148357187618,0.05866835036664313,-0.034304572617436246,-0.04600000000000004,-0.05199335841691122,-0.06795286290467051,-0.1641767702383875,0.013924637681159424,-0.031732362317673374,1489607845929,0,0,0,0,0,0,0
0.13671189680281237,2.1309873215476753,0.747,1.4459878319847828,0.4262879638671875,-0.24769696044921874,0.17556657208926732,2.0704577120962364,0.704,1.398148357187618,0.03885467528645495,-0.060529609451438926,-0.04300000000000004,-0.04783947479716466,-0.09242405393847998,-0.17830936749831522,-0.01746451612903228,-0.02774003792742326,1489607845929,0,0,0,0,0,0,0
0.15791524259106593,2.153745267356807,0.742,1.4416070555622769,0.3783062438964844,-0.27308099365234373,0.17556657208926732,2.0704577120962364,0.704,1.398148357187618,0.01765132949820139,-0.08328755526057074,-0.038000000000000034,-0.043458698374658766,-0.09872753852464922,-0.15708263318385257,-0.005037681159420299,-0.024411844363763573,1489607845929,0,0,0,0,0,0,0
0.18106027256438406,2.1721355988344344,0.727,1.4371564659696914,0.31828286743164064,-0.30874386596679687,-0.09974518211463368,0.17041193542783506,0.742,1.4416070555622769,-0.28080545467901774,-2.001723663406599,0.015000000000000013,0.0044505895925854855,-0.14040272733950887,-1.0008618317032996,0.01200000000000001,0.0044505895925854855,0,0,0,0,0,0,0,0
0.20662178703124545,2.186326860866875,0.717,1.4354460433027372,0.26205905151367187,-0.3516407470703125,-0.09974518211463368,0.17041193542783506,0.742,1.4416070555622769,-0.30636696914587913,-2.0159149254390396,0.025000000000000022,0.006161012259539689,-0.2678825879498817,-1.0716362026086759,0.06487179487179492,0.012739560978594317,0,0,0,0,0,0,0,0
0.23286226832860998,2.1952773550442233,0.709,1.4332992883227842,0.186141845703125,-0.3718909912109375,-0.09974518211463368,0.17041193542783506,0.742,1.4416070555622769,-0.3326074504432437,-2.024865419616388,0.03300000000000003,0.00830776723949267,-0.3075986245151233,-1.0606276784554545,0.06947692307692313,0.018215867146967962,0,0,0,0,0,0,0,0
0.26032084589295107,2.198749888351859,0.694,1.4305591213971527,0.10805022430419922,-0.4008520202636719,-0.09974518211463368,0.17041193542783506,0.742,1.4416070555622769,-0.36006602800758475,-2.0283379529240237,0.04800000000000004,0.011047934165124174,-0.34863831483746555,-1.035491549403635,0.13050526315789485,0.025469865352658404,0,0,0,0,0,0,0,0
0.28753413831368907,2.198183189966933,0.684,1.4278538610565616,0.048640266418457034,-0.40538021850585937,-0.09974518211463368,0.17041193542783506,0.742,1.4416070555622769,-0.38727932042832275,-2.027771254539098,0.05799999999999994,0.013753194505715216,-0.34482461810715026,-1.0107373029088491,0.10195555555555494,0.026635386603767797,0,0,0,0,0,0,0,0
0.30855461009505053,2.1843052751834517,0.678,1.4233509115864162,-0.16112818908691406,-0.3417462158203125,-0.09974518211463368,0.17041193542783506,0.742,1.4416070555622769,-0.4082997922096842,-2.013893339755617,0.06399999999999995,0.018256143975860617,-0.25785183131269984,-0.9714921430586967,0.06652846715328464,0.028116617268149815,0,0,0,0,0,0,0,0
0.3263110459605256,2.1624334060703028,0.674,1.4208899973411042,-0.2853888244628906,-0.31165509033203126,-0.09974518211463368,0.17041193542783506,0.742,1.4416070555622769,-0.4260562280751593,-1.9920214706424677,0.06799999999999995,0.020717058221172646,-0.31167497995688576,-0.8745003513592938,0.0766222222222222,0.032435697484563264,0,0,0,0,0,0,0,0
0.34003273525268257,2.134128137911623,0.67,1.4186559758985515,-0.38907830810546873,-0.26692599487304686,-0.09974518211463368,0.17041193542783506,0.742,1.4416070555622769,-0.43977791736731625,-1.963716202483788,0.07199999999999995,0.022951079663725338,-0.2894917304554687,-0.8382806540601853,0.07788985507246375,0.032664216370476166,0,0,0,0,0,0,0,0
0.35015766389759034,2.0984811756848845,0.665,1.416387047870959,-0.5055109252929687,-0.23115628051757814,-0.09974518211463368,0.17041193542783506,0.742,1.4416070555622769,-0.449902846012224,-1.9280692402570494,0.07699999999999996,0.025220007691317825,-0.27706502632549024,-0.7805576086673702,0.08733529411764704,0.03522998428363762,0,0,0,0,0,0,0,0
0.3571315093633554,2.056476765290701,0.66,1.4143275593536053,-0.606481689453125,-0.20026504516601562,-0.09974518211463368,0.17041193542783506,0.742,1.4416070555622769,-0.4568766914779891,-1.886064829862866,0.08199999999999996,0.02727949620867154,-0.2671819316599116,-0.7096745794081916,0.09337777777777778,0.03708658438654636,0,0,0,0,0,0,0,0
0.3605817051063672,2.0100415210189886,0.658,1.4132105486323296,-0.6799549560546875,-0.15966152954101562,-0.09974518211463368,0.17041193542783506,0.742,1.4416070555622769,-0.4603268872210009,-1.8396295855911535,0.08399999999999996,0.02839650692994722,-0.2529477551209558,-0.6131669532654005,0.0804075471698113,0.03471920912584729,0,0,0,0,0,0,0,0
0.35669549640462983,1.9592602371970689,0.66,1.4126520432716911,-0.7614290161132813,-0.061969100952148436,-0.09974518211463368,0.17041193542783506,0.742,1.4416070555622769,-0.4564406785192635,-1.7888483017692338,0.08199999999999996,0.028955012290585724,-0.20663029091664625,-0.6123059074295074,0.05448888888888886,0.03161456162695956,0,0,0,0,0,0,0,0
0.34921902909260927,1.9046474554455015,0.663,1.4144671856937654,-0.8266307983398438,-0.018263608932495116,-0.09974518211463368,0.17041193542783506,0.742,1.4416070555622769,-0.44896421120724295,-1.7342355200176665,0.07899999999999996,0.027139869868511468,-0.1860002885564568,-0.5860225598169424,0.047758823529411715,0.019131888594654457,0,0,0,0,0,0,0,0
0.3388875308404925,1.8475379814442359,0.671,1.4184116298032725,-0.8703239135742188,0.019709331512451172,-0.09974518211463368,0.17041193542783506,0.742,1.4416070555622769,-0.4386327129551262,-1.6771260460164008,0.07099999999999995,0.02319542575900435,-0.16765886521697926,-0.5530156530018722,0.016799999999999933,0.006290665289688139,0,0,0,0,0,0,0,0
0.3262038760424227,1.7871033139389112,0.679,1.4225480601304992,-0.92489501953125,0.05044435882568359,-0.09974518211463368,0.17041193542783506,0.742,1.4416070555622769,-0.42594905815705636,-1.6166913785110761,0.06299999999999994,0.019058995431777692,-0.14137325199265016,-0.46718224366096334,0.0052387096774192815,-0.0009559900225448517,0,0,0,0,0,0,0,0
0.31530988080016975,1.726745591968149,0.688,1.4245028288927324,-0.91957177734375,0.027889719009399416,-0.09974518211463368,0.17041193542783506,0.742,1.4416070555622769,-0.41505506291480343,-1.5563336565403139,0.05400000000000005,0.017104226669544476,-0.15145549712227635,-0.46750208283240996,-0.0031235294117641227,0.00848024683616264,0,0,0,0,0,0,0,0
0.3088420730397959,1.6832579737551003,0.692,1.4266321305801657,-0.65948876953125,0.000891489028930664,-0.09974518211463368,0.17041193542783506,0.742,1.4416070555622769,-0.40858725515442956,-1.5128460383272653,0.050000000000000044,0.01497492498211117,-0.17148590705357922,-0.5358336514162848,0.01971014492753625,0.005717091558488107,0,0,0,0,0,0,0,0
0.3038207015952888,1.647040598039082,0.697,1.4293897507983166,-0.5484459838867187,-0.003508506774902344,-0.09974518211463368,0.17041193542783506,0.742,1.4416070555622769,-0.40356588370992247,-1.476628662611247,0.04500000000000004,0.012217304763960213,-0.17249160842866984,-0.5270463062955171,0.0068333333333333406,-0.0015707963267945768,0,0,0,0,0,0,0,0
0.29821291805413935,1.6119594557129957,0.701,1.4324964368668667,-0.5328198852539062,0.009114334106445313,-0.09974518211463368,0.17041193542783506,0.742,1.4416070555622769,-0.39795810016877303,-1.4415475202851606,0.041000000000000036,0.009110618695410189,-0.16393040295220254,-0.5015166206045404,0.007800000000000008,-0.007532342386107796,0,0,0,0,0,0,0,0
