-0.14267076912129892,-0.0839425190059974,0.713,2.828864558217449,-0.007270150661468506,-0.010087502479553223,-2.046312969902474,0.5309442717254755,0.713,2.8288296516324087,-1.9036422007811749,0.6148867907314729,0,-0.00003490658504023969,-0.9518211003905874,0.30744339536573645,0,-0.00003490658504023969,0,0,0,0,0,0,0,0
-0.14202393226722296,-0.08320258427893487,0.711,2.829737222843446,-0.005817282199859619,-0.013545738220214844,-2.046312969902474,0.5309442717254755,0.713,2.8288296516324087,-1.9042890376352508,0.6141468560044104,0.0020000000000000018,-0.0009075712110373502,-0.9550102517154303,0.30379523617344745,0.010460759493670896,-0.0042214875122921994,0,0,0,0,0,0,0,0
-0.14044619486910404,-0.08221084894315674,0.711,2.830574980884403,-0.0179602108001709,-0.02141983985900879,-2.046312969902474,0.5309442717254755,0.713,2.8288296516324087,-1.9058667750333698,0.6131551206686323,0.0020000000000000018,-0.001745329251994221,-0.9633524080703005,0.30002836472068706,0.0016000000000000016,-0.006487355898919905,0,0,0,0,0,0,0,0
-0.13833413210698128,-0.08058709218802375,0.708,2.8329660819596354,-0.02270725631713867,-0.03288304138183594,-2.046312969902474,0.5309442717254755,0.713,2.8288296516324087,-1.9079788377954925,0.6115313639134993,0.0050000000000000044,-0.004136430327226659,-0.9648603301733779,0.2974081104229766,0.019441176470588253,-0.014685405659134473,0,0,0,0,0,0,0,0
-0.13691597518246668,-0.07813292733607767,0.703,2.8352001034021885,-0.009085467338562012,-0.041534629821777344,-2.046312969902474,0.5309442717254755,0.713,2.8288296516324087,-1.9093969947200071,0.6090771990615532,0.010000000000000009,-0.006370451769779795,-0.9625771469406404,0.29090435035329854,0.035777777777777804,-0.01700864911527092,0,0,0,0,0,0,0,0
-0.13842512572690846,-0.07531051079066124,0.696,2.8364043805860644,0.03435250091552734,-0.03353668212890625,-2.046312969902474,0.5309442717254755,0.713,2.8288296516324087,-1.9078878441755653,0.6062547825161367,0.017000000000000015,-0.0075747289536556295,-0.9462888106304693,0.2888107855929123,0.04910724637681163,-0.012810716709637519,0,0,0,0,0,0,0,0
-0.14406862829143224,-0.0713394504293414,0.689,2.837364311674661,0.09863871002197265,-0.03137760734558105,-2.046312969902474,0.5309442717254755,0.713,2.8288296516324087,-1.9022443416110415,0.602283722154817,0.02400000000000002,-0.008534660042252451,-0.9224957085217041,0.2809988012736125,0.05470724637681164,-0.012708273470934284,0,0,0,0,0,0,0,0
-0.15488464012509154,-0.06552978065006722,0.683,2.839755412749893,0.18089476013183595,-0.034543018341064456,-2.046312969902474,0.5309442717254755,0.713,2.8288296516324087,-1.8914283297773822,0.5964740523755427,0.029999999999999916,-0.010925761117484445,-0.8856252102572504,0.26596108296958126,0.05733333333333268,-0.022311956713827272,0,0,0,0,0,0,0,0
-0.173409280293383,-0.05689957614314055,0.691,2.8425304862605643,0.30379080200195313,-0.04099708938598633,-2.046312969902474,0.5309442717254755,0.713,2.8288296516324087,-1.8729036896090907,0.5878438478686161,0.02200000000000002,-0.013700834628155523,-0.8411044321736334,0.24950175367806798,-0.023576470588234737,-0.02594380599876322,0,0,0,0,0,0,0,0
-0.19967731260888072,-0.04571536693570052,0.686,2.844851774165717,0.425958251953125,-0.044228729248046876,-2.046312969902474,0.5309442717254755,0.713,2.8288296516324087,-1.8466356572935931,0.5766596386611761,0.026999999999999913,-0.01602212253330837,-0.7840176572767337,0.22901961898810314,0.048115151515150875,-0.026573431193094035,0,0,0,0,0,0,0,0
-0.2340908722631221,-0.031987337975637416,0.683,2.847609394383868,0.5538546752929687,-0.045980091094970706,-2.046312969902474,0.5309442717254755,0.713,2.8288296516324087,-1.8122220976393517,0.562931609701113,0.029999999999999916,-0.018779742751459327,-0.7208072660660683,0.20754564891175525,0.040153846153846096,-0.031507220681386824,0,0,0,0,0,0,0,0
-0.27465564222469974,-0.016405823366314867,0.682,2.8506113606972985,0.650091552734375,-0.047380470275878904,-2.046312969902474,0.5309442717254755,0.713,2.8288296516324087,-1.771657327677774,0.5473500950917904,0.030999999999999917,-0.021781709064889743,-0.6229088585323652,0.1726837491521379,0.03128148148148142,-0.03845929969505872,0,0,0,0,0,0,0,0
-0.3237611784961586,0.0012964945825830227,0.68,2.853054821650091,0.781799072265625,-0.043052352905273435,-2.046312969902474,0.5309442717254755,0.713,2.8288296516324087,-1.7225517914063153,0.5296477771428925,0.03299999999999992,-0.024225170017682096,-0.5840672232029873,0.16489144853734472,0.03769032258064511,-0.036048368176354775,0,0,0,0,0,0,0,0
-0.3820554069470264,0.021069978639101043,0.68,2.8555157358954024,0.9226644287109375,-0.03552596282958984,-2.046312969902474,0.5309442717254755,0.713,2.8288296516324087,-1.6642575629554475,0.5098742930863744,0.03299999999999992,-0.02668608426299368,-0.536433419770423,0.15463686509708136,0.026399999999999937,-0.03738571141652231,0,0,0,0,0,0,0,0
-0.4481917860638718,0.04220544935308459,0.673,2.8574530513651166,1.0411907958984374,-0.02420121192932129,-2.046312969902474,0.5309442717254755,0.713,2.8288296516324087,-1.598121183838602,0.48873882237239097,0.039999999999999925,-0.028623399732707888,-0.4586527582296554,0.13558390015833938,0.06802941176470584,-0.03717037974615292,0,0,0,0,0,0,0,0
-0.5221202862558184,0.0642522803517486,0.67,2.8589365812293113,1.15716943359375,-0.006574872016906738,-2.046312969902474,0.5309442717254755,0.713,2.8288296516324087,-1.5241926836466555,0.46669199137372697,0.04299999999999993,-0.030106929596902532,-0.3513824518680693,0.11086360124984126,0.05106666666666662,-0.03717135752163893,0,0,0,0,0,0,0,0
-0.603151197734166,0.08692904746012645,0.665,2.860559737433666,1.2621024169921875,0.012348071098327636,-2.046312969902474,0.5309442717254755,0.713,2.8288296516324087,-1.4431617721683079,0.4440152242653491,0.04799999999999993,-0.031730085801257246,-0.3105545235128255,0.10698053259742463,0.06376231884057967,-0.038787286689756006,0,0,0,0,0,0,0,0
-0.6874873738766734,0.10946972583151682,0.66,2.8614847619372235,1.3091885986328125,0.0260113525390625,-2.046312969902474,0.5309442717254755,0.713,2.8288296516324087,-1.3588255960258004,0.4214745458939587,0.052999999999999936,-0.032655110304814716,-0.25162060018858723,0.0964004985993469,0.06776231884057968,-0.03667695597245589,0,0,0,0,0,0,0,0
-0.7734789842461675,0.13183066088251433,0.655,2.8626017726584996,1.3323304443359374,0.03425628280639648,-2.046312969902474,0.5309442717254755,0.713,2.8288296516324087,-1.2728339856563062,0.3991136108429612,0.05799999999999994,-0.03377212102609084,-0.15098048267778258,0.07332572045617208,0.07462580645161287,-0.039177011612910796,0,0,0,0,0,0,0,0
-0.8606092244758944,0.1537997000088114,0.651,2.8637885965498553,1.3471680908203125,0.04312261199951172,-2.046312969902474,0.5309442717254755,0.713,2.8288296516324087,-1.1857037454265793,0.37714457171666416,0.061999999999999944,-0.034958944917446555,-0.01746349383773449,0.04349372559033268,0.07601509433962261,-0.041676816000592115,0,0,0,0,0,0,0,0
-0.9427957065541084,0.17629306587707064,0.648,2.863090464849057,1.27806201171875,0.013623388290405273,-2.046312969902474,0.5309442717254755,0.713,2.8288296516324087,-1.1035172633483654,0.3546512058484049,0.06499999999999995,-0.03426081321664842,-0.13487067910353262,0.06322881953448176,0.0672173913043478,-0.03122545799578698,0,0,0,0,0,0,0,0
-1.0201564618359227,0.19846161156740735,0.646,2.8629682918014185,1.207115966796875,-0.0006998274326324463,-2.046312969902474,0.5309442717254755,0.713,2.8288296516324087,-1.0261565080665511,0.33248266015806816,0.06699999999999995,-0.034138640169009804,-0.07636431292625939,0.041096314085197455,0.06489032258064513,-0.033547480261081,0,0,0,0,0,0,0,0
-1.0926774580239265,0.22101445649336288,0.647,2.8619909074203016,1.13890478515625,-0.02606095504760742,-2.046312969902474,0.5309442717254755,0.713,2.8288296516324087,-0.9536355118785473,0.30992981523211266,0.06599999999999995,-0.03316125578789286,-0.10895763034795014,0.04056641886120964,0.04772753623188401,-0.028911758478688772,0,0,0,0,0,0,0,0
-1.1734478817524572,0.24316084245283004,0.649,2.8599314189029483,1.25618310546875,0.015061594009399415,-2.046312969902474,0.5309442717254755,0.713,2.8288296516324087,-0.8728650881500166,0.2877834292726455,0.06399999999999995,-0.031101767270539593,-0.026727496176664145,0.03155497426221396,0.04105507246376807,-0.02214746936900364,0,0,0,0,0,0,0,0
-1.2533592168798173,0.26483757034013655,0.649,2.859652166222629,1.241812744140625,0.020834144592285157,-2.046312969902474,0.5309442717254755,0.713,2.8288296516324087,-0.7929537530226565,0.266106701385339,0.06399999999999995,-0.03082251459022034,0.047474985307339235,0.012627084652077764,0.05119999999999996,-0.029492739922033422,0,0,0,0,0,0,0,0
-1.3317559747047003,0.2860432265739274,0.653,2.8575926777052754,1.218019287109375,0.02164722442626953,-2.046312969902474,0.5309442717254755,0.713,2.8288296516324087,-0.7145569951977735,0.24490104515154815,0.05999999999999994,-0.028763026072866626,0.029184393087156146,0.01791559747962207,0.02828169014084501,-0.020060961915034033,0,0,0,0,0,0,0,0
-1.4082496964983524,0.30696257303610575,0.651,2.856859639419438,1.18936669921875,0.02027989387512207,-2.046312969902474,0.5309442717254755,0.713,2.8288296516324087,-0.6380632734041214,0.2239816986893698,0.061999999999999944,-0.028029987787029143,0.0992934043569742,-0.002411826620352983,0.060537499999999966,-0.024593870822165936,0,0,0,0,0,0,0,0
-1.482492828588577,0.32734299722120713,0.652,2.856685106494239,1.15468115234375,0.019427190780639647,-2.046312969902474,0.5309442717254755,0.713,2.8288296516324087,-0.5638201413138968,0.2036012745042684,0.06099999999999994,-0.027855454861830165,0.11786064059810708,-0.007940108359950168,0.043415384615384564,-0.027049918283988728,0,0,0,0,0,0,0,0
-1.5544330201857108,0.3470377492231438,0.654,2.8576973974603948,1.1186353759765626,0.019789918899536133,-2.046312969902474,0.5309442717254755,0.713,2.8288296516324087,-0.49187994971676297,0.18390652250233175,0.05899999999999994,-0.028867745827986013,0.23827285319925007,-0.04060756953110006,0.03373846153846148,-0.03470788601734668,0,0,0,0,0,0,0,0
-1.6236544253538925,0.3657054967002382,0.657,2.85624877418124,1.0751905517578124,0.022023090362548826,-2.046312969902474,0.5309442717254755,0.713,2.8288296516324087,-0.4226585445485813,0.16523877502523732,0.05599999999999994,-0.027419122548831165,0.08056821939876446,0.0038999704405337093,0.03214939759036139,-0.022183134792849786,0,0,0,0,0,0,0,0
-1.6892545059395143,0.3832293549543759,0.657,2.855445922725323,1.0182042236328126,0.024754791259765624,-2.046312969902474,0.5309442717254755,0.713,2.8288296516324087,-0.3570584639629595,0.14771491677109966,0.05599999999999994,-0.02661627109291409,0.2900427722015333,-0.05131295771543343,0.04479999999999995,-0.021700854015870772,0,0,0,0,0,0,0,0
-1.7497652047505552,0.39938539373060444,0.66,2.853752953350888,0.93915625,0.02370751953125,-2.046312969902474,0.5309442717254755,0.713,2.8288296516324087,-0.2965477651519186,0.1315588779948711,0.052999999999999936,-0.02492330171847934,0.1631782436573393,-0.017376642939035,0.026958823529411702,-0.017454319184208388,0,0,0,0,0,0,0,0
-1.8034297098700953,0.41370560369569476,0.666,2.8510651463028167,0.832829345703125,0.022549360275268555,-2.046312969902474,0.5309442717254755,0.713,2.8288296516324087,-0.24288326003237848,0.11723866802978078,0.04699999999999993,-0.022235494670407974,0.17669450953681143,-0.020937388013389124,0.004266666666666585,-0.00943641348911575,0,0,0,0,0,0,0,0
-1.8483993042509552,0.42616891869415935,0.673,2.8477490207240277,0.6998289184570312,0.014113071441650391,-2.046312969902474,0.5309442717254755,0.713,2.8288296516324087,-0.19791366565151858,0.10477535303131619,0.039999999999999925,-0.018919369091618954,0.12914980533802276,-0.010832037244669537,-0.0035072463768116777,-0.004501431792536261,0,0,0,0,0,0,0,0
-1.883377196717091,0.43712540482711354,0.686,2.8435253239342018,0.5497803344726563,-0.005341584205627441,-2.046312969902474,0.5309442717254755,0.713,2.8288296516324087,-0.16293577318538288,0.093818866898362,0.026999999999999913,-0.014695672301793028,0.09856538345359522,-0.009484245176318504,-0.045311764705882475,0.003938284123909584,0,0,0,0,0,0,0,0
-1.9471338355008345,0.45090938509850254,0.698,2.8419370743148864,0.9748999633789063,0.08321153259277343,-2.046312969902474,0.5309442717254755,0.713,2.8288296516324087,-0.09917913440163928,0.080034886626973,0.015000000000000013,-0.013107422682477665,0.3046139815977559,-0.036560224860896814,-0.0546666666666661,-0.005544329257166414,1489607712981,0,0,0,0,0,0,0
-2.0231834792273196,0.46513537990647474,0.708,2.8391445475116956,1.15290185546875,0.13285684204101564,-2.046312969902474,0.5309442717254755,0.713,2.8288296516324087,-0.02312949067515424,0.06580889181900079,0.0050000000000000044,-0.010314895879286912,0.37419431704314404,-0.03925639731934413,-0.046724637681159455,0.0018265250041511454,1489607712981,0,0,0,0,0,0,0
-2.0960270592622225,0.4801501383371116,0.721,2.8368756194841036,1.110142333984375,0.11045712280273437,-2.046312969902474,0.5309442717254755,0.713,2.8288296516324087,0.04971408935974875,0.050794133388363916,-0.008000000000000007,-0.008045967851694869,0.5058995543443281,-0.07375699841379742,-0.09224905660377367,0.004797020983731791,1489607712981,0,0,0,0,0,0,0
-2.163014262805177,0.4953086290121751,0.739,2.8339085597557125,1.0267369384765626,0.08456327056884766,-2.046312969902474,0.5309442717254755,0.713,2.8288296516324087,0.11670129290270337,0.03563564271330044,-0.026000000000000023,-0.005078908123303805,0.3589342520928147,-0.05020104705709613,-0.10156923076923086,0.006332860062815672,0,0,0,0,0,0,0,0
-2.224682089155213,0.5112242761440231,0.75,2.832041057456079,0.9538776245117188,0.05262052154541016,-2.046312969902474,0.5309442717254755,0.713,2.8288296516324087,0.17836911925273924,0.019719995581452432,-0.03700000000000003,-0.003211405823670077,0.4888834341173428,-0.0932969743601405,-0.10089629629629639,0.007163606952072852,0,0,0,0,0,0,0,0
-2.2772574421176315,0.5268026979757552,0.764,2.8305226210068435,0.8223320922851562,0.01767193603515625,-2.046312969902474,0.5309442717254755,0.713,2.8288296516324087,0.23094447221515768,0.004141573749720351,-0.051000000000000045,-0.0016929693744347496,0.38608067047296785,-0.07811226667081964,-0.11285882352941184,0.005006014960426988,0,0,0,0,0,0,0,0
-2.3198928937993273,0.5412494847403938,0.774,2.8300164755237653,0.675166015625,-0.010555265426635742,-2.046312969902474,0.5309442717254755,0.713,2.8288296516324087,0.2735799238968535,-0.010305213014918269,-0.061000000000000054,-0.0011868238913566032,0.34996722035690575,-0.07738654033065222,-0.09880000000000008,0.000982371036121167,0,0,0,0,0,0,0,0
-2.3524742424417324,0.5540831372815033,0.787,2.8303131814966047,0.5242032470703125,-0.03341424942016601,-2.046312969902474,0.5309442717254755,0.713,2.8288296516324087,0.3061612725392586,-0.023138865556027732,-0.07400000000000007,-0.001483529864195976,0.337007604412239,-0.08401747131653503,-0.13258709677419367,-0.0029192039263219735,0,0,0,0,0,0,0,0
-2.373730817613126,0.5643768019421354,0.796,2.828794745047369,0.35081622314453126,-0.04932868957519531,-2.046312969902474,0.5309442717254755,0.713,2.8288296516324087,0.3274178477106524,-0.03343253021665982,-0.08300000000000007,0.0000349065850397956,0.2731177666492648,-0.06969836262628916,-0.1127235294117648,0.006733890919903494,0,0,0,0,0,0,0,0
-2.3855762214803344,0.573906814313709,0.796,2.826543270312296,0.21304823303222656,-0.08133734893798829,-2.046312969902474,0.5309442717254755,0.713,2.8288296516324087,0.33926325157786064,-0.04296254258823351,-0.08300000000000007,0.002286381320112607,0.23543942505119825,-0.07442578446952616,-0.06640000000000006,0.01300768958236409,0,0,0,0,0,0,0,0
-2.3862603339183686,0.5827864467336564,0.796,2.825059740448101,0.05102871704101562,-0.12345907592773438,-2.046312969902474,0.5309442717254755,0.713,2.8288296516324087,0.33994736401589476,-0.05184217500818089,-0.08300000000000007,0.003769911184307695,0.17344381756319294,-0.07096270122846121,-0.06640000000000006,0.010220041028634164,0,0,0,0,0,0,0,0
-2.376972648343803,0.5916781630933812,0.796,2.82245919986263,-0.09087779998779297,-0.17011485290527345,-2.046312969902474,0.5309442717254755,0.713,2.8288296516324087,0.33065967844132915,-0.060733891367905635,-0.08300000000000007,0.0063704517697789065,0.11681207875651589,-0.07681621024967908,-0.06640000000000006,0.018014663346515674,0,0,0,0,0,0,0,0
-2.357221422186553,0.5986150968709697,0.79,2.817554824664526,-0.2486627960205078,-0.19175247192382813,-2.046312969902474,0.5309442717254755,0.713,2.8288296516324087,0.31090845228407904,-0.06767082514549416,-0.07700000000000007,0.011274826967882845,0.014374039304538733,-0.08338493955552227,-0.018742857142857165,0.04130161389504981,0,0,0,0,0,0,0,0
-2.328250107619118,0.6028579552143838,0.783,2.811481078867585,-0.39168994140625,-0.1986963653564453,-2.046312969902474,0.5309442717254755,0.713,2.8288296516324087,0.2819371377166444,-0.07191368348890825,-0.07000000000000006,0.01734857276482371,-0.008148491415238351,-0.05779508321790901,-0.019970588235294143,0.0441445101042687,0,0,0,0,0,0,0,0
-2.2921537632920774,0.6013313873604048,0.772,2.804255415764329,-0.5196329956054687,-0.15384654235839842,-2.046312969902474,0.5309442717254755,0.713,2.8288296516324087,0.24584079338960363,-0.07038711563492928,-0.05900000000000005,0.024574235868079608,-0.07761484956653586,-0.02671262529535921,0.013911111111111117,0.058982155407393405,0,0,0,0,0,0,0,0
-2.2508174179055356,0.5942182104670922,0.754,2.7969075796134324,-0.620413330078125,-0.10453571319580078,-2.046312969902474,0.5309442717254755,0.713,2.8288296516324087,0.20450444800306178,-0.06327393874161669,-0.041000000000000036,0.031922072018976344,-0.1074248902780292,0.00444436269671928,0.058504347826086996,0.06386918571852737,0,0,0,0,0,0,0,0
-2.2077363642906156,0.5841483681564946,0.739,2.7901007955306554,-0.6592456665039063,-0.07619320678710938,-2.046312969902474,0.5309442717254755,0.713,2.8288296516324087,0.1614233943881418,-0.05320409643101909,-0.026000000000000023,0.03872885610175336,-0.14102901994154662,0.025228022500801625,0.056405882352941215,0.06875878587871079,0,0,0,0,0,0,0,0
-2.160894848496425,0.5703497971880137,0.723,2.7847949946045922,-0.7309269409179687,-0.04758827209472656,-2.046312969902474,0.5309442717254755,0.713,2.8288296516324087,0.11458187859395119,-0.03940552546253817,-0.010000000000000009,0.044034657027816504,-0.2029397040040833,0.05695596487140267,0.08088888888888895,0.06930037572335528,0,0,0,0,0,0,0,0
-2.112034163750739,0.5541976275059703,0.705,2.781129803175404,-0.771375,-0.028963886260986327,-2.046312969902474,0.5309442717254755,0.713,2.8288296516324087,0.06572119384826536,-0.02325335578049481,0.008000000000000007,0.04769984845700481,-0.21498345613369396,0.07030461759837832,0.09770434782608703,0.0636354633665192,1489607714151,0,0,0,0,0,0,0
-2.0628680683402156,0.5355358972005514,0.685,2.777708957841495,-0.7888275146484375,0.001817474365234375,-2.046312969902474,0.5309442717254755,0.713,2.8288296516324087,0.016555098437741833,-0.004591625475075856,0.027999999999999914,0.05112069379091366,-0.3164042129260958,0.1209420289020212,0.15447547169811254,0.07048396926586942,1489607714151,0,0,0,0,0,0,0
-2.016431308648068,0.5152061887066265,0.668,2.7727522227658317,-0.7594744262695312,0.03707125473022461,-2.046312969902474,0.5309442717254755,0.713,2.8288296516324087,-0.029881661254405945,0.015738083018849047,0.04499999999999993,0.05607742886657707,-0.22067331027595896,0.09793737027997788,0.11131645569620252,0.07490047345770395,1489607714151,0,0,0,0,0,0,0
-1.9757369898190618,0.4936436633974192,0.649,2.7695582702346817,-0.6859723510742187,0.08161006164550781,-2.046312969902474,0.5309442717254755,0.713,2.8288296516324087,-0.07057598008341204,0.03730060832805632,0.06399999999999995,0.05927138139772703,-0.25783504613783303,0.13657036444875542,0.15510625000000006,0.07424303388749245,1489607714151,0,0,0,0,0,0,0
-1.9421196286485274,0.470718902426345,0.636,2.768563432561045,-0.5947650146484375,0.1370426788330078,-2.046312969902474,0.5309442717254755,0.713,2.8288296516324087,-0.10419334125394641,0.06022536929913053,0.07699999999999996,0.06026621907136365,-0.2585190637793773,0.17087876078774022,0.1414245614035088,0.06550220682734584,0,0,0,0,0,0,0,0
-1.9176056164891997,0.4464532834151911,0.623,2.7695233636496415,-0.47507159423828127,0.2049446716308594,-2.046312969902474,0.5309442717254755,0.713,2.8288296516324087,-0.1287073534132741,0.08449098831028445,0.08999999999999997,0.05930628798276727,-0.20054263314734644,0.1770544886615529,0.14422222222222225,0.05473518756087976,0,0,0,0,0,0,0,0
-1.9030800157031438,0.42189902348001307,0.614,2.7702389486429597,-0.3368740234375,0.2639023742675781,-2.046312969902474,0.5309442717254755,0.713,2.8288296516324087,-0.14323295419933002,0.10904524824546247,0.09899999999999998,0.05859070298944902,-0.14529706079705007,0.17907321799682258,0.12485217391304351,0.05547946388806531,0,0,0,0,0,0,0,0
-1.899091003543592,0.3973414309113655,0.615,2.7724729700855124,-0.189427490234375,0.32154226684570314,-2.046312969902474,0.5309442717254755,0.713,2.8288296516324087,-0.14722196635888185,0.13360284081411006,0.09799999999999998,0.056356681546896326,-0.09384510282934151,0.19136891894367322,0.07332753623188404,0.0466435448401455,0,0,0,0,0,0,0,0
-1.9053650984422177,0.37274439538107196,0.612,2.775597109446582,-0.045344566345214846,0.37805953979492185,-2.046312969902474,0.5309442717254755,0.713,2.8288296516324087,-0.1409478714602561,0.15819987634440358,0.10099999999999998,0.05323254218582685,-0.035617852959985076,0.21575013556272132,0.09746666666666666,0.038355688085496,0,0,0,0,0,0,0,0
-1.9208903285703767,0.3480360463670458,0.614,2.7784943560048925,0.08481541442871093,0.4294202880859375,-2.046312969902474,0.5309442717254755,0.713,2.8288296516324087,-0.12542264133209713,0.1829082253584297,0.09899999999999998,0.05033529562751626,0.016039846650699893,0.21678631782282565,0.0690550724637681,0.03773857146094851,0,0,0,0,0,0,0,0
-1.9429700273985968,0.32391713592805804,0.62,2.780553844522246,0.1811063232421875,0.45582711791992186,-2.046312969902474,0.5309442717254755,0.713,2.8288296516324087,-0.10334294250387699,0.2070271357974175,0.09299999999999997,0.04827580711016255,0.06721921474616993,0.23338462410864297,0.04209230769230765,0.03877047549160695,0,0,0,0,0,0,0,0
-1.9796104132289019,0.30804540359118665,1.166,2.781426509148243,0.4300734558105469,0.4168735046386719,-2.046312969902474,0.5309442717254755,0.713,2.8288296516324087,-0.06670255667357194,0.22289886813428889,-0.45299999999999996,0.04740314248416588,0.2181023499104055,0.2203730873593991,-4.109458823529411,0.04226982115477373,0,0,0,0,0,0,0,0
-2.0244521754047673,0.2846407605282783,1.104,2.7793146607533306,0.5057421875,0.5655979614257812,-2.046312969902474,0.5309442717254755,0.713,2.8288296516324087,-0.021860794497706504,0.24630351119719723,-0.3910000000000001,0.04951499087907818,0.21987279042104238,0.24361683018709746,0.006317647058822484,0.05883196909192655,0,0,0,0,0,0,0,0
-2.078099486756794,0.25606638285248257,0.947,2.7738517801945877,0.6005738525390625,0.6859884033203125,-2.046312969902474,0.5309442717254755,0.713,2.8288296516324087,0.0317865168543201,0.27487788887299297,-0.23399999999999999,0.05497787143782107,0.3139338770495301,0.2961854870798061,0.685022222222223,0.08099158838421577,0,0,0,0,0,0,0,0
-2.1262910324973032,0.23527137956267571,0.818,2.7677954876901674,0.5624036254882813,0.55094921875,-2.046312969902474,0.5309442717254755,0.713,2.8288296516324087,0.07997806259482942,0.2956728921627998,-0.10499999999999998,0.06103416394224137,0.2844389009956504,0.2533183468267968,0.5703478260869564,0.0873658704831992,0,0,0,0,0,0,0,0
-2.1701929212440585,0.22449571451790387,0.755,2.761861368233387,0.5540338134765626,0.39093728637695313,-2.046312969902474,0.5309442717254755,0.713,2.8288296516324087,0.1238799513415847,0.3064485572075717,-0.04200000000000004,0.06696828339902172,0.2879055795143856,0.2086872604518765,0.2906647058823526,0.09314822217893504,0,0,0,0,0,0,0,0
-2.2130561420694295,0.21870695442475588,0.679,2.755246570368328,0.5649615478515625,0.3189681396484375,-2.046312969902474,0.5309442717254755,0.713,2.8288296516324087,0.16674317216695567,0.3122373173007197,0.03399999999999992,0.07358308126408053,0.3253413810654107,0.18879714304716302,0.45623225806451584,0.10559016770791346,0,0,0,0,0,0,0,0
-2.249511700840226,0.21878905423945585,0.644,2.7518257250344194,0.506991455078125,0.20490956115722656,-2.046312969902474,0.5309442717254755,0.713,2.8288296516324087,0.2031987309377521,0.3121552174860197,0.06899999999999995,0.07700392659798938,0.2865188664801622,0.1556611604075752,0.23273623188405806,0.09187716718020178,0,0,0,0,0,0,0,0
-2.2728503058241536,0.22633591202886633,0.63,2.7646364417440576,0.36683633422851564,0.02830815315246582,-2.046312969902474,0.5309442717254755,0.713,2.8288296516324087,0.2265373359216798,0.3046083596966092,0.08299999999999996,0.06419320988835109,0.2316528961401833,0.11402301714839627,0.13741449275362322,0.008494441585575906,0,0,0,0,0,0,0,0
-2.2818165281160296,0.23910279620762268,0.636,2.785074247284911,0.1955413055419922,-0.1285517578125,-2.046312969902474,0.5309442717254755,0.713,2.8288296516324087,0.23550355821355584,0.2918414755178529,0.07699999999999996,0.043755404347497695,0.16756412517275596,0.07499360343250244,0.028266666666666607,-0.053567479180375605,0,0,0,0,0,0,0,0
-2.2782687709572187,0.2569529872087702,0.646,2.809735749615591,0.04357942962646484,-0.2694891662597656,-2.046312969902474,0.5309442717254755,0.713,2.8288296516324087,0.2319558010547449,0.27399128451670535,0.06699999999999995,0.019093902016817932,0.09254931551635674,0.019117022439453818,-0.012437735849056698,-0.12049950740212412,0,0,0,0,0,0,0,0
-2.2655101836626845,0.2779090339390336,0.675,2.8296325030883267,-0.07852504730224609,-0.359541015625,-2.046312969902474,0.5309442717254755,0.713,2.8288296516324087,0.21919721376021073,0.25303523778644194,0.03799999999999992,-0.0008028514559179634,0.04488113509623644,0.02021883113101526,-0.11670144927536248,-0.08731047525042183,0,0,0,0,0,0,0,0
-2.2489748792342574,0.2991866262815506,0.709,2.8399648522601333,-0.13809881591796874,-0.37988546752929686,-2.046312969902474,0.5309442717254755,0.713,2.8288296516324087,0.20266190933178363,0.2317576454439249,0.0040000000000000036,-0.01113520062772455,0.009468152285741271,-0.002330023625354352,-0.18568888888888843,-0.06033686335061306,0,0,0,0,0,0,0,0
-2.229887791788839,0.3214998991873377,0.735,2.8473999548736284,-0.1739500732421875,-0.40464324951171876,-2.046312969902474,0.5309442717254755,0.713,2.8288296516324087,0.1835748218863653,0.20944437253813786,-0.02200000000000002,-0.018570303241219666,-0.0050311485625624125,-0.008461082093618996,-0.14948405797101458,-0.05089683634337233,0,0,0,0,0,0,0,0
-2.2059804714733167,0.34326938410498764,0.773,2.8533689809154494,-0.24851609802246094,-0.4164980163574219,-2.046312969902474,0.5309442717254755,0.713,2.8288296516324087,0.15966750157084286,0.1876748876204879,-0.06000000000000005,-0.0245393292830407,-0.04321863319153234,-0.018211375618836706,-0.24358823529411783,-0.050873267702839384,0,0,0,0,0,0,0,0
-2.1771841526143776,0.3647019455073882,0.807,2.859041300984431,-0.3227442321777344,-0.4310072631835937,-2.046312969902474,0.5309442717254755,0.713,2.8288296516324087,0.1308711827119038,0.16624232621808732,-0.09400000000000008,-0.030211649352022363,-0.09454395786037628,-0.035948622459848395,-0.26408888888888915,-0.057222697299554086,0,0,0,0,0,0,0,0
-2.143611586352346,0.38891310428328485,0.826,2.8641551156927743,-0.3823663024902344,-0.489170654296875,-2.046312969902474,0.5309442717254755,0.713,2.8288296516324087,0.09729861644987237,0.1420311674421907,-0.11299999999999999,-0.03532546406036552,-0.12164631774188986,-0.05179464195374264,-0.1867768115942024,-0.05755944105316185,0,0,0,0,0,0,0,0
-2.1013748248351254,0.42110851311892167,0.884,2.8696878094215963,-0.47705368041992186,-0.63798876953125,-2.046312969902474,0.5309442717254755,0.713,2.8288296516324087,0.05506185493265159,0.10983575860655387,-0.17100000000000004,-0.040858157789187555,-0.19645189876136013,-0.11581534937055468,-0.44437575757575787,-0.06600676564746953,0,0,0,0,0,0,0,0
-2.052022926030724,0.45410587992845886,0.897,2.875621928878377,-0.5801514892578125,-0.6755903930664062,-2.046312969902474,0.5309442717254755,0.713,2.8288296516324087,0.005709956128250315,0.07683839179701668,-0.18400000000000005,-0.04679227724596835,-0.2713222375158819,-0.14489950859892045,-0.21942222222222235,-0.07504998894492451,0,0,0,0,0,0,0,0
-2.0003284855912433,0.4884966904253394,0.901,2.8828301386891133,-0.6125589599609375,-0.7015384521484375,-2.046312969902474,0.5309442717254755,0.713,2.8288296516324087,-0.04598448431123048,0.04244758130013615,-0.18800000000000006,-0.05400048705670457,-0.34608249490237014,-0.19371877495543524,-0.17540000000000008,-0.09261589675707718,0,0,0,0,0,0,0,0
-1.9482845686119914,0.5220175909581415,0.895,2.8905444939829286,-0.6260064086914062,-0.6858319702148438,-2.046312969902474,0.5309442717254755,0.713,2.8288296516324087,-0.0980284012904824,0.00892668076733405,-0.18200000000000005,-0.06171484235051983,-0.27958851637610416,-0.1440469784325448,-0.11901772151898735,-0.09100986245361574,0,0,0,0,0,0,0,0
-1.897222197900708,0.5539365271621205,0.884,2.897246558310587,-0.6229862060546875,-0.6540486450195313,-2.046312969902474,0.5309442717254755,0.713,2.8288296516324087,-0.1490907720017658,-0.02299225543664496,-0.17100000000000004,-0.06841690667817835,-0.41823441963452107,-0.2263351213989504,-0.06276153846153844,-0.1070826624146698,0,0,0,0,0,0,0,0
-1.8609540299622072,0.5754450597353429,0.868,2.902116026923651,-0.44981195068359375,-0.444655517578125,-2.046312969902474,0.5309442717254755,0.713,2.8288296516324087,-0.18535893994026664,-0.04450078800986734,-0.15500000000000003,-0.07328637529124205,-0.2793538637712406,-0.13295607636710768,-0.04164705882352937,-0.09476932505475837,0,0,0,0,0,0,0,0
-1.8346894998483392,0.5891486314419796,0.85,2.90550196567252,-0.3339688720703125,-0.29313446044921876,-2.046312969902474,0.5309442717254755,0.713,2.8288296516324087,-0.21162347005413462,-0.05820435971650406,-0.137,-0.0766723140401111,-0.25172579121522276,-0.10523313378401158,-0.009599999999999928,-0.0927958318918685,0,0,0,0,0,0,0,0
-1.8123093821039935,0.5978557957934828,0.835,2.90853883857099,-0.29583978271484374,-0.2055062255859375,-2.046312969902474,0.5309442717254755,0.713,2.8288296516324087,-0.2340035877984803,-0.06691152406800727,-0.122,-0.07970918693858131,-0.22285370214952374,-0.07463829612895123,-0.026654054054054008,-0.09202083382427136,0,0,0,0,0,0,0,0
-1.7884856576882906,0.6082446427215372,0.818,2.9145078646128106,-0.3117054443359375,-0.23415115356445312,-2.046312969902474,0.5309442717254755,0.713,2.8288296516324087,-0.2578273122141832,-0.07730037099606168,-0.10499999999999998,-0.0856782129804019,-0.26126768063877437,-0.09636600176499983,0.010444444444444534,-0.1141021465128809,0,0,0,0,0,0,0,0
-1.7677813742823618,0.6162225280135357,0.803,2.922902898314904,-0.2756492004394531,-0.186515869140625,-2.046312969902474,0.5309442717254755,0.713,2.8288296516324087,-0.278531595620112,-0.08527825628806018,-0.09000000000000008,-0.09407324668249517,-0.2542895945096603,-0.0869607130995773,0.011333333333332724,-0.13404959764484406,0,0,0,0,0,0,0,0
-1.7538409458383637,0.6218797331327552,0.789,2.9324323960307925,-0.1857160186767578,-0.12820277404785158,-2.046312969902474,0.5309442717254755,0.713,2.8288296516324087,-0.2924720240641101,-0.0909354614072797,-0.07600000000000007,-0.1036027443983838,-0.23829544515279735,-0.0828266324343348,0.031652830188679267,-0.15754329750718732,0,0,0,0,0,0,0,0
-1.747225287450765,0.6250261201665478,0.775,2.9411415889982444,-0.08727244567871094,-0.06677218627929687,-2.046312969902474,0.5309442717254755,0.713,2.8288296516324087,-0.2990876824517088,-0.09408184844107226,-0.062000000000000055,-0.11231193736583567,-0.18310152869918114,-0.06300085844991864,0.021414492753623185,-0.1501779937460612,0,0,0,0,0,0,0,0
-1.7469680587958618,0.6260860172910178,0.763,2.949920595135776,-0.0006156082153320312,-0.016348377227783203,-2.046312969902474,0.5309442717254755,0.713,2.8288296516324087,-0.299344911106612,-0.09514174556554222,-0.050000000000000044,-0.12109094350336713,-0.15110150363610148,-0.05345919014093759,0.026666666666666686,-0.16289573463446935,0,0,0,0,0,0,0,0
-1.7519330552203154,0.625354246173494,0.753,2.9590312138311865,0.07102005004882812,0.024963075637817383,-2.046312969902474,0.5309442717254755,0.713,2.8288296516324087,-0.2943799146821584,-0.09440997444801846,-0.040000000000000036,-0.13020156219877776,-0.12200519286921321,-0.04349310474381624,0.01872463768115943,-0.1698129478309979,0,0,0,0,0,0,0,0
-1.7625488767989166,0.6225372883376122,0.756,2.965646011696245,0.14891986083984374,0.07046156311035157,-2.046312969902474,0.5309442717254755,0.713,2.8288296516324087,-0.2837640931035572,-0.0915930166121367,-0.04300000000000004,-0.13681636006383613,-0.08724178842662542,-0.03129746062138282,-0.049841176470588285,-0.16599929182144654,0,0,0,0,0,0,0,0
-1.779541309716621,0.6187938100729111,0.752,2.9734825400376996,0.24112248229980468,0.09990065002441406,-2.046312969902474,0.5309442717254755,0.713,2.8288296516324087,-0.26677166018585274,-0.08784953834743559,-0.039000000000000035,-0.1446528884052909,-0.03898342499456821,-0.023127667703156034,-0.00897777777777779,-0.18196969003126595,0,0,0,0,0,0,0,0
-1.8004868020889677,0.6136470075611856,0.748,2.980481310338196,0.2968358764648438,0.12868251037597656,-2.046312969902474,0.5309442717254755,0.713,2.8288296516324087,-0.24582616781350608,-0.08270273583571008,-0.03500000000000003,-0.15165165870578745,-0.016667832742675776,-0.015244398655479316,-0.007710144927536241,-0.18208109479490292,0,0,0,0,0,0,0,0
-1.824587406775289,0.6070582994535428,0.747,2.986223443577258,0.34097344970703125,0.15554229736328126,-2.046312969902474,0.5309442717254755,0.713,2.8288296516324087,-0.22172556312718483,-0.0761140277280673,-0.03400000000000003,-0.15739379194484915,0.01318444843953162,-0.004144545662931098,-0.02205294117647061,-0.18272673270541545,0,0,0,0,0,0,0,0
-1.8504265886319509,0.5989771788002476,0.758,2.9909183792651226,0.3641613464355469,0.17973390197753905,-2.046312969902474,0.5309442717254755,0.713,2.8288296516324087,-0.19588638127052294,-0.06803290707477205,-0.04500000000000004,-0.16208872763271387,0.045607819679526845,0.010878661203143125,-0.0971111111111112,-0.1844455642415935,0,0,0,0,0,0,0,0
-1.8799074585658222,0.5889994514667817,0.797,2.994356677891551,0.41473724365234377,0.2143485107421875,-2.046312969902474,0.5309442717254755,0.713,2.8288296516324087,-0.1664055113366516,-0.05805517974130614,-0.08400000000000007,-0.1655270262591424,0.11148223446101319,0.03686306233148032,-0.324747169811321,-0.18498909395590765,0,0,0,0,0,0,0,0
-1.9109853573216629,0.5781185410526978,0.8,2.9968001388443435,0.4371805114746094,0.2298367919921875,-2.046312969902474,0.5309442717254755,0.713,2.8288296516324087,-0.13532761258081094,-0.04717426932722224,-0.08700000000000008,-0.16797048721193475,0.06498576156989003,0.022855775640405515,-0.08240487804878056,-0.17690997850263848,0,0,0,0,0,0,0,0
-1.9436303023119033,0.56589969557714,0.798,2.998807267484137,0.4581048278808594,0.2520184631347656,-2.046312969902474,0.5309442717254755,0.713,2.8288296516324087,-0.10268266759057054,-0.0349554238516645,-0.08500000000000008,-0.1699776158517281,0.18183684470643183,0.06979975575672301,-0.05371428571428576,-0.18226615854434047,0,0,0,0,0,0,0,0
-1.9757915506873271,0.5535279873526495,0.794,3.001564887702288,0.4511018371582031,0.25233563232421874,-2.046312969902474,0.5309442717254755,0.713,2.8288296516324087,-0.07052141921514665,-0.022583715627173984,-0.08100000000000007,-0.17273523606987906,0.12787605751414202,0.05146318390484317,-0.044510144927536285,-0.18472488919227453,0,0,0,0,0,0,0,0
-2.009959211792251,0.5384836284585852,0.783,3.0033276702468017,0.4760022277832031,0.29498861694335937,-2.046312969902474,0.5309442717254755,0.713,2.8288296516324087,-0.03635375811022268,-0.007539356733109681,-0.07000000000000006,-0.17449801861439296,0.16867751761244162,0.07850415933535931,0.004156249999999993,-0.18276106179180185,0,0,0,0,0,0,0,0
-2.0439009955387006,0.5221354365776556,0.771,3.006277276682672,0.47047015380859375,0.3130529479980469,-2.046312969902474,0.5309442717254755,0.713,2.8288296516324087,-0.0024119743637731617,0.008808835147819938,-0.05800000000000005,-0.17744762505026346,0.17349437033660356,0.08854952284340065,0.015364705882352947,-0.19046059462028037,0,0,0,0,0,0,0,0
-2.078017960327063,0.5014496735791247,0.754,3.008581111295305,0.46521792602539064,0.3764871826171875,-2.046312969902474,0.5309442717254755,0.713,2.8288296516324087,0.03170499042458941,0.029494598146350803,-0.041000000000000036,-0.17975145966289618,0.1914545198582785,0.12121813803620189,0.05470000000000005,-0.1899154358950994,0,0,0,0,0,0,0,0
-2.108558411929205,0.4792045951883586,0.737,3.0094188693362622,0.40980828857421875,0.3914827880859375,-2.046312969902474,0.5309442717254755,0.713,2.8288296516324087,0.0622454420267311,0.05173967653711692,-0.02400000000000002,-0.1805892177038535,0.2007918965808194,0.14945360710614797,0.0752444444444445,-0.18457854170841215,0,0,0,0,0,0,0,0
-2.135807259332213,0.45541283559953166,0.717,3.0088952705606644,0.3581351623535156,0.4076302185058594,-2.046312969902474,0.5309442717254755,0.713,2.8288296516324087,0.08949428942973903,0.07553143612594387,-0.0040000000000000036,-0.18006561892825568,0.18296593588954738,0.1584485565570217,0.09824927536231891,-0.17778910251261298,0,0,0,0,0,0,0,0
-2.1601789334734964,0.4320003953994324,0.693,3.007935339472067,0.3158963012695313,0.39646780395507814,-2.046312969902474,0.5309442717254755,0.713,2.8288296516324087,0.11386596357102263,0.09894387632604312,0.020000000000000018,-0.1791056878396584,0.22097309619799713,0.2070556702790742,0.1775384615384617,-0.17356762386698188,0,0,0,0,0,0,0,0
-2.178521687087445,0.41242973151059,0.669,3.0082145921523864,0.23356764221191406,0.32760699462890625,-2.046312969902474,0.5309442717254755,0.713,2.8288296516324087,0.1322087171849713,0.11851454021488556,0.04399999999999993,-0.17938494051997766,0.16800854533664483,0.16798318060101183,0.16853333333333279,-0.1807147151881646,0,0,0,0,0,0,0,0
-2.1892654227454815,0.39617859937178035,0.644,3.008546204710265,0.12730784606933593,0.2630329284667969,-2.046312969902474,0.5309442717254755,0.713,2.8288296516324087,0.14295245284300773,0.1347656723536952,0.06899999999999995,-0.1797165530778564,0.12597343628110896,0.14981611514182397,0.1820115942028986,-0.18115834680776388,0,0,0,0,0,0,0,0
-2.194292603280501,0.3862894405275625,0.621,3.0092792429961026,0.05506369400024414,0.1570295867919922,-2.046312969902474,0.5309442717254755,0.713,2.8288296516324087,0.14797963337802722,0.14465483119791306,0.09199999999999997,-0.18044959136369387,0.09986501061926101,0.12322749788537204,0.19198235294117655,-0.1836835838012122,0,0,0,0,0,0,0,0
-2.1939398020248833,0.382388376047808,0.601,3.0102042674996596,-0.012965639114379883,0.05730633544921875,-2.046312969902474,0.5309442717254755,0.713,2.8288296516324087,0.14762683212240946,0.14855589567766753,0.11199999999999999,-0.1813746158672509,0.07185340908555049,0.09595052828191414,0.20071111111111117,-0.1857794944556177,0,0,0,0,0,0,0,0
-2.1889084854347067,0.3840520795876552,0.584,3.0127000883300115,-0.0715498275756836,-0.03462780380249023,-2.046312969902474,0.5309442717254755,0.713,2.8288296516324087,0.14259551553223293,0.14689219213782034,0.129,-0.18387043669760272,0.04577658665652539,0.0650070201421491,0.1894318840579711,-0.19472183161217588,0,0,0,0,0,0,0,0
-2.179382370529444,0.38909558831716295,0.57,3.0152133624528834,-0.1319823303222656,-0.09339180755615234,-2.046312969902474,0.5309442717254755,0.713,2.8288296516324087,0.13306940062697015,0.14184868340831258,0.14300000000000002,-0.18638371082047467,0.01821382760563038,0.0453413264095517,0.18541449275362326,-0.1973109896155701,0,0,0,0,0,0,0,0
-2.165155894148818,0.39813766873603984,0.558,3.0150562828202045,-0.19459986877441407,-0.16144676208496095,-2.046312969902474,0.5309442717254755,0.713,2.8288296516324087,0.11884292424634424,0.1328066029894357,0.15499999999999992,-0.1862266311877958,-0.020889291638425733,0.015359299130090272,0.19174193548387033,-0.18546656844902715,0,0,0,0,0,0,0,0
-2.1476234826878726,0.41034336954154865,0.548,3.015614788180842,-0.23777838134765625,-0.21481031799316405,-2.046312969902474,0.5309442717254755,0.713,2.8288296516324087,0.10131051278539882,0.12060090218392688,0.16499999999999992,-0.18678513654843343,-0.038277265510646905,-0.0016125240084435694,0.1827246376811594,-0.18921342072511874,0,0,0,0,0,0,0,0
-2.127678560201982,0.42513496977286225,0.541,3.0165398126843987,-0.2689256286621094,-0.25770538330078124,-2.046312969902474,0.5309442717254755,0.713,2.8288296516324087,0.0813655902995083,0.10580930195261329,0.17199999999999993,-0.18771016105199,-0.060487101517806466,-0.02212520526948694,0.17310724637681157,-0.1917320067196273,0,0,0,0,0,0,0,0
-2.1056297332650056,0.4421703576939111,0.536,3.015283175622963,-0.29627810668945315,-0.2947867126464844,-2.046312969902474,0.5309442717254755,0.713,2.8288296516324087,0.05931676336253178,0.08877391403156443,0.17699999999999994,-0.18645352399055426,-0.08906607105629998,-0.047342054866788566,0.1685230769230769,-0.18065366063008156,0,0,0,0,0,0,0,0
-2.080909878123781,0.4617222185069832,0.533,3.0156322414733623,-0.33089852905273437,-0.3376523742675781,-2.046312969902474,0.5309442717254755,0.713,2.8288296516324087,0.03459690822130712,0.06922205321849234,0.17999999999999994,-0.18680258984095355,-0.11183511752260955,-0.06752555972769754,0.15967164179104476,-0.18836557126065184,0,0,0,0,0,0,0,0
-2.054431737172057,0.4822553214329829,0.533,3.0158067743985613,-0.3553326416015625,-0.35545220947265627,-2.046312969902474,0.5309442717254755,0.713,2.8288296516324087,0.00811876726958305,0.04868895029249265,0.17999999999999994,-0.18697712276615253,-0.1407429496949495,-0.08794593148031449,0.14399999999999996,-0.18779524585302274,0,0,0,0,0,0,0,0
-2.0262385005221386,0.5036147378667125,0.536,3.0147944834324054,-0.37936288452148437,-0.3709144592285156,-2.046312969902474,0.5309442717254755,0.713,2.8288296516324087,-0.02007446938033519,0.027329533858763022,0.17699999999999994,-0.18596483179999668,-0.1997994044492327,-0.13010053598995253,0.12140769230769224,-0.18012469161063602,0,0,0,0,0,0,0,0
-1.9956625837567008,0.5264943384884369,0.54,3.0137647391737286,-0.411556884765625,-0.3984376525878906,-2.046312969902474,0.5309442717254755,0.713,2.8288296516324087,-0.050650386145772996,0.0044499332370386835,0.17299999999999993,-0.18493508754131982,-0.182701235247934,-0.11553768364035592,0.11781176470588228,-0.18039209816480428,0,0,0,0,0,0,0,0
-1.9651577538690084,0.5492559027719247,0.547,3.0140963517316073,-0.4103144836425781,-0.3969692077636719,-2.046312969902474,0.5309442717254755,0.713,2.8288296516324087,-0.08115521603346543,-0.018311631046449173,0.16599999999999993,-0.18526670009919854,-0.17745825494868592,-0.11129103987220855,0.10138974358974351,-0.1865421330141167,0,0,0,0,0,0,0,0
-1.9349640338503808,0.5712368304604218,0.554,3.0140090852690076,-0.40730621337890627,-0.384625244140625,-2.046312969902474,0.5309442717254755,0.713,2.8288296516324087,-0.11134893605209295,-0.040292558734946304,0.15899999999999992,-0.18517943363659883,-0.25506695871509616,-0.16530334900849195,0.08097358490566028,-0.18468547252754386,0,0,0,0,0,0,0,0
-1.906830976703558,0.5911713893640715,0.56,3.0109023992004578,-0.3805195617675781,-0.35028182983398437,-2.046312969902474,0.5309442717254755,0.713,2.8288296516324087,-0.13948199319891574,-0.060227117638596006,0.1529999999999999,-0.18207274756804903,-0.2124449096630517,-0.13123088659143414,0.09196521739130427,-0.1685654168352238,0,0,0,0,0,0,0,0
-1.881014258019553,0.6069043436793131,0.566,3.0067485155807114,-0.3531939392089844,-0.28444775390625,-2.046312969902474,0.5309442717254755,0.713,2.8288296516324087,-0.16529871188292078,-0.07596007195383758,0.14700000000000002,-0.1779188639483027,-0.22607557085259947,-0.12538533772826088,0.08426666666666728,-0.15813846575903442,0,0,0,0,0,0,0,0
-1.8593517121987322,0.6192042320665879,0.572,3.002402645743245,-0.297185302734375,-0.22650685119628905,-2.046312969902474,0.5309442717254755,0.713,2.8288296516324087,-0.1869612577037416,-0.08825996034111239,0.14100000000000001,-0.17357299411083638,-0.20336310765313587,-0.10652071836687765,0.08236521739130434,-0.15467790786098282,0,0,0,0,0,0,0,0
-1.8425338964500668,0.6272229460850661,0.581,2.9985280148038176,-0.23313961791992188,-0.15411724853515624,-2.046312969902474,0.5309442717254755,0.713,2.8288296516324087,-0.20377907345240698,-0.09627867435959059,0.132,-0.16969836317140885,-0.18719729777015826,-0.08881397350540934,0.0599478260869565,-0.152852141695637,0,0,0,0,0,0,0,0
-1.8304244739794473,0.6310942088669551,0.591,2.9952642491025885,-0.17150633239746094,-0.08337358856201171,-2.046312969902474,0.5309442717254755,0.713,2.8288296516324087,-0.2158884959230265,-0.10014993714147957,0.122,-0.16643459747017975,-0.176303890940817,-0.07192887137172599,0.04114838709677416,-0.1506421827868131,0,0,0,0,0,0,0,0
-1.8229625248913377,0.6312822817749745,0.601,2.991372164870641,-0.11032172393798828,-0.019110984802246093,-2.046312969902474,0.5309442717254755,0.713,2.8288296516324087,-0.2233504450111361,-0.10033801004949894,0.11199999999999999,-0.1625425132382321,-0.1512461646394826,-0.0511663613551552,0.03656969696969693,-0.1448512212748337,0,0,0,0,0,0,0,0
-1.8214755952800137,0.6288735976344788,0.613,2.9871484680808145,-0.027459875106811523,0.03238544464111328,-2.046312969902474,0.5309442717254755,0.713,2.8288296516324087,-0.22483737462246012,-0.09792932590900327,0.09999999999999998,-0.15831881644840573,-0.12171199738200517,-0.03391038707640373,0.004999999999999935,-0.13569186936005018,0,0,0,0,0,0,0,0
-1.8246591373198093,0.6246374552381325,0.624,2.9838148892095053,0.03740998840332031,0.0701317138671875,-2.046312969902474,0.5309442717254755,0.713,2.8288296516324087,-0.22165383258266447,-0.09369318351265699,0.08899999999999997,-0.1549852375770966,-0.09654179175378765,-0.027838260490672076,0.021841025641025566,-0.14216378037975375,0,0,0,0,0,0,0,0
-1.8316930630890162,0.6188704868065366,0.636,2.980132244487798,0.09060641479492187,0.10200801849365235,-2.046312969902474,0.5309442717254755,0.713,2.8288296516324087,-0.21461990681345755,-0.08792621508106102,0.07699999999999996,-0.15130259285538905,-0.0669513629276727,-0.010873944408422521,-0.007252459016393535,-0.13319122537158148,0,0,0,0,0,0,0,0
-1.8424732693482049,0.6112576367443284,0.65,2.977409530854686,0.1412423095703125,0.13870286560058595,-2.046312969902474,0.5309442717254755,0.713,2.8288296516324087,-0.20383970055426892,-0.08031336501885289,0.06299999999999994,-0.14857987922227744,-0.04006620780638003,0.003523604732751359,-0.029927868852459127,-0.13518948430533512,0,0,0,0,0,0,0,0
-1.856581714043347,0.6019779858977827,0.66,2.9739886855207773,0.18602986145019532,0.17191253662109374,-2.046312969902474,0.5309442717254755,0.713,2.8288296516324087,-0.18973125585912687,-0.0710337141723072,0.052999999999999936,-0.1451590338883686,-0.015221182069890565,0.01686826866047532,-0.014051612903225895,-0.12860655646622898,0,0,0,0,0,0,0,0
-1.8747287951383957,0.5915164375645765,0.674,2.970951812622307,0.24221388244628905,0.20013385009765625,-2.046312969902474,0.5309442717254755,0.713,2.8288296516324087,-0.17158417476407806,-0.060572165839100967,0.038999999999999924,-0.14212216098989838,0.0062583239696578224,0.02277974195903182,-0.039814492753623296,-0.12891836577915833,0,0,0,0,0,0,0,0
-1.8958140425386567,0.5802877377371884,0.689,2.9674786074108392,0.28308328247070313,0.21969276428222656,-2.046312969902474,0.5309442717254755,0.713,2.8288296516324087,-0.1504989273638171,-0.04934346601171291,0.02400000000000002,-0.1386489557784305,0.031704689797676044,0.032285440031619185,-0.0568869565217386,-0.12354806355465713,0,0,0,0,0,0,0,0
-1.9188660546906877,0.5659619308516898,0.699,2.9632549106210124,0.3033260192871094,0.27153955078125,-2.046312969902474,0.5309442717254755,0.713,2.8288296516324087,-0.12744691521178608,-0.03501765912621424,0.014000000000000012,-0.1344252589886037,0.06434327657205699,0.06207898646744105,-0.044355555555555586,-0.11431241713228553,0,0,0,0,0,0,0,0
-1.943826658491098,0.5506064585433844,0.712,2.958053829450069,0.32761138916015625,0.2930968933105469,-2.046312969902474,0.5309442717254755,0.713,2.8288296516324087,-0.10248631141137587,-0.019662186817908878,0.0010000000000000009,-0.12922417781766038,0.08316009552729009,0.07285221902038212,-0.06920000000000007,-0.10521918779792203,0,0,0,0,0,0,0,0
-1.9713415204329254,0.5349400096805508,0.724,2.9529051081566857,0.3629015502929688,0.3063758239746094,-2.046312969902474,0.5309442717254755,0.713,2.8288296516324087,-0.07497144946954837,-0.00399573795507524,-0.01100000000000001,-0.12407545652427698,0.10208241554985806,0.0774696252542272,-0.06966956521739136,-0.10168971177043613,0,0,0,0,0,0,0,0
-2.0032821124183724,0.5198470416048729,0.733,2.9493795430676575,0.4281405029296875,0.3122427062988281,-2.046312969902474,0.5309442717254755,0.713,2.8288296516324087,-0.043030857484101404,0.011097230120602597,-0.020000000000000018,-0.12054989143524875,0.19768471233454613,0.10912780773652174,-0.07776470588235301,-0.0998112732644944,0,0,0,0,0,0,0,0
-2.039381757065485,0.505657860899409,0.745,2.947354961135344,0.4908636779785156,0.3123607177734375,-2.046312969902474,0.5309442717254755,0.713,2.8288296516324087,-0.0069312128369887205,0.02528641082606653,-0.03200000000000003,-0.11852530950293527,0.18234138808870323,0.08567575316174467,-0.08736470588235301,-0.1095933303897876,0,0,0,0,0,0,0,0
-2.0793987159331326,0.49045103905584886,0.754,2.9449638600601116,0.5449386596679687,0.33967315673828125,-2.046312969902474,0.5309442717254755,0.713,2.8288296516324087,0.033085746030658836,0.04049323266962668,-0.041000000000000036,-0.11613420842770283,0.20328868106435136,0.09121178493809402,-0.07480000000000006,-0.10656980412677308,0,0,0,0,0,0,0,0
-2.1209160545692627,0.47656593726063007,0.763,2.9417350009439223,0.5700701904296875,0.32592822265625,-2.046312969902474,0.5309442717254755,0.713,2.8288296516324087,0.07460308466678889,0.05437833446484547,-0.050000000000000044,-0.11290534931151353,0.29223256904647366,0.11244856422060828,-0.09526315789473691,-0.09591135396314875,0,0,0,0,0,0,0,0
-2.163094500859183,0.46465389719704187,0.772,2.939710419011609,0.5846097412109375,0.3007291259765625,-2.046312969902474,0.5309442717254755,0.713,2.8288296516324087,0.11678153095670929,0.06629037452843367,-0.05900000000000005,-0.11088076737920005,0.27548570961765084,0.09445715817974434,-0.09352352941176478,-0.10194878826605237,0,0,0,0,0,0,0,0
-2.202497602375986,0.4557407781142475,0.777,2.9382268891474133,0.55223486328125,0.24949444580078126,-2.046312969902474,0.5309442717254755,0.713,2.8288296516324087,0.15618463247351233,0.07520349361122802,-0.06400000000000006,-0.10939723751500452,0.2969984357745509,0.0871190750433604,-0.07897777777777784,-0.10233280959026389,0,0,0,0,0,0,0,0
-2.2383168665535735,0.45033667021917884,0.781,2.937476397569055,0.5098449401855468,0.18790570068359375,-2.046312969902474,0.5309442717254755,0.713,2.8288296516324087,0.19200389665109974,0.0806076015062967,-0.06800000000000006,-0.10864674593664647,0.27769386806693525,0.06771594224987351,-0.07468985507246384,-0.10538373907422018,0,0,0,0,0,0,0,0
-2.2685945451820633,0.45081542183016365,0.786,2.938296702317493,0.4461925964355469,0.08502792358398438,-2.046312969902474,0.5309442717254755,0.713,2.8288296516324087,0.22228157527958947,0.08012884989531188,-0.07300000000000006,-0.10946705068508411,0.2647232154654673,0.03763597474700831,-0.08376231884057979,-0.11303359306959558,0,0,0,0,0,0,0,0
-2.2915858265886553,0.45665502282916925,0.789,2.941281215338404,0.3554522399902344,-0.01616156578063965,-2.046312969902474,0.5309442717254755,0.713,2.8288296516324087,0.24527285668618148,0.07428924889630628,-0.07600000000000007,-0.1124515637059953,0.2567522365482108,0.0030802852872871336,-0.07830000000000006,-0.1273741288105512,0,0,0,0,0,0,0,0
-2.30786939143703,0.46593031068337265,0.793,2.945190752862871,0.267052734375,-0.08774715423583984,-2.046312969902474,0.5309442717254755,0.713,2.8288296516324087,0.26155642153455627,0.06501396104210289,-0.08000000000000007,-0.11636110123046217,0.2290411020936777,-0.02346458411638283,-0.08813793103448284,-0.13658284704667015,0,0,0,0,0,0,0,0
-2.318242868651141,0.4793654783981805,0.793,2.948245079053861,0.1919371337890625,-0.1672886962890625,-2.046312969902474,0.5309442717254755,0.713,2.8288296516324087,0.27192989874866713,0.051578793327295036,-0.08000000000000007,-0.11941542742145206,0.19097581338855782,-0.04545770485427289,-0.06400000000000006,-0.13329872828958791,0,0,0,0,0,0,0,0
-2.3200175240003924,0.49821468270019453,0.793,2.9517357375578497,0.0804505615234375,-0.2723547973632813,-2.046312969902474,0.5309442717254755,0.713,2.8288296516324087,0.2737045540979186,0.032729589025281,-0.08000000000000007,-0.12290608592544094,0.14671147343368973,-0.08835300716521523,-0.06400000000000006,-0.13952826927776896,0,0,0,0,0,0,0,0
-2.3145461985054747,0.5210673517311539,0.786,2.9545457176535606,-0.015904407501220703,-0.3521186218261719,-2.046312969902474,0.5309442717254755,0.713,2.8288296516324087,0.2682332286030009,0.009876919994321609,-0.07300000000000006,-0.12571606602115182,0.10636351396496146,-0.11098087566712597,-0.02289275362318844,-0.13793337078511214,0,0,0,0,0,0,0,0
-2.303610275945737,0.5454396956874192,0.781,2.954214105095682,-0.09319407653808594,-0.3897128601074219,-2.046312969902474,0.5309442717254755,0.713,2.8288296516324087,0.25729730604326306,-0.014495423961943699,-0.06800000000000006,-0.1253844534632731,0.07236081631709847,-0.1326935999911609,-0.028664705882352974,-0.12392145688439637,0,0,0,0,0,0,0,0
-2.2872474313860924,0.5724295828894459,0.772,2.9524164159661277,-0.16572967529296875,-0.44348385620117187,-2.046312969902474,0.5309442717254755,0.713,2.8288296516324087,0.24093446148361863,-0.04148531116397036,-0.05900000000000005,-0.12358676433371896,0.029562538743784714,-0.1706864733710222,0.002799999999999997,-0.1150263399072707,0,0,0,0,0,0,0,0
-2.2646064495926654,0.6032566569624136,0.764,2.9515262980476105,-0.24660040283203125,-0.5180210571289062,-2.046312969902474,0.5309442717254755,0.713,2.8288296516324087,0.21829347969019164,-0.07231238523693806,-0.051000000000000045,-0.12269664641520173,-0.005698819976635308,-0.19252540893062398,-0.00022028985507246968,-0.11882656850860507,0,0,0,0,0,0,0,0
-2.2387019445786382,0.6344054578678617,0.76,2.9492050101424576,-0.29329876708984376,-0.5322277221679688,-2.046312969902474,0.5309442717254755,0.713,2.8288296516324087,0.19238897467616445,-0.1034611861423862,-0.04700000000000004,-0.12037535851004888,-0.041177887736304375,-0.21691362817584228,-0.01638787878787881,-0.10982404985026321,0,0,0,0,0,0,0,0
-2.2114415382244847,0.6640360089418931,0.738,2.9447718738423925,-0.3163802185058594,-0.5144423217773437,-2.046312969902474,0.5309442717254755,0.713,2.8288296516324087,0.16512856832201095,-0.13309173721641754,-0.025000000000000022,-0.11594222220998374,-0.10825856031806902,-0.27395972612642816,0.13400000000000012,-0.08934340440959287,0,0,0,0,0,0,0,0
-2.1827741720441334,0.690743778672923,0.737,2.938820301093091,-0.3433668212890625,-0.4769715576171875,-2.046312969902474,0.5309442717254755,0.713,2.8288296516324087,0.13646120214165958,-0.1597995069474475,-0.02400000000000002,-0.10999064946068238,-0.07718357520631483,-0.2153739477615568,-0.014127536231884074,-0.08411424620285038,0,0,0,0,0,0,0,0
-2.1550416707229947,0.7112463735208512,0.734,2.9307917865339173,-0.34553085327148436,-0.38501199340820313,-2.046312969902474,0.5309442717254755,0.713,2.8288296516324087,0.10872870082052088,-0.18030210179537565,-0.02100000000000002,-0.10196213490150852,-0.09970510137384339,-0.2040543556083998,-0.000133333333333336,-0.06373111319115679,0,0,0,0,0,0,0,0
-2.1266860184320815,0.7235203789883696,0.739,2.9226236456345838,-0.37739566040039063,-0.2690329284667969,-2.046312969902474,0.5309442717254755,0.713,2.8288296516324087,0.0803730485296077,-0.1925761072628941,-0.026000000000000023,-0.09379399400217503,-0.11734487735138055,-0.1644769728954384,-0.04857777777777782,-0.05489808495772986,0,0,0,0,0,0,0,0
-2.0986242497949243,0.7318139183172336,0.702,2.9177018171439593,-0.38385235595703127,-0.21286766052246095,-2.046312969902474,0.5309442717254755,0.713,2.8288296516324087,0.052311279892450546,-0.2008696465917581,0.01100000000000001,-0.08887216551155053,-0.1065689414457342,-0.13966102282428988,0.18380000000000016,-0.06891880676577551,0,0,0,0,0,0,0,0
-2.0703008645003393,0.7308272480209475,0.734,2.907770893700112,-0.4175328979492188,-0.07989684295654297,-2.046312969902474,0.5309442717254755,0.713,2.8288296516324087,0.023987894597865544,-0.19988297629547191,-0.02100000000000002,-0.07894124206770314,-0.14789613097695029,-0.09437157518483008,-0.19744516129032272,-0.03088838669424806,0,0,0,0,0,0,0,0
-2.0399025904554886,0.7227560446668244,0.758,2.901435348515372,-0.47161724853515624,0.012125728607177734,-2.046312969902474,0.5309442717254755,0.713,2.8288296516324087,-0.006410379446985193,-0.19181177294134888,-0.04500000000000004,-0.07260569688296314,-0.15097457744151702,-0.05667087016590969,-0.15266666666666678,-0.04620759194654648,0,0,0,0,0,0,0,0
-2.0110471474028597,0.7092686866069589,0.775,2.893598820173918,-0.4685302429199219,0.09355282592773438,-2.046312969902474,0.5309442717254755,0.713,2.8288296516324087,-0.035265822499614075,-0.17832441488148332,-0.062000000000000055,-0.06476916854150927,-0.2196210126182092,0.005249298978317274,-0.16860000000000014,-0.017749998492786023,0,0,0,0,0,0,0,0
-1.9853169343256625,0.6922545503771697,0.791,2.8847500008663065,-0.4367899169921875,0.15266835021972655,-2.046312969902474,0.5309442717254755,0.713,2.8288296516324087,-0.060996035576811325,-0.16131027865169412,-0.07800000000000007,-0.05592034923389777,-0.14595410210916254,-0.0043096562434596225,-0.1341948717948719,-0.021886428820007388,0,0,0,0,0,0,0,0
-1.9623446223570211,0.6724547687950538,0.802,2.87745452459297,-0.4087267150878906,0.19972012329101563,-2.046312969902474,0.5309442717254755,0.713,2.8288296516324087,-0.08396834754545268,-0.1415104970695783,-0.08900000000000008,-0.048624872960561394,-0.19368812073545227,0.05999802606408888,-0.1438415094339624,-0.0073297242435630405,0,0,0,0,0,0,0,0
-1.9438686576765178,0.6513767795443347,0.81,2.8712760590409108,-0.35007247924804685,0.23284954833984375,-2.046312969902474,0.5309442717254755,0.713,2.8288296516324087,-0.10244431222595596,-0.12043250781885917,-0.09700000000000009,-0.04244640740850203,-0.14494081753582067,0.04670108286958048,-0.11817971014492765,-0.015583513703896098,0,0,0,0,0,0,0,0
-1.9301563484075221,0.6302268795451469,0.816,2.865516472509329,-0.2829324340820312,0.25080274963378907,-2.046312969902474,0.5309442717254755,0.713,2.8288296516324087,-0.11615662149495165,-0.09928260781967135,-0.10299999999999998,-0.03668682087692021,-0.1342578066863408,0.06785814053009663,-0.11573333333333273,-0.009260218345578226,0,0,0,0,0,0,0,0
-1.9199165820889545,0.6088208365146707,0.819,2.8610658829167437,-0.23530386352539062,0.26706399536132813,-2.046312969902474,0.5309442717254755,0.713,2.8288296516324087,-0.12639638781351925,-0.07787656478919514,-0.10599999999999998,-0.03223623128433495,-0.11513903755166774,0.06964309529622381,-0.10001739130434782,-0.012885841751355542,0,0,0,0,0,0,0,0
-1.9187650940021224,0.5909026227954117,0.822,2.858762048304111,-0.09101019287109376,0.2534847412109375,-2.046312969902474,0.5309442717254755,0.713,2.8288296516324087,-0.12754787590035144,-0.05995835106993619,-0.10899999999999999,-0.02993239667170222,-0.06970071486769433,0.06224692449062941,-0.10264117647058825,-0.019768420439499015,0,0,0,0,0,0,0,0
-1.9215941125427425,0.5703726508219871,0.794,2.857487957950155,-0.04519170379638672,0.3075571594238281,-2.046312969902474,0.5309442717254755,0.713,2.8288296516324087,-0.12471885735973132,-0.039428379096511534,-0.08100000000000007,-0.02865830631774635,-0.04664265900975388,0.09434121030410342,0.09075555555555499,-0.02259120939414697,0,0,0,0,0,0,0,0
-1.928520973082304,0.5490320237055544,0.808,2.8585351555013516,0.010011676788330079,0.33640097045898437,-2.046312969902474,0.5309442717254755,0.713,2.8288296516324087,-0.11779199682016972,-0.018087751980078837,-0.09500000000000008,-0.029705503868942884,-0.023759749296366622,0.09920568184693801,-0.1470144927536233,-0.034258536700232156,0,0,0,0,0,0,0,0
-1.9380753353478066,0.5288763805350021,0.817,2.8607866302364244,0.053172454833984376,0.33033050537109376,-2.046312969902474,0.5309442717254755,0.713,2.8288296516324087,-0.10823763455466717,0.0020678911904734587,-0.10399999999999998,-0.031956978604015696,-0.003451744657244328,0.1079199321057413,-0.13092727272727217,-0.04219095467252847,0,0,0,0,0,0,0,0
-1.9493594267721823,0.5126799925041824,0.831,2.8632824510667763,0.09530418395996093,0.280337646484375,-2.046312969902474,0.5309442717254755,0.713,2.8288296516324087,-0.09695354313029148,0.018264279221293145,-0.118,-0.03445279943436752,0.030511868405484144,0.12250685582638436,-0.19240000000000007,-0.04942772441647847,0,0,0,0,0,0,0,0
-1.9658768608926962,0.4903236201030905,0.831,2.8653768461691693,0.14609799194335937,0.3905096740722656,-2.046312969902474,0.5309442717254755,0.713,2.8288296516324087,-0.0804361090097776,0.04062065162238504,-0.118,-0.036547194536760585,0.04356603161365982,0.13371221480223835,-0.0944,-0.04565326019933913,0,0,0,0,0,0,0,0
-1.9851400802980346,0.4705593514234972,0.824,2.866197150917607,0.197144775390625,0.36402743530273435,-2.046312969902474,0.5309442717254755,0.713,2.8288296516324087,-0.06117288960443923,0.06038492030197834,-0.11099999999999999,-0.037367499285198225,0.07643144078299356,0.1399939528153964,-0.04991111111111107,-0.041273712372996506,0,0,0,0,0,0,0,0
-2.0072656738750587,0.4539254326341775,0.817,2.867855213707001,0.25152944946289063,0.3303551025390625,-2.046312969902474,0.5309442717254755,0.713,2.8288296516324087,-0.03904729602741508,0.07701883909129803,-0.10399999999999998,-0.03902556207459229,0.09435808363274026,0.12412517802008859,-0.04717058823529409,-0.046340544968977875,0,0,0,0,0,0,0,0
-2.0487737377893156,0.4158333214456877,0.81,2.8715204051361893,0.4449765625,0.7184216918945312,-2.046312969902474,0.5309442717254755,0.713,2.8288296516324087,0.002460767886841797,0.11511095027978785,-0.09700000000000009,-0.0426907535037806,0.21177853423312967,0.2507763289945524,-0.04209275362318902,-0.05862636841329498,0,0,0,0,0,0,0,0
-2.0940120535337234,0.3783421094321909,0.8,2.8792696670150444,0.5039370727539062,0.7230277099609375,-2.046312969902474,0.5309442717254755,0.713,2.8288296516324087,0.04769908363124964,0.15260216229328466,-0.08700000000000008,-0.05044001538263565,0.24685532365425503,0.26111691501599277,-0.020304225352112695,-0.08318337543413587,0,0,0,0,0,0,0,0
-2.10960141925887,0.38091690307532766,0.788,2.8586922351340314,0.23585646057128906,0.023339973449707032,-2.046312969902474,0.5309442717254755,0.713,2.8288296516324087,0.0632884493563961,0.15002736865014787,-0.07500000000000007,-0.02986258350162263,0.12258219140821909,0.059994054740109354,0.010000000000000009,0.07302457590344247,0,0,0,0,0,0,0,0
-2.1224165622020155,0.3903713253341652,0.776,2.846317850737391,0.2241729736328125,-0.08252045440673828,-2.046312969902474,0.5309442717254755,0.713,2.8288296516324087,0.07610359229954167,0.14057294639131035,-0.06300000000000006,-0.01748819910498245,0.1030561444121034,0.02232925883923296,0.0104695652173913,0.036313472184757466,0,0,0,0,0,0,0,0
-2.1298920234116108,0.41100529435537625,0.763,2.8380798966679786,0.19734722900390625,-0.26348394775390627,-2.046312969902474,0.5309442717254755,0.713,2.8288296516324087,0.08357905350913697,0.11993897737009929,-0.050000000000000044,-0.009250245035569815,0.08331986680787572,-0.0546636725439007,0.03222222222222225,0.029978107675918922,0,0,0,0,0,0,0,0
-2.1231167295732214,0.44867764937477106,0.75,2.8320061508710377,0.07190526580810547,-0.569631103515625,-2.046312969902474,0.5309442717254755,0.713,2.8288296516324087,0.0768037596707476,0.08226662235070448,-0.03700000000000003,-0.0031764992386289492,-0.006340626644556029,-0.20764639178291536,0.056249056603773634,0.031203193951602363,1489607722644,0,0,0,0,0,0,0
-2.109779595237371,0.48949103126820154,0.736,2.8293881569930464,-0.004030203819274903,-0.6440468139648438,-2.046312969902474,0.5309442717254755,0.713,2.8288296516324087,0.06346662533489722,0.041453240457274,-0.02300000000000002,-0.0005585053606376178,-0.035918818021647494,-0.1862977806800683,0.05261449275362322,0.010824076717585562,1489607722644,0,0,0,0,0,0,0
-2.0913563813569054,0.5332563223557102,0.722,2.8305400742993627,-0.06134675598144531,-0.709626708984375,-2.046312969902474,0.5309442717254755,0.713,2.8288296516324087,0.04504341145443158,-0.002312050630234652,-0.009000000000000008,-0.0017104226669539813,-0.08148030811412249,-0.248218152422021,0.0718322580645162,-0.007284216084613804,1489607722644,0,0,0,0,0,0,0
-2.0706373738981987,0.5782718465628113,0.702,2.833158068177354,-0.08920877838134765,-0.7379489135742188,-2.046312969902474,0.5309442717254755,0.713,2.8288296516324087,0.024324403995724886,-0.04732757483733574,0.01100000000000001,-0.004328416544945313,-0.09143283529567102,-0.24874140845417328,0.10880000000000006,-0.015548390307765303,1489607722644,0,0,0,0,0,0,0
-2.049810818790581,0.6221767035888326,0.681,2.8348859441368286,-0.09773493957519531,-0.7223287353515625,-0.16501748175242792,-0.028863086263772875,0.702,2.833158068177354,1.884793337038153,-0.6510397898526055,0.020999999999999908,-0.0017278759594745452,0.9423966685190766,-0.32551989492630273,0.016799999999999926,-0.0017278759594745452,0,0,0,0,0,0,0,0
-2.028123111093284,0.6626319633202232,0.665,2.843961656247199,-0.12691993713378907,-0.6767295532226563,-0.16501748175242792,-0.028863086263772875,0.702,2.833158068177354,1.8631056293408559,-0.6914950495839961,0.03699999999999992,-0.010803588069844938,0.8091222067018147,-0.5741239910175904,0.11992258064516129,-0.05471832408776619,0,0,0,0,0,0,0,0
-2.004527533139077,0.6996177931821825,0.647,2.8536133270107276,-0.175677734375,-0.6341888427734375,-0.16501748175242792,-0.028863086263772875,0.702,2.833158068177354,1.839510051386649,-0.7284808794459554,0.05499999999999994,-0.020455258833373513,0.8000673114328544,-0.551849721631467,0.13530434782608697,-0.06241904476175862,0,0,0,0,0,0,0,0
-1.9789922603563312,0.7318988524360548,0.637,2.864800887516011,-0.22973110961914062,-0.5730618896484375,-0.16501748175242792,-0.028863086263772875,0.702,2.833158068177354,1.8139747786039033,-0.7607619386998277,0.06499999999999995,-0.03164281933865709,0.7755558382142906,-0.5465334802154328,0.10347058823529412,-0.0809997039207905,0,0,0,0,0,0,0,0
-1.9510455121999555,0.7554950785921516,0.624,2.875796461803576,-0.3065227661132813,-0.45502679443359373,-0.16501748175242792,-0.028863086263772875,0.702,2.833158068177354,1.7860280304475276,-0.7843581648559245,0.07799999999999996,-0.042638393626222015,0.7401802362435839,-0.5212209442191166,0.13349375000000002,-0.0941801480991826,0,0,0,0,0,0,0,0
-1.9186162285819506,0.7703483555869479,0.614,2.8834410039273104,-0.4108329467773438,-0.342751953125,-0.16501748175242792,-0.028863086263772875,0.702,2.833158068177354,1.7535987468295227,-0.7992114418507208,0.08799999999999997,-0.05028293574995635,0.7098839430279714,-0.47605641133975324,0.12187058823529413,-0.0840088568840784,0,0,0,0,0,0,0,0
-1.8807438362010156,0.7753461151717466,0.618,2.8884151922954944,-0.530123046875,-0.21751112365722655,-0.16501748175242792,-0.028863086263772875,0.702,2.833158068177354,1.7157263544485877,-0.8042092014355194,0.08399999999999996,-0.05525712411814032,0.6539349105577209,-0.42901561386667547,0.04566153846153841,-0.07821491658668174,0,0,0,0,0,0,0,0
-1.8387919556167893,0.7706654789098872,0.612,2.890265241302609,-0.6268038940429688,-0.08965111541748047,-0.16501748175242792,-0.028863086263772875,0.702,2.833158068177354,1.6737744738643614,-0.7995285651736601,0.08999999999999997,-0.05710717312525482,0.6074628899871932,-0.37416705302978687,0.1048125,-0.06577927784610402,0,0,0,0,0,0,0,0
-1.792595818897237,0.7564419680080062,0.614,2.891958210677043,-0.7242306518554688,0.03432211685180664,-0.16501748175242792,-0.028863086263772875,0.702,2.833158068177354,1.6275783371448092,-0.7853050542717791,0.08799999999999997,-0.05880014249968912,0.525063314075203,-0.30375558399913327,0.057899999999999965,-0.06786962129130147,0,0,0,0,0,0,0,0
-1.7418627510603515,0.7339866193516239,0.624,2.894803097357794,-0.82062109375,0.13838555908203126,-0.16501748175242792,-0.028863086263772875,0.702,2.833158068177354,1.5768452693079236,-0.7628497056153968,0.07799999999999996,-0.06164502918043979,0.5065722577823752,-0.2566729158277966,0.006844444444444375,-0.07519210861258584,0,0,0,0,0,0,0,0
-1.6878106306030192,0.7049989007804295,0.618,2.8977876103787037,-0.8924385375976562,0.2235740509033203,-0.16501748175242792,-0.028863086263772875,0.702,2.833158068177354,1.5227931488505912,-0.7338619870442024,0.08399999999999996,-0.06462954220134964,0.48721915181563896,-0.21989184134937587,0.09763478260869564,-0.0776056857705229,0,0,0,0,0,0,0,0
-1.633116306821796,0.6719803130317514,0.617,2.90208112033861,-0.9157110595703125,0.28258609008789065,-0.16501748175242792,-0.028863086263772875,0.702,2.833158068177354,1.468098825069368,-0.7008433992955243,0.08499999999999996,-0.06892305216125605,0.4525345107195647,-0.18047308623544867,0.0731470588235294,-0.08786500786672548,0,0,0,0,0,0,0,0
-1.5782930400737407,0.6369013164750758,0.629,2.904245328611083,-0.9237000732421875,0.31608013916015626,-0.16501748175242792,-0.028863086263772875,0.702,2.833158068177354,1.4132755583213128,-0.6657644027388486,0.07299999999999995,-0.07108726043372915,0.40206407500479385,-0.13799888716567055,-0.008266666666666755,-0.08139301411217248,0,0,0,0,0,0,0,0
-1.524551296980072,0.6073466725585577,0.63,2.906549163223716,-0.8877620849609374,0.2413507080078125,-0.16501748175242792,-0.028863086263772875,0.702,2.833158068177354,1.3595338152276442,-0.6362097588223306,0.07199999999999995,-0.07339109504636188,0.4071638629357928,-0.1681900189650591,0.05252753623188402,-0.08340776727519982,0,0,0,0,0,0,0,0
-1.47621738181539,0.5794224132867859,0.632,2.9105808737958228,-0.8026212768554688,0.23850303649902344,-0.16501748175242792,-0.028863086263772875,0.702,2.833158068177354,1.3111999000629622,-0.6082854995505588,0.06999999999999995,-0.0774228056184687,0.4068224455073826,-0.1604149446999835,0.04570588235294114,-0.09520976402482235,0,0,0,0,0,0,0,0
-1.4270068356650825,0.5537137534665902,0.641,2.9148045705856487,-0.806843994140625,0.20637515258789063,-0.16501748175242792,-0.028863086263772875,0.702,2.833158068177354,1.2619893539126545,-0.5825768397303631,0.06099999999999994,-0.08164650240829463,0.3576027538990627,-0.1484625319752057,-0.0012000000000000899,-0.10175934426460856,0,0,0,0,0,0,0,0
-1.3705000658304949,0.5266687543430505,0.644,2.919429693103434,-0.9171131591796875,0.20470474243164063,-0.16501748175242792,-0.028863086263772875,0.702,2.833158068177354,1.205482584078067,-0.5555318406068234,0.05799999999999994,-0.08627162492607976,0.3161127493998212,-0.14058114214052894,0.03118260869565212,-0.10638085326427597,0,0,0,0,0,0,0,0
-1.307627014005746,0.49644391503183044,0.654,2.9263062903562918,-1.0198135375976562,0.23442845153808595,-0.16501748175242792,-0.028863086263772875,0.702,2.833158068177354,1.142609532253318,-0.5253070012956034,0.04799999999999993,-0.0931482221789377,0.2476934699698633,-0.10708447478122818,-0.013070588235294209,-0.12348615123566391,0,0,0,0,0,0,0,0
-1.2351720320309316,0.4695757712305222,0.657,2.9348758569835836,-1.1478321533203124,0.16154318237304688,-0.16501748175242792,-0.028863086263772875,0.702,2.833158068177354,1.0701545502785037,-0.49843885749429506,0.04499999999999993,-0.1017177888062295,0.13254959750139428,-0.09995196318432359,0.01933333333333326,-0.14252524893619045,0,0,0,0,0,0,0,0
-1.1585948651109796,0.44304006052729883,0.66,2.9435850499510363,-1.2058985595703124,0.15380218505859375,-0.16501748175242792,-0.028863086263772875,0.702,2.833158068177354,0.9935773833585517,-0.4719031467910717,0.041999999999999926,-0.11042698177368226,-0.008909580433614561,-0.060715747996891056,0.013788679245282945,-0.15972430045737715,0,0,0,0,0,0,0,0
-1.0784761837852381,0.41649452099109097,0.668,2.9525211357212475,-1.2566270751953126,0.15399307250976563,-0.16501748175242792,-0.028863086263772875,0.702,2.833158068177354,0.9134587020328102,-0.44535760725486384,0.03399999999999992,-0.11936306754389348,0.05033024284235399,-0.08802751612492829,-0.013379710144927632,-0.15821561437089873,0,0,0,0,0,0,0,0
-0.9959481227688928,0.39034091245697905,0.676,2.9605671035729406,-1.289592529296875,0.15264936828613282,-0.16501748175242792,-0.028863086263772875,0.702,2.833158068177354,0.8309306410164649,-0.4192039987207519,0.025999999999999912,-0.12740903539558657,-0.05041889490662038,-0.0619606608613571,-0.024361290322580748,-0.16634113790377894,0,0,0,0,0,0,0,0
-0.9123603568919989,0.3647915757932208,0.674,2.968281458866756,-1.3023265380859375,0.1512425537109375,-0.16501748175242792,-0.028863086263772875,0.702,2.833158068177354,0.747342875139571,-0.3936546620569937,0.027999999999999914,-0.13512339068940182,-0.027091823483815225,-0.07433051140773812,0.031989041095890354,-0.16682622066398506,0,0,0,0,0,0,0,0
-0.8279641081485662,0.3400443524567697,0.681,2.973744339425498,-1.3109918212890626,0.14734182739257812,-0.16501748175242792,-0.028863086263772875,0.702,2.833158068177354,0.6629466263961383,-0.3689074387205426,0.020999999999999908,-0.14058627124814382,-0.12296802618964509,-0.05119943985630401,-0.020892307692307793,-0.16579956613464536,0,0,0,0,0,0,0,0
-0.7434971194695997,0.31596348665756924,0.681,2.9798355385149584,-1.309543701171875,0.14446922302246093,-0.16501748175242792,-0.028863086263772875,0.702,2.833158068177354,0.5784796377171718,-0.3448265729213421,0.020999999999999908,-0.14667747033760437,-0.18002122935789472,-0.03863069868733501,0.016799999999999926,-0.17568318028741647,0,0,0,0,0,0,0,0
-0.6601515503723775,0.2925159144801253,0.689,2.9857696579717383,-1.2905078125,0.1457769012451172,-0.16501748175242792,-0.028863086263772875,0.702,2.833158068177354,0.4951340686199496,-0.3213790007438982,0.013000000000000012,-0.15261158979438427,-0.1752003451686887,-0.04175254005158141,-0.030179710144926996,-0.1784121091716882,0,0,0,0,0,0,0,0
-0.5797778431460582,0.2701992447298364,0.689,2.989312676353287,-1.2429495849609375,0.14359249877929686,-0.16501748175242792,-0.028863086263772875,0.702,2.833158068177354,0.41476036139363026,-0.2990623309936093,0.013000000000000012,-0.15615460817593307,-0.21248246899291257,-0.03295154739828057,0.01040000000000001,-0.17201886958585308,0,0,0,0,0,0,0,0
-0.5053531324348153,0.2831532140143407,0.693,2.6968478535965974,-1.0739765625,-0.36140557861328126,-0.16501748175242792,-0.028863086263772875,0.702,2.833158068177354,0.34033565068238736,-0.31201630027811356,0.009000000000000008,0.13631021458075665,-0.23684231136091588,-0.22685016966368945,-0.014675000000000013,1.5072390712527397,0,0,0,0,0,0,0,0
-0.44901706824702453,0.3257384733342338,0.71,2.296137710631219,-0.4880155334472656,-0.9401986694335938,-0.16501748175242792,-0.028863086263772875,0.702,2.833158068177354,0.2839995864945966,-0.35460155959800665,-0.008000000000000007,0.537020357546135,-0.1437628511835243,-0.3933129647549828,-0.09263188405797108,2.279238370439084,0,0,0,0,0,0,0,0
-0.3932199962932106,0.36907449038563145,0.711,1.9727805601142294,-0.06882150268554688,-1.05750244140625,-0.16501748175242792,-0.028863086263772875,0.702,2.833158068177354,0.22820251454078266,-0.3979375766494043,-0.009000000000000008,0.8603775080631246,-0.3014088530239678,-0.5216838089202167,-0.01464680851063831,2.924359319873697,0,0,0,0,0,0,0,0
-0.33059202308381613,0.3953977186974927,0.719,1.7175087037175387,-0.004169715881347656,-1.0190177001953125,-0.16501748175242792,-0.028863086263772875,0.702,2.833158068177354,0.16557454133138821,-0.42426080496126556,-0.017000000000000015,1.1156493644598153,-0.2348908543094951,-0.3456540243523927,-0.05417971014492758,2.225527000967166,0,0,0,0,0,0,0,0
-0.27979865916564695,0.4120197591759529,0.736,1.5236549836985287,0.13527239990234374,-0.7901641845703125,-0.16501748175242792,-0.028863086263772875,0.702,2.833158068177354,0.11478117741321903,-0.4408828454397258,-0.03400000000000003,1.3095030844788254,-0.20404584322514363,-0.3059960428295846,-0.11470000000000011,2.164740084562693,0,0,0,0,0,0,0,0
-0.25038590370920105,0.4215288900105574,0.753,1.3904165486012816,0.16326914978027343,-0.4339795837402344,-0.16501748175242792,-0.028863086263772875,0.702,2.833158068177354,0.08536842195677313,-0.45039197627433025,-0.051000000000000045,1.4427415195760724,-0.12071998600186837,-0.27802449277385666,-0.13524444444444456,2.077210258134392,0,0,0,0,0,0,0,0
-0.2224738066339523,0.42629188428053,0.77,1.3130286495678531,0.1453985595703125,-0.3990711669921875,-0.16501748175242792,-0.028863086263772875,0.702,2.833158068177354,0.057456324881524384,-0.4551549705443029,-0.06800000000000006,1.520129418609501,-0.11285493866557202,-0.2517376011343314,-0.14063188405797114,1.8565985448417985,0,0,0,0,0,0,0,0
-0.19903032352956257,0.42244460545555684,0.788,1.287511935903696,0.03384155654907227,-0.35474554443359374,-0.16501748175242792,-0.028863086263772875,0.702,2.833158068177354,0.03401284177713465,-0.4513076917193297,-0.08600000000000008,1.545646132273658,-0.10365856567814452,-0.2058516754370089,-0.16144705882352955,1.6582198690272927,0,0,0,0,0,0,0,0
-0.18145625056341902,0.41035730748007837,0.807,1.3079671947370695,-0.10040084075927734,-0.3037821655273438,-0.16501748175242792,-0.028863086263772875,0.702,2.833158068177354,0.0164387688109911,-0.43922039374385125,-0.1050000000000001,1.5251908734402846,-0.10783581442752789,-0.13978841778857723,-0.20947169811320773,1.409406389477793,0,0,0,0,0,0,0,0
