-0.2903454715768806,0.1844193737106241,0.673,0.2785370953257748,-0.01838320732116699,-0.001642992377281189,0,0,1.5,undefined,0.2903454715768806,-0.1844193737106241,0.827,0,0.1451727357884403,-0.09220968685531206,0.6616,0,0,0,0,0,0,0,0,0
-0.2910657899684541,0.18370925626145893,0.67,0.2777866037474172,-0.013317041397094727,-0.007270462036132812,0,0,1.5,undefined,0.2910657899684541,-0.18370925626145893,0.83,0,0.149534663826302,-0.08790953119092286,0.6806666666666668,0,0,0,0,0,0,0,0,0
-0.2921815518651882,0.18301536240682098,0.667,0.2769662989989798,-0.0189491081237793,-0.005419805526733399,0,0,1.5,undefined,0.2921815518651882,-0.18301536240682098,0.833,0,0.15183366804813708,-0.08793616871630343,0.6818411764705883,0,0,0,0,0,0,0,0,0
-0.2924248016405726,0.18243212907640557,0.669,0.2768615792438602,-0.005901870250701905,-0.007417380332946777,0,0,1.5,undefined,0.2924248016405726,-0.18243212907640557,0.831,0,0.14746442172300026,-0.08821412827871172,0.6545058823529413,0,0,0,0,0,0,0,0,0
-0.2908978286293773,0.18115995528429812,0.675,0.27743753789701836,0.01681633949279785,-0.024616601943969727,0,0,1.5,undefined,0.2908978286293773,-0.18115995528429812,0.825,0,0.13696573091915915,-0.08351234546377434,0.6266666666666667,0,0,0,0,0,0,0,0,0
-0.2872116869233994,0.17843855628554192,0.681,0.2785545486182947,0.04199723434448242,-0.054404083251953124,0,0,1.5,undefined,0.2872116869233994,-0.17843855628554192,0.819,0,0.1251751349318101,-0.07561228314898995,0.6252,0,0,0,0,0,0,0,0,0
-0.2813693177060719,0.17562034271569982,0.693,0.28031733116280905,0.07263382720947266,-0.06474054718017579,0,0,1.5,undefined,0.2813693177060719,-0.17562034271569982,0.807,0,0.11016481965804152,-0.07308816017210758,0.5829134328358215,0,0,0,0,0,0,0,0,0
-0.27277547682487435,0.17207449961681603,0.704,0.2805965838431281,0.10916112518310547,-0.0867752685546875,0,0,1.5,undefined,0.27277547682487435,-0.17207449961681603,0.796,0,0.08864417796133983,-0.0663381214812759,0.5756888888888889,0,0,0,0,0,0,0,0,0
-0.26013180847410755,0.16784484095423938,0.726,0.2794446665368117,0.16466796875,-0.11348454284667969,0,0,1.5,undefined,0.26013180847410755,-0.16784484095423938,0.774,0,0.04656998116595226,-0.05599071232802856,0.4739169811320754,0,0,0,0,0,0,0,0,0
-0.2430227765009698,0.1626390851619952,0.738,0.27946211982933183,0.22514234924316406,-0.14584295654296875,0,0,1.5,undefined,0.2430227765009698,-0.1626390851619952,0.762,0,0.026461210621941775,-0.05239867706853002,0.5429333333333333,0,0,0,0,0,0,0,0,0
-0.2212242647868746,0.15376808757513816,0.752,0.2790606941013731,0.2775877685546875,-0.21809565734863282,0,0,1.5,undefined,0.2212242647868746,-0.15376808757513816,0.748,0,0.000039971524838505745,-0.031886229941192716,0.5273855072463768,0,0,0,0,0,0,0,0,0
-0.19734207688292538,0.14326854789240712,0.758,0.2789036144686938,0.3009925231933594,-0.25007664489746095,0,0,1.5,undefined,0.19734207688292538,-0.14326854789240712,0.742,0,-0.022470494404656538,-0.018375739323654813,0.5631652173913043,0,0,0,0,0,0,0,0,0
-0.17167375290899622,0.1314001425074456,0.774,0.27872908154349413,0.32113577270507815,-0.2771448059082031,0,0,1.5,undefined,0.17167375290899622,-0.1314001425074456,0.726,0,-0.035567358557328954,-0.009565721459985951,0.5051243243243242,0,0,0,0,0,0,0,0,0
-0.1454698995581386,0.11895995443287218,0.782,0.2791305072714529,0.32654730224609374,-0.28754461669921877,0,0,1.5,undefined,0.1454698995581386,-0.11895995443287218,0.718,0,-0.09710484045797083,0.0211508714150584,0.5225481481481481,0,0,0,0,0,0,0,0,0
-0.11860639182633079,0.10575078053619787,0.795,0.27960174616949124,0.332765625,-0.301490234375,0,0,1.5,undefined,0.11860639182633079,-0.10575078053619787,0.705,0,-0.07128330000534484,0.011335871729623408,0.5008055555555555,0,0,0,0,0,0,0,0,0
-0.09119202112099727,0.09115149298370535,0.843,0.279409759951772,0.3348110656738281,-0.3239692993164062,0,0,1.5,undefined,0.09119202112099727,-0.09115149298370535,0.657,0,-0.1091625337438035,0.03683958646576634,0.2546322580645166,0,0,0,0,0,0,0,0,0
-0.0637159242582478,0.07711509735223211,0.839,0.27907814739389303,0.33809182739257815,-0.31604443359375,0,0,1.5,undefined,0.0637159242582478,-0.07711509735223211,0.661,0,-0.10552252218462338,0.03162442948125014,0.5488000000000001,0,0,0,0,0,0,0,0,0
-0.03548986926887384,0.0639866855382184,0.843,0.2790083342238132,0.3527625732421875,-0.3059383544921875,0,0,1.5,undefined,0.03548986926887384,-0.0639866855382184,0.657,0,-0.13424151530834597,0.03869810546019539,0.5040615384615386,0,0,0,0,0,0,0,0,0
-0.008324900178344597,0.052069941760496105,0.851,0.27906069410137313,0.3424885864257812,-0.28405816650390625,0,0,1.5,undefined,0.008324900178344597,-0.052069941760496105,0.649,0,-0.14439597462465947,0.03913472165417075,0.47544999999999993,0,0,0,0,0,0,0,0,0
0.015882547438836624,0.040875317028485764,0.863,0.27977627909469094,0.30281072998046876,-0.2614434814453125,0,0,1.5,undefined,-0.015882547438836624,-0.040875317028485764,0.637,0,-0.16198866764693515,0.0508008625076411,0.43323636363636364,0,0,0,0,0,0,0,0,0
0.03641184838851204,0.0307089654911186,0.876,0.2802126114076895,0.2538558349609375,-0.23160044860839843,0,0,1.5,undefined,-0.03641184838851204,-0.0307089654911186,0.624,0,-0.12387144378817358,0.03697232663794816,0.43228823529411764,0,0,0,0,0,0,0,0,0
0.053744764982449254,0.023335364415256816,0.891,0.2805442239655682,0.21926448059082032,-0.17819395446777345,0,0,1.5,undefined,-0.053744764982449254,-0.023335364415256816,0.609,0,-0.1231663635686536,0.029296768213825944,0.4038666666666666,0,0,0,0,0,0,0,0,0
0.06672484604429212,0.019185885243179508,0.91,0.28084092993840737,0.16985581970214844,-0.1137174301147461,0,0,1.5,undefined,-0.06672484604429212,-0.019185885243179508,0.59,0,-0.09920341391555187,0.011455140135324128,0.375623188405797,0,0,0,0,0,0,0,0,0
0.07360170142507537,0.01883219465046803,0.932,0.2795493862919316,0.09764112854003906,-0.033687732696533204,0,0,1.5,undefined,-0.07360170142507537,-0.01883219465046803,0.568,0,-0.07168345047013389,-0.007622014608581594,0.34280579710144915,0,0,0,0,0,0,0,0,0
0.07514368245691266,0.02131070698452684,0.957,0.27913050727145294,0.0324899787902832,0.029352432250976564,0,0,1.5,undefined,-0.07514368245691266,-0.02131070698452684,0.543,0,-0.046276572859795896,-0.02464695537807929,0.29327096774193606,0,0,0,0,0,0,0,0,0
0.07222229458372556,0.025379240806673524,0.985,0.27792623008757666,-0.025310317993164064,0.07073944854736328,0,0,1.5,undefined,-0.07222229458372556,-0.025379240806673524,0.515,0,-0.021292513152507908,-0.03332711080553008,0.26997101449275357,0,0,0,0,0,0,0,0,0
0.06678761403123247,0.03143563589911085,1.013,0.27687903253638035,-0.05346731567382813,0.10972589874267578,0,0,1.5,undefined,-0.06678761403123247,-0.03143563589911085,0.4870000000000001,0,-0.006220404253150791,-0.04599979341174206,0.24960000000000057,0,0,0,0,0,0,0,0,0
0.05926039683694325,0.03825034587665708,1.045,0.2762158074206224,-0.08066543579101562,0.12919142150878907,0,0,1.5,undefined,-0.05926039683694325,-0.03825034587665708,0.45500000000000007,0,0.010900971089239552,-0.05581976512511591,0.19169230769230766,0,0,0,0,0,0,0,0,0
0.05052069503324662,0.04473292486595367,1.071,0.2754478625497449,-0.09960763549804688,0.12930474853515625,0,0,1.5,undefined,-0.05052069503324662,-0.04473292486595367,0.42900000000000005,0,0.026585341149373665,-0.0608224394881261,0.1889627118644067,0,0,0,0,0,0,0,0,0
0.04090988602865392,0.05027171113816571,1.093,0.2746624643863473,-0.11613130950927734,0.11915882110595703,0,0,1.5,undefined,-0.04090988602865392,-0.05027171113816571,0.40700000000000003,0,0.026922284473101833,-0.05243973155886053,0.21714929577464784,0,0,0,0,0,0,0,0,0
0.03117241951714387,0.05608638545838055,1.117,0.27384215963790987,-0.11693110656738281,0.12356606292724609,0,0,1.5,undefined,-0.03117241951714387,-0.05608638545838055,0.383,0,0.0487178143740416,-0.06644198540985431,0.14790943396226403,0,0,0,0,0,0,0,0,0
0.022070683981733053,0.0608651364325085,1.142,0.27356290695759083,-0.11205399322509765,0.10593141174316406,0,0,1.5,undefined,-0.022070683981733053,-0.0608651364325085,0.3580000000000001,0,0.035132881739478185,-0.054672609389367036,0.159588405797102,0,0,0,0,0,0,0,0,0
0.013102980131809803,0.06358284423627868,1.168,0.27337092073987174,-0.11850013732910156,0.07559092712402343,0,0,1.5,undefined,-0.013102980131809803,-0.06358284423627868,0.3320000000000001,0,0.04407264457075861,-0.047133321010390326,0.11882580645161284,0,0,0,0,0,0,0,0,0
0.00486138416881055,0.06416562496984332,1.192,0.27270769562411357,-0.11667324829101562,0.04179293060302734,0,0,1.5,undefined,-0.00486138416881055,-0.06416562496984332,0.30800000000000005,0,0.03937450482935905,-0.03503894664068435,0.12466086956521737,0,0,0,0,0,0,0,0,0
-0.0020906464513455957,0.06350120081245803,1.223,0.2708052867394398,-0.10311112976074219,0.018488847732543945,0,0,1.5,undefined,0.0020906464513455957,-0.06350120081245803,0.2769999999999999,0,0.03630924666124744,-0.028380332941231136,0.06435362318840504,0,0,0,0,0,0,0,0,0
-0.007994881471361072,0.06138552605486618,1.235,0.26956610297052397,-0.09382527923583985,-0.0068871560096740725,0,0,1.5,undefined,0.007994881471361072,-0.06138552605486618,0.2649999999999999,0,0.03679874640243318,-0.018939014374145042,0.1453333333333332,0,0,0,0,0,0,0,0,0
-0.012931640573808096,0.058312903201284697,1.246,0.26876325151460645,-0.08365133666992187,-0.02470403289794922,0,0,1.5,undefined,0.012931640573808096,-0.058312903201284697,0.254,0,0.03150735196598315,-0.013570683502765276,0.1474028985507252,0,0,0,0,0,0,0,0,0
-0.016767532921698674,0.05321377303811398,1.265,0.2670702821401719,-0.07578305053710938,-0.05846237182617187,0,0,1.5,undefined,0.016767532921698674,-0.05321377303811398,0.2350000000000001,0,0.027841191413917485,-0.0007417335174664218,0.09162318840579768,0,0,0,0,0,0,0,0,0
-0.019763803718606275,0.0475755980888371,1.279,0.26502824691533855,-0.06566999816894531,-0.06971333312988282,0,0,1.5,undefined,0.019763803718606275,-0.0475755980888371,0.22100000000000009,0,0.026796333777329918,0.008040607927305779,0.09776774193548386,0,0,0,0,0,0,0,0,0
-0.021672725931016292,0.04171027190633741,1.294,0.26497588703777886,-0.05067923355102539,-0.0774078369140625,0,0,1.5,undefined,0.021672725931016292,-0.04171027190633741,0.20599999999999996,0,0.02320900693483233,0.01716086708155153,0.06757777777777696,0,0,0,0,0,0,0,0,0
-0.022206537176626944,0.03522478981816132,1.297,0.2636145302212233,-0.03320456314086914,-0.09179000091552734,0,0,1.5,undefined,0.022206537176626944,-0.03522478981816132,0.20300000000000007,0,0.013850826470133004,0.01576876289770801,0.1469588235294124,0,0,0,0,0,0,0,0,0
-0.022388958895782,0.02854632428793579,1.307,0.2616946680440294,-0.028745105743408203,-0.09600330352783203,0,0,1.5,undefined,0.022388958895782,-0.02854632428793579,0.19300000000000006,0,0.012207933443196872,0.022829424135062833,0.09884444444444447,0,0,0,0,0,0,0,0,0
-0.021800054794776494,0.01913438985114272,1.31,0.26103144292827174,-0.027992733001708986,-0.13865768432617187,0,0,1.5,undefined,0.021800054794776494,-0.01913438985114272,0.18999999999999995,0,0.00791283268214292,0.0381745014929442,0.13678260869565156,0,0,0,0,0,0,0,0,0
-0.021800081137297873,0.01264409749398801,1.325,0.2594606466014767,-0.025125328063964843,-0.09405633544921875,0,0,1.5,undefined,0.021800081137297873,-0.01264409749398801,0.17500000000000004,0,0.010900166868408976,0.024795791321555974,0.06808219178082242,0,0,0,0,0,0,0,0,0
-0.020879062944522377,0.005083663506958178,1.326,0.25818655624752085,-0.01574263858795166,-0.11315505981445312,0,0,1.5,undefined,0.020879062944522377,-0.005083663506958178,0.17399999999999993,0,0.0053227637346195435,0.03946057928557553,0.1336444444444438,0,0,0,0,0,0,0,0,0
-0.020153575312604973,-0.0009050499837935299,1.328,0.25759314430184277,-0.012414645195007325,-0.08963178253173829,0,0,1.5,undefined,0.020153575312604973,0.0009050499837935299,0.17199999999999993,0,0.0061092771692541825,0.03320330189444517,0.12666249999999993,0,0,0,0,0,0,0,0,0
-0.019308486696078153,-0.004744052000901801,1.328,0.25731389162152374,-0.002411922454833984,-0.05891440963745117,0,0,1.5,undefined,0.019308486696078153,0.004744052000901801,0.17199999999999993,0,0.005367561959859556,0.021845224637956618,0.13759999999999994,0,0,0,0,0,0,0,0,0
-0.018107806931339666,-0.0091563830582573,1.326,0.2563190539478869,0.0005742458701133728,-0.06858926391601562,0,0,1.5,undefined,0.018107806931339666,0.0091563830582573,0.17399999999999993,0,0.0023834603282337913,0.029091141847770313,0.1503111111111111,0,0,0,0,0,0,0,0,0
-0.0176182004373128,-0.011219258073660239,1.333,0.25565582883212923,-0.000740586519241333,-0.031794092178344724,0,0,1.5,undefined,0.0176182004373128,0.011219258073660239,0.16700000000000004,0,0.0063255890170708555,0.016073487810613137,0.09809275362318898,0,0,0,0,0,0,0,0,0
-0.01747760919028464,-0.012044082666696156,1.338,0.25385813970257487,-0.001088398814201355,-0.012503528594970703,0,0,1.5,undefined,0.01747760919028464,0.012044082666696156,0.16199999999999992,0,0.008015173176615022,0.010267462032797652,0.10386470588235229,0,0,0,0,0,0,0,0,0
-0.01681916824033101,-0.011692753147379395,1.341,0.2541373923828941,0.010883570671081543,0.002620628833770752,0,0,1.5,undefined,0.01681916824033101,0.011692753147379395,0.15900000000000003,0,0.004751578842645342,0.0038945459108188055,0.11053333333333397,0,0,0,0,0,0,0,0,0
-0.01639347295288195,-0.009754154485354534,1.345,0.2541897522604538,0.013491096496582032,0.026539613723754883,0,0,1.5,undefined,0.01639347295288195,0.009754154485354534,0.15500000000000003,0,0.005385541181966042,-0.007924989393335972,0.09758490566037736,0,0,0,0,0,0,0,0,0
-0.016006166637308777,-0.007729432956535165,1.349,0.2536487001923354,0.013260003089904784,0.027934040069580078,0,0,1.5,undefined,0.016006166637308777,0.007729432956535165,0.15100000000000002,0,0.00624260006604906,-0.005338563198184093,0.10261818181818183,0,0,0,0,0,0,0,0,0
-0.015178580462610168,-0.005484331502448677,1.354,0.2529505684915379,0.020467296600341797,0.029483896255493164,0,0,1.5,undefined,0.015178580462610168,0.005484331502448677,0.1459999999999999,0,0.0022253057656659476,-0.011809417747484383,0.08439259259259177,0,0,0,0,0,0,0,0,0
-0.014880224619785214,-0.004033088582174921,1.364,0.25261895593365896,0.009780782699584961,0.019955921173095702,0,0,1.5,undefined,0.014880224619785214,0.004033088582174921,0.1359999999999999,0,0.005926713107157333,-0.005344832840735938,0.058075362318840466,0,0,0,0,0,0,0,0,0
-0.014806503976777975,0.00014217598871169804,1.369,0.2522175302057002,0.0167242374420166,0.06036481094360351,0,0,1.5,undefined,0.014806503976777975,-0.00014217598871169804,0.131,0,0.006993692860570994,-0.023267002277059287,0.07702222222222282,0,0,0,0,0,0,0,0,0
-0.014954637064964051,0.004428349341769547,1.376,0.25246187630097944,0.013892647743225097,0.0628129768371582,0,0,1.5,undefined,0.014954637064964051,-0.004428349341769547,0.12400000000000011,0,0.008228718255165022,-0.023955633708134732,0.06369275362318905,0,0,0,0,0,0,0,0,0
-0.014834075149042107,0.007757828671310287,1.378,0.25256659605609905,0.014226089477539063,0.047907318115234375,0,0,1.5,undefined,0.014834075149042107,-0.007757828671310287,0.12200000000000011,0,0.0067964983013934005,-0.0210159402965266,0.08730588235294126,0,0,0,0,0,0,0,0,0
-0.014179711591663978,0.01229206815635084,1.381,0.25249678288601923,0.026499963760375975,0.06340302658081055,0,0,1.5,undefined,0.014179711591663978,-0.01229206815635084,0.119,0,0.003619746021857059,-0.030191243468541986,0.0792909090909085,0,0,0,0,0,0,0,0,0
-0.013040574609507437,0.014567795377152635,1.39,0.2519208242328613,0.025073165893554687,0.028784788131713868,0,0,1.5,undefined,0.013040574609507437,-0.014567795377152635,0.1100000000000001,0,-0.0011469808443768442,-0.022601292443973017,0.027423076923077695,0,0,0,0,0,0,0,0,0
-0.01177770230793466,0.017888111135464676,1.393,0.25174629130766163,0.030759712219238282,0.043510829925537106,0,0,1.5,undefined,0.01177770230793466,-0.017888111135464676,0.10699999999999998,0,-0.0007082429587262811,-0.026288988633541503,0.06992835820895463,0,0,0,0,0,0,0,0,0
-0.010586911884007438,0.021784575923604055,1.394,0.2507165470489852,0.03185771369934082,0.05215534973144531,0,0,1.5,undefined,0.010586911884007438,-0.021784575923604055,0.1060000000000001,0,-0.0013220464131475148,-0.03253931456257635,0.07924444444444514,0,0,0,0,0,0,0,0,0
-0.008806495558598486,0.02365784284263652,1.393,0.25038493449110627,0.03284258270263672,0.020594715118408203,0,0,1.5,undefined,0.008806495558598486,-0.02365784284263652,0.10699999999999998,0,-0.004627849523499786,-0.021330999996120627,0.09067246376811537,0,0,0,0,0,0,0,0,0
-0.006181361998124989,0.025847665103789497,1.395,0.24947736328006917,0.04628792572021485,0.02206634712219238,0,0,1.5,undefined,0.006181361998124989,-0.025847665103789497,0.10499999999999998,0,-0.0104210358563158,-0.024194976543123296,0.07370588235294116,0,0,0,0,0,0,0,0,0
-0.003305488588889349,0.026307792644249813,1.398,0.24921556389227,0.04350667953491211,-0.003962450027465821,0,0,1.5,undefined,0.003305488588889349,-0.026307792644249813,0.10200000000000009,0,-0.014324330201308879,-0.015710160435793333,0.06493333333333401,0,0,0,0,0,0,0,0,0
0.0002686139127707113,0.027533010377916813,1.399,0.24905848425959048,0.0564881591796875,0.004587536334991455,0,0,1.5,undefined,-0.0002686139127707113,-0.027533010377916813,0.10099999999999998,0,-0.018004819464685656,-0.019892593857293403,0.07579999999999942,0,0,0,0,0,0,0,0,0
0.0035540354703217716,0.027776363220598312,1.399,0.2481334597560335,0.0486605110168457,-0.008609769821166992,0,0,1.5,undefined,-0.0035540354703217716,-0.027776363220598312,0.10099999999999998,0,-0.01868727575196781,-0.015140733006453935,0.08079999999999998,0,0,0,0,0,0,0,0,0
0.007466035852585232,0.029309726770441826,1.403,0.24865705853163175,0.0625315818786621,0.007884490489959716,0,0,1.5,undefined,-0.007466035852585232,-0.029309726770441826,0.09699999999999998,0,-0.025466353383311838,-0.02317354977324043,0.05537777777777775,0,1488228013207,0,0,0,0,0,0,0
0.011299878422952133,0.030414222939637903,1.409,0.24783675378319456,0.05981621170043945,0.001905114769935608,0,0,1.5,undefined,-0.011299878422952133,-0.030414222939637903,0.09099999999999997,0,-0.02509696674232266,-0.020809628270088906,0.042365217391304305,0,1488228013207,0,0,0,0,0,0,0
0.01490831209137092,0.031208121065687607,1.408,0.24774948732059462,0.055393924713134764,-0.0017330187559127807,0,0,1.5,undefined,-0.01490831209137092,-0.031208121065687607,0.09200000000000008,0,-0.02602697639784098,-0.01969030088751139,0.07874705882353006,0,1488228013207,0,0,0,0,0,0,0
0.018281326972368134,0.03132402959705475,1.407,0.24591689160600072,0.04947673797607422,-0.010721559524536134,0,0,1.5,undefined,-0.018281326972368134,-0.03132402959705475,0.09299999999999997,0,-0.027879635047279708,-0.01630595108390039,0.07995555555555492,0,1488228013207,0,0,0,0,0,0,0
0.021373492120637758,0.031598447001601096,1.403,0.24567254551072149,0.0459891242980957,-0.0072991948127746585,0,0,1.5,undefined,-0.021373492120637758,-0.031598447001601096,0.09699999999999998,0,-0.0263716417399474,-0.017191195842702307,0.09788985507246377,0,1488228013207,0,0,0,0,0,0,0
0.023543004537210997,0.031353361675713357,1.415,0.24474752100716446,0.03067145538330078,-0.011480561256408691,0.021373492120637758,0.031598447001601096,1.403,0.24567254551072149,-0.0021695124165732396,0.00024508532588773946,-0.01200000000000001,0.0009250245035570259,-0.0010847562082866198,0.00012254266294386973,-0.00960000000000001,0.0009250245035570259,1488228013207,0,0,0,0,0,0,0
0.02538098341442827,0.03115458475315153,1.414,0.24457298808196504,0.026025577545166014,-0.009573244094848632,0.021373492120637758,0.031598447001601096,1.403,0.24567254551072149,-0.004007491293790511,0.0004438622484495662,-0.010999999999999899,0.001099557428756448,-0.01205519263167721,0.001308992419484773,-0.003331249999999307,0.001917680515628739,1488228013604,0,0,0,0,0,0,0
0.026313773854965326,0.02901330521210297,1.453,0.24288001870753048,0.005798063278198242,-0.034551368713378904,0.021373492120637758,0.031598447001601096,1.403,0.24567254551072149,-0.004940281734327569,0.0025851417894981257,-0.050000000000000044,0.0027925268031910033,-0.008197801466952735,0.01444077860294197,-0.2794736842105272,0.011702891931793925,1488228013661,0,0,0,0,0,0,0
0.026278608793450283,0.027353210032037112,1.424,0.24303709834021026,-0.006500765323638916,-0.024043697357177735,0.021373492120637758,0.031598447001601096,1.403,0.24567254551072149,-0.0049051166728125255,0.004245236969563984,-0.020999999999999908,0.0026354471705112292,-0.002254045892369728,0.01149412353354087,0.14690967741935568,0.0018753844317381287,1488228013723,0,0,0,0,0,0,0
0.02590251552443698,0.024432599868047106,1.408,0.2535963403147757,-0.016018348693847655,-0.041164058685302735,0.021373492120637758,0.031598447001601096,1.403,0.24567254551072149,-0.004529023403799223,0.00716584713355399,-0.004999999999999893,-0.007923794804054196,-0.00035679222139735453,0.018397612804407458,0.07715942028985522,-0.05383354251955604,1488228013792,0,0,0,0,0,0,0
0.02536178341480436,0.02293946871942349,1.398,0.26488862057517887,-0.01347066879272461,-0.019645692825317383,0.021373492120637758,0.031598447001601096,1.403,0.24567254551072149,-0.003988291294166602,0.008658978282177605,0.0050000000000001155,-0.019216075064457383,0.0007486983872850663,0.011903342793527429,0.05472463768115955,-0.06831294576186253,1488228013861,0,0,0,0,0,0,0
0.02499569256818062,0.02158267252782363,1.406,0.2732487476922319,-0.010628007888793945,-0.018204452514648438,0.021373492120637758,0.031598447001601096,1.403,0.24567254551072149,-0.003622200447542863,0.010015774473777467,-0.0029999999999998916,-0.027576202181510412,0.00025554165233032276,0.01266722057656537,-0.04756129032258059,-0.06802843016725088,1488228013923,0,0,0,0,0,0,0
0.024860038619489103,0.019522873782213065,1.403,0.2801253449450896,-0.010297208786010743,-0.02920156478881836,0.021373492120637758,0.031598447001601096,1.403,0.24567254551072149,-0.0034865464988513457,0.012075573219388031,0,-0.03445279943436813,-0.0010551735096860932,0.016486041116414267,0.015217391304347273,-0.06435104835983647,1488228013992,0,0,0,0,0,0,0
0.024337078404550332,0.018088886189469345,1.4,0.2868448625652678,-0.013485584259033203,-0.018502588272094726,0.021373492120637758,0.031598447001601096,1.403,0.24567254551072149,-0.0029635862839125747,0.013509560812131751,0.0030000000000001137,-0.041172317054546326,0.0019717177114129555,0.016224509792109307,0.022211320754717823,-0.07920732245178139,1488228014045,0,0,0,0,0,0,0
0.02387920801043046,0.016680738078827976,1.399,0.29272662214448847,-0.012563491821289062,-0.018316034317016602,0.021373492120637758,0.031598447001601096,1.403,0.24567254551072149,-0.0025057158897927034,0.01491770892277312,0.0040000000000000036,-0.047054076633766984,0.0008016886953851219,0.013777467778367062,0.007687179487178996,-0.06967622886153875,1488228014123,0,0,0,0,0,0,0
0.023031151067410056,0.015499003750501877,1.4,0.2988701811115087,-0.0172948055267334,-0.01330118179321289,0.021373492120637758,0.031598447001601096,1.403,0.24567254551072149,-0.0016576589467722988,0.01609944325109922,0.0030000000000001137,-0.05319763560078722,0.004667835898042399,0.015709110790626177,-0.004081481481480677,-0.08732851875089964,1488228014177,0,0,0,0,0,0,0
0.022303717430513386,0.014334440714599482,1.402,0.30515336641868834,-0.015571215629577636,-0.013481274604797363,0.021373492120637758,0.031598447001601096,1.403,0.24567254551072149,-0.0009302253098756284,0.017264006287001615,0.001000000000000112,-0.05948082090796686,0.0032247681119293536,0.014539206948802815,-0.009344927536231803,-0.08679901789570442,1488228014246,0,0,0,0,0,0,0
0.0214646696644702,0.015377135152456813,1.409,0.30901054406559575,-0.007305269241333008,0.01869908905029297,0.021373492120637758,0.031598447001601096,1.403,0.24567254551072149,-0.0000911775438324422,0.016221311849144285,-0.006000000000000005,-0.06333799855487426,0.004690971197682411,0.0022244776463452767,-0.04431612903225873,-0.08200176136249074,1488228014308,0,0,0,0,0,0,0
0.020364282467038863,0.015114120484396141,1.408,0.3135833067058207,-0.01692381477355957,0.0012613290548324585,0.021373492120637758,0.031598447001601096,1.403,0.24567254551072149,0.0010092096535988943,0.016484326517204953,-0.004999999999999893,-0.0679107611950992,0.006086279016668545,0.009576295632823258,0.0010724637681165938,-0.08779233789172936,1488228014377,0,0,0,0,0,0,0
0.018903291627802393,0.015118240477910097,1.407,0.3182258825161257,-0.020827106475830078,0.006818845748901368,0.021373492120637758,0.031598447001601096,1.403,0.24567254551072149,0.002470200492835365,0.016480206523690998,-0.0040000000000000036,-0.07255333700540423,0.008645923343993982,0.008219204744021087,0.001872463768115379,-0.09273844922412174,1488228014446,0,0,0,0,0,0,0
0.017205996069134234,0.015165191654118653,1.403,0.3218387140677539,-0.023960813522338868,0.008634706497192383,0.021373492120637758,0.031598447001601096,1.403,0.24567254551072149,0.004167496051503523,0.016433255347482443,0,-0.0761661685570324,0.011513167796130418,0.007955787805915918,0.02222222222222224,-0.09337012832669035,1488228014509,0,0,0,0,0,0,0
0.016486742296972456,0.01487346191790728,1.402,0.3265511030481385,-0.011619021415710449,-0.0007386423945426941,0.021373492120637758,0.031598447001601096,1.403,0.24567254551072149,0.004886749823665302,0.016724985083693814,0.001000000000000112,-0.08087855753741702,0.006145416386194746,0.00986404265469955,0.0059470588235300765,-0.1016685089214668,1488228014577,0,0,0,0,0,0,0
0.015519878215486357,0.014387990713828038,1.403,0.3288723909532911,-0.016072471618652343,-0.002245006799697876,0.021373492120637758,0.031598447001601096,1.403,0.24567254551072149,0.005853613905151401,0.017210456287773058,0,-0.08319984544256964,0.007831189974606634,0.011067763237042116,-0.005072463768116509,-0.09329240155192887,1488228014646,0,0,0,0,0,0,0
0.014316970432289529,0.015467239703198146,1.396,0.3329215548179181,-0.011848033905029297,0.02114879035949707,0.021373492120637758,0.031598447001601096,1.403,0.24567254551072149,0.007056521688348229,0.01613120729840295,0.007000000000000117,-0.08724900930719659,0.008857599124160061,0.003284120784903528,0.03661265822784872,-0.10262558094502044,1488228014725,0,0,0,0,0,0,0
0.013878977568319769,0.016122947367273214,1.394,0.33599333430142786,-0.0029948170185089113,0.011442634582519531,0.021373492120637758,0.031598447001601096,1.403,0.24567254551072149,0.007494514552317989,0.015475499634327882,0.009000000000000119,-0.09032078879070637,0.006001632311297466,0.004362783899130505,0.017494117647058927,-0.10387275710030837,1488228014793,0,0,0,0,0,0,0
0.013171801027489929,0.017560140360296676,1.394,0.33843679525422,-0.0029067115783691405,0.023849864959716797,0.021373492120637758,0.031598447001601096,1.403,0.24567254551072149,0.008201691093147829,0.01403830664130442,0.009000000000000119,-0.0927642497434985,0.008770879306770969,-0.0024717438030876365,0.007200000000000095,-0.10659516079703887,1488228014846,0,0,0,0,0,0,0
0.012707928915859711,0.017396278924258744,1.395,0.3403915640164536,-0.007379445075988769,-0.000008322164416313171,0.021373492120637758,0.031598447001601096,1.403,0.24567254551072149,0.008665563204778046,0.014202168077342352,0.008000000000000007,-0.09471901850573211,0.0064142590263707696,0.007836359713200361,0.0019128205128200173,-0.10223735989893828,1488228014924,0,0,0,0,0,0,0
0.01299697590036795,0.017658119263074964,1.391,0.34234633277868726,0.005398194789886474,0.00225475287437439,0.021373492120637758,0.031598447001601096,1.403,0.24567254551072149,0.008376516220269808,0.013940327738526131,0.01200000000000001,-0.09667378726796577,0.0027430231875937134,0.005660962175181961,0.029600000000000022,-0.1050513676775386,1488228014994,0,0,0,0,0,0,0
0.013149181141560278,0.01874629949167943,1.392,0.344004395568082,0.007630092620849609,0.014609065055847168,0.021373492120637758,0.031598447001601096,1.403,0.24567254551072149,0.008224310979077479,0.012852147509921665,0.01100000000000012,-0.0983318500573605,0.0031608727320866833,-0.000375052673817081,0.002550000000000787,-0.10721432928626085,1488228015050,0,0,0,0,0,0,0
0.013768670090624576,0.019404511733398827,1.39,0.3455926451873967,0.012077737808227539,0.006160801887512207,0.021373492120637758,0.031598447001601096,1.403,0.24567254551072149,0.007604822030013182,0.012193935268202269,0.013000000000000123,-0.0999200996766752,0.0003608057424271619,0.0024402329578822666,0.021511111111111217,-0.10748319310198327,1488228015113,0,0,0,0,0,0,0
0.01499679017624882,0.02047957133011531,1.39,0.34742524090199084,0.022795326232910158,0.00893198299407959,0.021373492120637758,0.031598447001601096,1.403,0.24567254551072149,0.006376701944388937,0.011118875671485787,0.013000000000000123,-0.10175269539126935,-0.0030412436650299607,0.00010623698283320545,0.010400000000000098,-0.10972050284602655,0,0,0,0,0,0,0,0
0.015701189234611716,0.02217413750471912,1.401,0.3486469713783868,0.01858913230895996,0.02030231475830078,0.021373492120637758,0.031598447001601096,1.403,0.24567254551072149,0.005672302886026041,0.009424309496881975,0.0020000000000000018,-0.10297442586766531,-0.0007368872588277542,-0.0038834707749116817,-0.05419710144927596,-0.10828629750416946,0,0,0,0,0,0,0,0
0.01678552488029698,0.024211109906084428,1.395,0.35047956709298084,0.02572471809387207,0.023159727096557618,0.021373492120637758,0.031598447001601096,1.403,0.24567254551072149,0.004587967240340777,0.007387337095516668,0.008000000000000007,-0.10480702158225935,-0.003827265992569007,-0.007805369201884529,0.04027096774193552,-0.11367442020126278,0,0,0,0,0,0,0,0
0.018354285795072728,0.026080422334669152,1.393,0.35133477842645816,0.031728273391723634,0.018255632400512697,0.021373492120637758,0.031598447001601096,1.403,0.24567254551072149,0.0030192063255650298,0.0055180246669319435,0.010000000000000009,-0.10566223291573668,-0.006447879738253882,-0.006723007231818862,0.018144927536231897,-0.10938054306129026,0,0,0,0,0,0,0,0
0.02037535333853109,0.027740063391742748,1.392,0.3530975609709723,0.03703165054321289,0.012940610885620117,0.021373492120637758,0.031598447001601096,1.403,0.24567254551072149,0.0009981387821066667,0.003858383609858348,0.01100000000000012,-0.1074250154602508,-0.009903484141452945,-0.006613078341773156,0.013947058823530084,-0.11520199727428367,0,0,0,0,0,0,0,0
0.022893785901537483,0.030280366215671883,1.398,0.35496506327060623,0.04862268447875977,0.022690389633178713,0.021373492120637758,0.031598447001601096,1.403,0.24567254551072149,-0.0015202937808997258,0.0013180807859292133,0.0050000000000001155,-0.10929251775988474,-0.014751438907152043,-0.013453753073308362,-0.029333333333333267,-0.11818538585337975,0,0,0,0,0,0,0,0
0.025300301751545094,0.03421667362951846,1.44,0.35505232973320594,0.054368759155273436,0.042817646026611325,0.021373492120637758,0.031598447001601096,1.403,0.24567254551072149,-0.003926809630907337,-0.002618226627917365,-0.03699999999999992,-0.10937978422248446,-0.01756119273216966,-0.026822216922223543,-0.3018222222222224,-0.10986459790359396,0,0,0,0,0,0,0,0
0.027102373729141035,0.03725270733559276,1.421,0.3552617692434454,0.04117678070068359,0.03330299758911133,0.021373492120637758,0.031598447001601096,1.403,0.24567254551072149,-0.005728881608503277,-0.005654260333991662,-0.018000000000000016,-0.1095892237327239,-0.010950661216541115,-0.01645035833527793,0.07085641025640982,-0.1103947603105679,0,0,0,0,0,0,0,0
0.028811781658901095,0.03994311236203979,1.403,0.3563787799647216,0.038077259063720705,0.028917160034179688,0.021373492120637758,0.031598447001601096,1.403,0.24567254551072149,-0.007438289538263337,-0.008344665360438694,0,-0.11070623445400013,-0.013690691026065353,-0.01986636200116037,0.1050000000000001,-0.1162912880603813,0,0,0,0,0,0,0,0
0.029190319561098604,0.043467885208634524,1.394,0.3569721919103997,0.02376728630065918,0.047568496704101564,0.021373492120637758,0.031598447001601096,1.403,0.24567254551072149,-0.007816827440460847,-0.011869438207033428,0.009000000000000119,-0.11129964639967821,-0.006045321232635718,-0.02583263033429344,0.05800645161290399,-0.11417099452392698,0,0,0,0,0,0,0,0
0.030106065759626745,0.04538688475528368,1.391,0.35744343080843816,0.022928848266601562,0.022170402526855468,0.021373492120637758,0.031598447001601096,1.403,0.24567254551072149,-0.008732573638988987,-0.013788437753682582,0.01200000000000001,-0.11177088529771667,-0.009535821811185608,-0.01772728083373168,0.026535483870967137,-0.1140510735140318,0,0,0,0,0,0,0,0
0.03084949245770776,0.04766120881524313,1.388,0.35833354872695516,0.0223826904296875,0.028056953430175783,0.021373492120637758,0.031598447001601096,1.403,0.24567254551072149,-0.009476000337070002,-0.016062761813642037,0.015000000000000124,-0.11266100321623368,-0.00850900515880102,-0.019567807297919702,0.027217391304348502,-0.11653108112282937,0,0,0,0,0,0,0,0
0.032340799689067785,0.04935194958893744,1.392,0.35876988103995394,0.02984324836730957,0.0159049015045166,0.021373492120637758,0.031598447001601096,1.403,0.24567254551072149,-0.010967307568430028,-0.017753502587336344,0.01100000000000012,-0.11309733552923246,-0.01304825568241804,-0.017452972609508854,-0.011489855072463686,-0.11499443254227062,0,0,0,0,0,0,0,0
0.033439370040882925,0.05028919137560824,1.392,0.3591538534753927,0.020365659713745116,0.007377511501312256,0.021373492120637758,0.031598447001601096,1.403,0.24567254551072149,-0.012065877920245167,-0.018690744374007147,0.01100000000000012,-0.11348130796467121,-0.012136107581317803,-0.01455227100184137,0.008800000000000098,-0.11530974813342716,0,0,0,0,0,0,0,0
0.0338777363406578,0.05045222534849762,1.394,0.3601486911490294,0.0070154953002929685,-0.000021696493029594422,0.021373492120637758,0.031598447001601096,1.403,0.24567254551072149,-0.012504244220020042,-0.018853778346896527,0.009000000000000119,-0.11447614563830794,-0.008508419241204226,-0.010266034622143603,-0.003094117647058737,-0.11886513537494056,0,0,0,0,0,0,0,0
0.034738915435709984,0.049037732906402204,1.396,0.3615449545506249,0.004611653804779053,-0.024408538818359374,0.021373492120637758,0.031598447001601096,1.403,0.24567254551072149,-0.013365423315072227,-0.017439285904801108,0.007000000000000117,-0.11587240903990342,-0.011051011415047196,-0.0015446812895977043,-0.0045449275362317975,-0.12194311948162294,0,0,0,0,0,0,0,0
0.035176513349514237,0.04507041079420231,1.409,0.36175439406086424,-0.014910183906555175,-0.057984413146972655,0.021373492120637758,0.031598447001601096,1.403,0.24567254551072149,-0.013803021228876479,-0.013471963792601217,-0.006000000000000005,-0.11608184855014275,-0.009371821418171923,0.01566019131773103,-0.07818709677419423,-0.11709526553517176,0,0,0,0,0,0,0,0
0.0348424508465642,0.04238190329843783,1.415,0.36220817966638263,-0.018959188461303712,-0.035944053649902344,0.021373492120637758,0.031598447001601096,1.403,0.24567254551072149,-0.01346895872592644,-0.010783456296836733,-0.01200000000000001,-0.11653563415566115,-0.005039959420463024,0.008245628714155106,-0.04003478260869568,-0.1185086150492194,0,0,0,0,0,0,0,0
