-0.08870043890908674,0.05356471305583201,0.702,0.13871876894850926,-0.004724842548370361,-0.0759701156616211,1.9016920942459357,0.2526206652867772,0.701,0.09714502616600436,1.9903925331550223,0.19905595223094516,-0.0010000000000000009,-0.041573742782504905,0.9951962665775111,0.09952797611547258,-0.0008000000000000008,-0.041573742782504905,0,0,0,0,0,0,0,0
-0.08885821325959829,0.04663209061668592,0.7,0.21900391454024845,-0.01672293472290039,-0.10266316986083984,1.9016920942459357,0.2526206652867772,0.701,0.09714502616600436,1.990550307505534,0.20598857467009127,0.0010000000000000009,-0.12185888837424409,0.996052914635571,0.13716918668294897,0.010659154929577475,-0.46109189791680405,0,0,0,0,0,0,0,0
-0.09044350785273743,0.04053633356759352,0.699,0.2598620723294357,-0.04307666015625,-0.0840860824584961,1.9016920942459357,0.2526206652867772,0.701,0.09714502616600436,1.9921356020986731,0.21208433171918367,0.0020000000000000018,-0.16271704616343136,1.0047373808555664,0.13937833722181592,0.007155555555555562,-0.35727970230241834,0,0,0,0,0,0,0,0
-0.09403052468414859,0.035319159658008,0.699,0.282533899312842,-0.07210684204101563,-0.061805030822753904,1.9016920942459357,0.2526206652867772,0.701,0.09714502616600436,1.9957226189300843,0.21730150562876918,0.0020000000000000018,-0.18538887314683766,1.017176015480333,0.13674322771215272,0.0016000000000000016,-0.29002807460871294,0,0,0,0,0,0,0,0
-0.09839249788774779,0.03180977529094172,0.696,0.2889741642527011,-0.07751116943359375,-0.03231255340576172,1.9016920942459357,0.2526206652867772,0.701,0.09714502616600436,2.0000845921336836,0.22081088999583545,0.0050000000000000044,-0.19182913808669677,1.0235298440862228,0.1293021300513515,0.020153846153846168,-0.22155343780912343,0,0,0,0,0,0,0,0
-0.10092111080640892,0.032344472550097564,0.69,0.2852915195309931,-0.03407094192504883,0.018496551513671876,1.9016920942459357,0.2526206652867772,0.701,0.09714502616600436,2.0026132050523446,0.22027619273667962,0.01100000000000001,-0.18814649336498873,1.0149222105497318,0.10725895728057762,0.04110769230769234,-0.1711496715724901,0,0,0,0,0,0,0,0
-0.09964892188431887,0.03373121176502828,0.684,0.2844188549049959,0.024165699005126953,0.01458968162536621,1.9016920942459357,0.2526206652867772,0.701,0.09714502616600436,2.0013410161302545,0.2188894535217489,0.016999999999999904,-0.18727382873899157,0.9937132248974468,0.10186099667922213,0.04641249999999934,-0.18318321330462986,0,0,0,0,0,0,0,0
-0.09301226839116175,0.037026894232474086,0.678,0.28475046746287486,0.10942189025878907,0.019515525817871093,1.9016920942459357,0.2526206652867772,0.701,0.09714502616600436,1.9947043626370975,0.2155937710543031,0.02299999999999991,-0.1876054412968705,0.9626830959065346,0.09058063383153918,0.0497432835820895,-0.1890902736455822,0,0,0,0,0,0,0,0
-0.07758443017583051,0.041369227762468944,0.678,0.28391270942191754,0.24039639282226563,-0.0024972238540649414,1.9016920942459357,0.2526206652867772,0.701,0.09714502616600436,1.9792765244217663,0.21125143752430825,0.02299999999999991,-0.1867676832559132,0.9039280499034874,0.08150164359551604,0.018399999999999927,-0.18277835925135455,0,0,0,0,0,0,0,0
-0.05509787047581534,0.043936267494034384,0.672,0.2821324735848833,0.33458120727539065,-0.057517860412597654,1.9016920942459357,0.2526206652867772,0.701,0.09714502616600436,1.956789964721751,0.20868439779274278,0.028999999999999915,-0.18498744741887896,0.8573135070531013,0.09051967726486503,0.05550769230769226,-0.1767709743248748,0,0,0,0,0,0,0,0
-0.024587523950564787,0.04603433912287596,0.67,0.2805442239655685,0.448322998046875,-0.09718640899658203,1.9016920942459357,0.2526206652867772,0.701,0.09714502616600436,1.9262796181965005,0.2065863261639012,0.030999999999999917,-0.18339919779956415,0.7988533278084398,0.09199585431126524,0.035569230769230714,-0.17606881494118812,0,0,0,0,0,0,0,0
0.014350296677082005,0.0477824919777168,0.666,0.27914796056397295,0.5684935302734375,-0.13651863098144532,1.9016920942459357,0.2526206652867772,0.701,0.09714502616600436,1.8873417975688536,0.20483817330906037,0.03499999999999992,-0.1820029343979686,0.7517238956903926,0.09380143173630069,0.04771830985915489,-0.17610322988418461,0,0,0,0,0,0,0,0
0.062308209131385385,0.048480573790469855,0.672,0.27769933728481766,0.6944075317382813,-0.18814657592773437,1.9016920942459357,0.2526206652867772,0.701,0.09714502616600436,1.8393838851145503,0.20414009149630732,0.028999999999999915,-0.18055431111881332,0.6574221088228043,0.09825241083466042,-0.009612500000000097,-0.17376388949777288,0,0,0,0,0,0,0,0
0.1160936978610933,0.04843473147879361,0.66,0.27659977985606127,0.7756849365234375,-0.22183570861816407,1.9016920942459357,0.2526206652867772,0.701,0.09714502616600436,1.7855983963848423,0.20418593380798356,0.040999999999999925,-0.17945475369005692,0.603185028109378,0.10233981012070995,0.0974153846153846,-0.1743798732496428,0,0,0,0,0,0,0,0
0.17421736932062698,0.04809706193105735,0.65,0.2757271152300641,0.837332275390625,-0.24296415710449218,1.9016920942459357,0.2526206652867772,0.701,0.09714502616600436,1.7274747249253086,0.20452360335571984,0.050999999999999934,-0.17858208906405976,0.5458735341683296,0.10410843201704273,0.09548749999999999,-0.17449147362969805,0,0,0,0,0,0,0,0
0.23854120636652715,0.04773662424950517,0.638,0.2751860631619458,0.9269405517578125,-0.267881591796875,1.9016920942459357,0.2526206652867772,0.701,0.09714502616600436,1.6631508878794086,0.204884041037272,0.06299999999999994,-0.17804103699594148,0.4904641868781131,0.10435343246626114,0.11403636363636364,-0.1755817094135857,0,0,0,0,0,0,0,0
0.3036959347860377,0.046287658788714534,0.629,0.27635543376078203,0.93464306640625,-0.286480224609375,1.9016920942459357,0.2526206652867772,0.701,0.09714502616600436,1.597996159459898,0.20633300649806263,0.07199999999999995,-0.1792104075947777,0.4481649267018148,0.11096862496098084,0.10606153846153846,-0.18460750266632941,0,0,0,0,0,0,0,0
0.36935391171501936,0.043736368407984075,0.626,0.2765823265635413,0.9370581665039063,-0.3055401306152344,1.9016920942459357,0.2526206652867772,0.701,0.09714502616600436,1.5323381825309164,0.20888429687879312,0.07499999999999996,-0.17943730039753697,0.40140255277111614,0.11861598388789926,0.07666666666666665,-0.18051774231543832,0,0,0,0,0,0,0,0
0.436558394136741,0.042999675334261224,0.624,0.2762681672981823,0.9667374267578125,-0.28590280151367187,1.9016920942459357,0.2526206652867772,0.701,0.09714502616600436,1.4651337001091946,0.20962098995251596,0.07699999999999996,-0.17912314113217798,0.3761794432727397,0.10871720067024276,0.07220606060606058,-0.1776951444714553,0,0,0,0,0,0,0,0
0.5099932644513077,0.04106255938497813,0.625,0.27611108766550285,1.05182763671875,-0.328414306640625,1.9016920942459357,0.2526206652867772,0.701,0.09714502616600436,1.391698829794628,0.21155810590179905,0.07599999999999996,-0.1789660614994985,0.30642207232006674,0.11605163753043105,0.055496969696969656,-0.17825206316913728,0,0,0,0,0,0,0,0
0.5827269408078709,0.0389175159469796,0.629,0.27806585642773646,1.040909423828125,-0.32838250732421875,1.9016920942459357,0.2526206652867772,0.701,0.09714502616600436,1.3189651534380649,0.2137031493397976,0.07199999999999995,-0.1809208302617321,0.2737736869493795,0.11822680502292135,0.03638787878787873,-0.1898061428173394,0,0,0,0,0,0,0,0
0.6536293824277285,0.03805273642913622,0.63,0.2819579406596839,1.01912353515625,-0.3044103088378906,1.9016920942459357,0.2526206652867772,0.701,0.09714502616600436,1.248062711818207,0.21456792885764095,0.07099999999999995,-0.18481291449367954,0.264381289721419,0.1116705272004897,0.051727536231884017,-0.2017350198499727,0,0,0,0,0,0,0,0
0.72066998464913,0.03764659841759492,0.633,0.28804913974914403,0.9642050170898437,-0.28564895629882814,1.9016920942459357,0.2526206652867772,0.701,0.09714502616600436,1.1810221095968056,0.21497406686918225,0.06799999999999995,-0.1909041135831397,0.2295231966831645,0.10967393041981349,0.0382461538461538,-0.21901734014987886,0,0,0,0,0,0,0,0
0.7870933037081409,0.03846969692601433,0.641,0.29234264970905016,0.9588074951171875,-0.27120751953125,1.9016920942459357,0.2526206652867772,0.701,0.09714502616600436,1.1145987905377948,0.21415096836076286,0.05999999999999994,-0.19519762354304582,0.19404686916493158,0.10257416421246292,0.0042499999999999205,-0.2153234514801058,0,0,0,0,0,0,0,0
0.8547368943472717,0.03957761487290547,0.64,0.29764845063511286,0.9763929443359375,-0.27650579833984373,1.9016920942459357,0.2526206652867772,0.701,0.09714502616600436,1.046955199898664,0.21304305041387173,0.06099999999999994,-0.20050342446910852,0.1647615889842442,0.10064620276130105,0.054103030303030264,-0.22462070140575713,0,0,0,0,0,0,0,0
0.9187252691195571,0.04150702756504032,0.646,0.302517919248177,0.9261085815429687,-0.2538222045898437,1.9016920942459357,0.2526206652867772,0.701,0.09714502616600436,0.9829668251263786,0.21111363772173686,0.05499999999999994,-0.20537289308217266,0.1359924416060484,0.09483785946011916,0.010666666666666595,-0.22856083885866857,0,0,0,0,0,0,0,0
0.9785148906879534,0.04328264067681699,0.649,0.3081029728545589,0.8640530395507813,-0.2417673797607422,1.9016920942459357,0.2526206652867772,0.701,0.09714502616600436,0.9231772035579823,0.2093380246099602,0.051999999999999935,-0.21095794668855455,0.1396444856414727,0.09510801862618275,0.025446153846153785,-0.23673511717954793,0,0,0,0,0,0,0,0
1.0340127018780552,0.04621666764867789,0.652,0.31038935417467145,0.8066129760742188,-0.21050892639160157,1.9016920942459357,0.2526206652867772,0.701,0.09714502616600436,0.8676793923678805,0.2064039976380993,0.04899999999999993,-0.2132443280086671,0.13953312169097631,0.08764276487736304,0.02329090909090903,-0.22363697037281507,0,0,0,0,0,0,0,0
1.0825163450009108,0.048655778977422785,0.66,0.3132691474404621,0.703962890625,-0.1873782196044922,1.9016920942459357,0.2526206652867772,0.701,0.09714502616600436,0.8191757492450249,0.2039648863093544,0.040999999999999925,-0.21612412127445774,0.14841441165329,0.08884876676912766,-0.01027692307692317,-0.22941547480887603,0,0,0,0,0,0,0,0
1.128996069720984,0.050606749613516716,0.663,0.31543335571293507,0.6722826538085938,-0.18701478576660155,1.9016920942459357,0.2526206652867772,0.701,0.09714502616600436,0.7726960245249517,0.20201391567326046,0.03799999999999992,-0.21828832954693073,0.13216201769957542,0.09033758717049159,0.013993749999999926,-0.22843305582414786,0,0,0,0,0,0,0,0
1.1759098452146248,0.051538720956811314,0.669,0.31552062217553484,0.6733240356445312,-0.20501998901367188,1.9016920942459357,0.2526206652867772,0.701,0.09714502616600436,0.7257822490313108,0.20108194432996587,0.03199999999999992,-0.2183755960095305,0.13796206392970617,0.09607261640946092,-0.0031671232876713216,-0.2187342253078857,0,0,0,0,0,0,0,0
1.2244067041994529,0.0520140498654305,0.681,0.3143687048692186,0.693754638671875,-0.218958984375,1.9016920942459357,0.2526206652867772,0.701,0.09714502616600436,0.6772853900464828,0.20060661542134667,0.019999999999999907,-0.21722367870321424,0.0557443509450779,0.09753055574372797,-0.05400000000000013,-0.21146409217163298,0,0,0,0,0,0,0,0
1.2622009577396378,0.04962255380374643,0.709,0.31157617806602766,0.5280380249023438,-0.20941331481933595,1.9016920942459357,0.2526206652867772,0.701,0.09714502616600436,0.6394911365062979,0.20299811148303076,-0.008000000000000007,-0.21443115190002332,0.22525993440268655,0.10747779589572562,-0.07639999999999977,-0.20844716589318563,0,0,0,0,0,0,0,0
1.3005233909705114,0.04677564233679188,0.724,0.3091152638207156,0.5340678100585937,-0.21686903381347655,1.9016920942459357,0.2526206652867772,0.701,0.09714502616600436,0.6011687032754243,0.2058450229499853,-0.02300000000000002,-0.21197023765471124,0.08768194479952554,0.11873868629140674,-0.10173333333333341,-0.20025159839132037,0,0,0,0,0,0,0,0
1.339383906089836,0.04531724655050342,0.735,0.30766664054156034,0.5486246948242187,-0.19816891479492188,1.9016920942459357,0.2526206652867772,0.701,0.09714502616600436,0.5623081881560996,0.20730341873627375,-0.03400000000000003,-0.210521614375556,0.054467755881989405,0.11215901812148618,-0.09136666666666676,-0.20327849797977982,0,0,0,0,0,0,0,0
1.38016577179656,0.043312658547207755,0.748,0.30234338632297764,0.5738970336914062,-0.21390992736816405,1.9016920942459357,0.2526206652867772,0.701,0.09714502616600436,0.5215263224493756,0.20930800673956942,-0.04700000000000004,-0.2051983601569733,0.03773733314104072,0.11561659401280791,-0.10869375000000009,-0.18024560600736686,0,0,0,0,0,0,0,0
1.4217944417324033,0.042511766619701304,0.755,0.2970375853969148,0.5925296630859375,-0.1973975830078125,1.9016920942459357,0.2526206652867772,0.701,0.09714502616600436,0.47989765251353234,0.21010889866707588,-0.05400000000000005,-0.19989255923091048,0.019190728112142952,0.10930160349455705,-0.0803212121212122,-0.17577528229426134,0,0,0,0,0,0,0,0
1.4667259125552015,0.043204518181868296,0.762,0.29338984726024664,0.6474987182617188,-0.18732786560058592,1.9016920942459357,0.2526206652867772,0.701,0.09714502616600436,0.4349661816907342,0.20941614710490888,-0.061000000000000054,-0.1962448210942423,-0.03213619150351141,0.10085945376263779,-0.08768888888888896,-0.17887463949106044,0,0,0,0,0,0,0,0
1.5054793058152376,0.0434151340480631,0.769,0.28984682887869817,0.557375,-0.1650873260498047,1.9016920942459357,0.2526206652867772,0.701,0.09714502616600436,0.39621278843069807,0.20920553123871408,-0.06800000000000006,-0.19270180271269383,-0.007404024587872815,0.103485863298627,-0.0915212121212122,-0.17659717370565534,0,0,0,0,0,0,0,0
1.5428768381864901,0.04231039905986957,0.776,0.28605946440187047,0.5328278198242188,-0.17620608520507813,1.9016920942459357,0.2526206652867772,0.701,0.09714502616600436,0.35881525605944553,0.2103102662269076,-0.07500000000000007,-0.18891443823586612,-0.007580033826539906,0.11067880805442142,-0.09500000000000008,-0.1726828761923188,0,0,0,0,0,0,0,0
1.5796242465422639,0.04110683405284225,0.785,0.2830574980884402,0.5237174682617187,-0.1728572998046875,1.9016920942459357,0.2526206652867772,0.701,0.09714502616600436,0.3220678477036718,0.2115138312339349,-0.08400000000000007,-0.18591247192243587,-0.0368367365254072,0.11223765027019145,-0.11566153846153857,-0.17205724278352702,0,0,0,0,0,0,0,0
1.6181042793446259,0.04095578623213114,0.799,0.27748989777457833,0.5535985717773437,-0.16338348388671875,1.9016920942459357,0.2526206652867772,0.701,0.09714502616600436,0.2835878149013098,0.21166487905464604,-0.09800000000000009,-0.180344871608574,0.03976351744439201,0.10623294511254192,-0.11552121212121223,-0.16769123453161516,0,0,0,0,0,0,0,0
1.6589887791881777,0.04268642936094305,0.807,0.27518606316194577,0.5969190673828125,-0.1430334014892578,1.9016920942459357,0.2526206652867772,0.701,0.09714502616600436,0.242703315057758,0.20993423592583413,-0.1060000000000001,-0.17804103699594143,-0.10578445271307546,0.09535243391396202,-0.12924444444444455,-0.16707039598340542,0,0,0,0,0,0,0,0
1.6994249125638798,0.04587747236852406,0.812,0.2735454536650711,0.5967269897460937,-0.11874855041503907,1.9016920942459357,0.2526206652867772,0.701,0.09714502616600436,0.20226718168205582,0.2067431929182531,-0.1110000000000001,-0.17640042749906676,-0.10104707603748295,0.08741638142122143,-0.1138000000000001,-0.16936924394103248,0,0,0,0,0,0,0,0
1.744483863548677,0.048358419941309495,0.819,0.2718350309981166,0.6608076171875,-0.14675738525390625,1.9016920942459357,0.2526206652867772,0.701,0.09714502616600436,0.15720823069725864,0.2042622453454677,-0.118,-0.17469000483211228,-0.1886947464255912,0.08741363707146445,-0.13592542372881294,-0.16599294042386914,0,0,0,0,0,0,0,0
1.7841427868019213,0.05320905465493076,0.822,0.2715906849028374,0.5925755004882812,-0.08963825988769532,1.9016920942459357,0.2526206652867772,0.701,0.09714502616600436,0.11754930744401437,0.19941161063184643,-0.121,-0.17444565873683304,-0.14839882595911957,0.07436666875223004,-0.11247164179104478,-0.1733515717430454,0,0,0,0,0,0,0,0
1.8209373524307606,0.06238619045956745,0.825,0.2723062698961551,0.5686165771484375,-0.015448673248291016,1.9016920942459357,0.2526206652867772,0.701,0.09714502616600436,0.08075474181517506,0.19023447482720973,-0.124,-0.17516124373015074,-0.16733388667456991,0.04331082561323644,-0.11613548387096777,-0.17862375176233314,0,0,0,0,0,0,0,0
1.8601066257423404,0.07020359449916734,0.828,0.27324874769223195,0.5974279174804688,-0.04508029937744141,1.9016920942459357,0.2526206652867772,0.701,0.09714502616600436,0.041585468503595235,0.18241707078760983,-0.127,-0.1761037215262276,-0.18692310906718626,0.04975260488077511,-0.11750909090909092,-0.1803877115083952,0,0,0,0,0,0,0,0
1.9093557943412178,0.07522553078766486,0.829,0.277245551679299,0.731658203125,-0.12682221984863282,1.9016920942459357,0.2526206652867772,0.701,0.09714502616600436,-0.0076637000952821666,0.17739513449911232,-0.128,-0.18010052551329464,-0.25007769304202804,0.06358788580706862,-0.10740000000000001,-0.19722968545786762,0,0,0,0,0,0,0,0
1.9599625519967745,0.0795344235012562,0.829,0.27843237557065514,0.74780419921875,-0.1456064453125,1.9016920942459357,0.2526206652867772,0.701,0.09714502616600436,-0.05827045775083883,0.17308624178552098,-0.128,-0.1812873494046508,-0.3016331547130322,0.06334139089649947,-0.1024,-0.18676499813398692,0,0,0,0,0,0,0,0
2.0095552168735518,0.08516228497720009,0.825,0.27956683958445144,0.7384430541992187,-0.12329044342041015,1.9016920942459357,0.2526206652867772,0.701,0.09714502616600436,-0.1078631226276161,0.1674583803095771,-0.124,-0.1824218134184471,-0.3294463661847929,0.05246329306621145,-0.07697777777777777,-0.18782402300795328,0,0,0,0,0,0,0,0
2.0525494581651262,0.091744485076923,0.826,0.27970646592461096,0.6471192016601562,-0.08305733489990234,1.9016920942459357,0.2526206652867772,0.701,0.09714502616600436,-0.15085736391919058,0.16087618020985417,-0.125,-0.18256143975860661,-0.3034284463846114,0.04553248351548728,-0.10530303030303031,-0.18319610494114988,0,0,0,0,0,0,0,0
2.1038312846541283,0.10107991449523562,0.825,0.2803871443328888,0.7779915161132812,-0.07777399444580078,1.9016920942459357,0.2526206652867772,0.701,0.09714502616600436,-0.20213919040819261,0.15154075079154156,-0.124,-0.18324211816688446,-0.3772025070679534,0.025502678527933635,-0.09381538461538462,-0.18638371082047453,0,0,0,0,0,0,0,0
2.1467952830731987,0.11067824916831481,0.822,0.28211502029236313,0.6591346435546875,-0.039987361907958985,1.9016920942459357,0.2526206652867772,0.701,0.09714502616600436,-0.245103188827263,0.14194241611846237,-0.121,-0.18496999412635878,-0.353896201285549,0.01928786751188171,-0.08064615384615384,-0.1929448062470095,0,0,0,0,0,0,0,0
2.2198125598638843,0.1287441505456054,0.817,0.28363345674159823,1.127402099609375,-0.044630638122558595,1.9016920942459357,0.2526206652867772,0.701,0.09714502616600436,-0.3181204656179486,0.12387651474117178,-0.11599999999999999,-0.1864884305755939,-0.5583734652580361,-0.036859640786471984,-0.06545624999999997,-0.19360610143138346,0,0,0,0,0,0,0,0
2.29672939995185,0.1499696366315292,0.811,0.28440140161247573,1.1967523193359375,-0.01721146774291992,1.9016920942459357,0.2526206652867772,0.701,0.09714502616600436,-0.3950373057059142,0.10265102865524797,-0.1100000000000001,-0.1872563754464714,-0.6054109866527748,-0.05955389059884367,-0.056656716417911084,-0.1906949345698035,0,0,0,0,0,0,0,0
2.367499664963438,0.17047997469382786,0.805,0.2854660524561922,1.10523388671875,-0.002557445526123047,1.9016920942459357,0.2526206652867772,0.701,0.09714502616600436,-0.46580757071750245,0.08214069059294932,-0.10400000000000009,-0.18832102629018788,-0.6139744431134571,-0.07109556598172109,-0.05038750000000005,-0.1933115771201089,0,0,0,0,0,0,0,0
2.4280148310574474,0.18973797156044148,0.797,0.2858849314766709,0.95233935546875,0.021559230804443358,1.9016920942459357,0.2526206652867772,0.701,0.09714502616600436,-0.5263227368115118,0.0628826937263357,-0.09600000000000009,-0.18873990531066653,-0.5890122627581137,-0.07225555934167467,-0.03372307692307697,-0.19067319309749112,0,0,0,0,0,0,0,0
2.4764390516873505,0.2073055867278729,0.788,0.285256612945953,0.7711947631835937,0.04797960662841797,1.9016920942459357,0.2526206652867772,0.701,0.09714502616600436,-0.5747469574414148,0.04531507855890429,-0.08700000000000008,-0.18811158677994866,-0.5330035833651431,-0.06645355214954775,-0.02394782608695655,-0.1853797670811753,0,0,0,0,0,0,0,0
2.513199349486767,0.22222591128778094,0.779,0.2851169866057934,0.5921014404296875,0.059593536376953124,1.9016920942459357,0.2526206652867772,0.701,0.09714502616600436,-0.6115072552408312,0.030394753998996243,-0.07800000000000007,-0.18797196043978903,-0.5006946007991386,-0.06392555627274152,-0.014672727272727303,-0.18733729525724527,0,0,0,0,0,0,0,0
2.5392518559012958,0.2354217605497848,0.768,0.2858325715991111,0.4306849060058594,0.080030029296875,1.9016920942459357,0.2526206652867772,0.701,0.09714502616600436,-0.6375597616553601,0.01719890473699237,-0.06700000000000006,-0.18868754543310673,-0.4612545252821352,-0.06356534828308748,0.006556249999999993,-0.19204185008928343,0,0,0,0,0,0,0,0
2.5551137211843815,0.24692968962326878,0.755,0.2850820800207535,0.2769455871582031,0.0985300064086914,1.9016920942459357,0.2526206652867772,0.701,0.09714502616600436,-0.6534216269384459,0.005690975663508402,-0.05400000000000005,-0.18793705385474918,-0.410826765728011,-0.058181408770054725,0.02573939393939395,-0.1845257284985785,0,0,0,0,0,0,0,0
2.5612621722434983,0.2545655966695214,0.742,0.28310985796599997,0.12071676635742187,0.08397815704345703,1.9016920942459357,0.2526206652867772,0.701,0.09714502616600436,-0.6595700779975626,-0.0019449313827442083,-0.041000000000000036,-0.18596483179999562,-0.3634093807283261,-0.042731332350566066,0.03829375000000002,-0.17672004091833832,0,0,0,0,0,0,0,0
2.560715045582536,0.2603573079788901,0.726,0.28307495138096006,0.01638792037963867,0.08570980834960938,1.9016920942459357,0.2526206652867772,0.701,0.09714502616600436,-0.6590229513366004,-0.007736642692112938,-0.025000000000000022,-0.18592992521495572,-0.32661004640562163,-0.03458194192604215,0.06484848484848489,-0.18577125891931978,0,0,0,0,0,0,0,0
2.5522123950198257,0.2653272469482766,0.712,0.283371657353799,-0.10164154815673829,0.10720518493652344,1.9016920942459357,0.2526206652867772,0.701,0.09714502616600436,-0.65052030077389,-0.012706581661499405,-0.01100000000000001,-0.18622663118779464,-0.2772613165651929,-0.034409397915995885,0.0702322580645162,-0.1876623052499185,0,0,0,0,0,0,0,0
2.5374336826409483,0.2685873520243366,0.698,0.2844712147825555,-0.19916705322265624,0.10893197631835938,1.9016920942459357,0.2526206652867772,0.701,0.09714502616600436,-0.6357415883950126,-0.01596668673755941,0.0030000000000000027,-0.18732618861655115,-0.24066856535262438,-0.02501374301983943,0.07553432835820902,-0.1922495800885952,0,0,0,0,0,0,0,0
2.517757635420063,0.2696432159482019,0.684,0.2876302607286652,-0.2788341369628906,0.09803266143798828,1.9016920942459357,0.2526206652867772,0.701,0.09714502616600436,-0.6160655411741272,-0.017022550661424718,0.016999999999999904,-0.19048523456266087,-0.202084824013065,-0.014196696459217863,0.08898461538461477,-0.2050654466216288,0,0,0,0,0,0,0,0
2.492991435109467,0.2699802635220638,0.673,0.289532669613339,-0.35479742431640626,0.11023339080810547,1.9016920942459357,0.2526206652867772,0.701,0.09714502616600436,-0.5912993408635314,-0.0173595982352866,0.027999999999999914,-0.19238764344733467,-0.16229320722086563,-0.010494670669207277,0.08163076923076922,-0.20116799214582914,0,0,0,0,0,0,0,0
2.4641064700663686,0.2680685822602327,0.662,0.2878571535314244,-0.4234273681640625,0.09622007751464844,1.9016920942459357,0.2526206652867772,0.701,0.09714502616600436,-0.562414375820433,-0.015447916973455544,0.038999999999999924,-0.19071212736542004,-0.13678236269472424,0.0018344478224275023,0.08619999999999998,-0.18353134415721448,0,0,0,0,0,0,0,0
2.432700060679459,0.2646566770056721,0.652,0.2832669375986793,-0.46624212646484375,0.08467053985595703,1.9016920942459357,0.2526206652867772,0.701,0.09714502616600436,-0.5310079664335232,-0.012036011718894901,0.04899999999999993,-0.18612191143267498,-0.09639254805647834,0.012353791665109859,0.09304615384615383,-0.1649362994353901,0,0,0,0,0,0,0,0
2.4006117578317583,0.26101087216294483,0.643,0.27747244448205816,-0.47742724609375,0.08201960754394531,1.9016920942459357,0.2526206652867772,0.701,0.09714502616600436,-0.4989196635858226,-0.00839020687616765,0.05799999999999994,-0.1803274183160538,-0.07929458941874154,0.015138710121833418,0.09412727272727271,-0.15398881324050304,0,0,0,0,0,0,0,0
2.3670614155135907,0.25752870117590765,0.633,0.2713288855150381,-0.49831390380859375,0.08761977386474609,1.9016920942459357,0.2526206652867772,0.701,0.09714502616600436,-0.46536932126765507,-0.004908035889130469,0.06799999999999995,-0.17418385934903374,-0.04328756690223651,0.01720339891774143,0.11085161290322582,-0.1444569611215173,0,0,0,0,0,0,0,0
2.3324579112465202,0.25463671460288034,0.626,0.26335273083342403,-0.5116896362304687,0.09731951141357421,1.9016920942459357,0.2526206652867772,0.701,0.09714502616600436,-0.4307658170005846,-0.0020160493161031634,0.07499999999999996,-0.1662077046674197,-0.03187947678097913,0.014328267774668975,0.09712121212121212,-0.12995245611462852,0,0,0,0,0,0,0,0
2.2972532937824934,0.25412280269318294,0.622,0.2530552882466575,-0.5118695373535156,0.1300236358642578,1.9016920942459357,0.2526206652867772,0.701,0.09714502616600436,-0.3955611995365578,-0.0015021374064057569,0.07899999999999996,-0.15591026208065317,-0.008217274961980686,0.0020161492720908486,0.08473846153846151,-0.10838360398788466,0,0,0,0,0,0,0,0
2.261842207178306,0.25592390442434865,0.62,0.2434036174831289,-0.5074857788085938,0.15914054870605468,1.9016920942459357,0.2526206652867772,0.701,0.09714502616600436,-0.36015011293237054,-0.0033032391375714676,0.08099999999999996,-0.14625859131712454,-0.005513361938501715,-0.010530290074532196,0.07465915492957745,-0.10547688386559512,0,0,0,0,0,0,0,0
2.2256105226622935,0.26093295688080037,0.622,0.23801055009446642,-0.5093471374511719,0.20390254211425782,1.9016920942459357,0.2526206652867772,0.701,0.09714502616600436,-0.3239184284163579,-0.008312291594023191,0.07899999999999996,-0.14086552392846208,0.05297450749698093,-0.033870863759013346,0.05133559322033894,-0.11344314737594106,0,0,0,0,0,0,0,0
2.188004810795254,0.2678154832548755,0.626,0.23514821012119566,-0.5238431396484375,0.23332183837890624,1.9016920942459357,0.2526206652867772,0.701,0.09714502616600436,-0.2863127165493182,-0.015194817968098295,0.07499999999999996,-0.1380031839551913,0.05626787132327837,-0.044095654907174694,0.038787878787878746,-0.12499254771305134,0,0,0,0,0,0,0,0
2.151628046594514,0.27608863079091056,0.635,0.2309594199164093,-0.5017219848632812,0.2478117980957031,1.9016920942459357,0.2526206652867772,0.701,0.09714502616600436,-0.24993595234857846,-0.02346796550413338,0.06599999999999995,-0.13381439375040494,0.05691584482940956,-0.05309972043224211,0.007799999999999925,-0.115862435729892,0,0,0,0,0,0,0,0
2.1161032430460476,0.28584748145327066,0.654,0.22364649035055306,-0.485214111328125,0.2644764709472656,1.9016920942459357,0.2526206652867772,0.701,0.09714502616600436,-0.21441114880011192,-0.03322681616649348,0.04699999999999993,-0.12650146418454872,0.08118353532666056,-0.06836488886848968,-0.06315757575757588,-0.09326087524883864,0,0,0,0,0,0,0,0
2.0812595772290847,0.2974555026379726,0.666,0.21783454394141194,-0.4710207824707031,0.28570184326171877,1.9016920942459357,0.2526206652867772,0.701,0.09714502616600436,-0.17956748298314906,-0.04483483735119542,0.03499999999999992,-0.12068951777540758,0.10076755594494108,-0.08589878452943646,-0.03762500000000012,-0.09344601898255851,0,0,0,0,0,0,0,0
2.0465471476187918,0.3106066777858552,0.684,0.21209241070235058,-0.465748779296875,0.30513433837890624,1.9016920942459357,0.2526206652867772,0.701,0.09714502616600436,-0.1448550533728561,-0.05798601249907803,0.016999999999999904,-0.11494738453634622,0.1144855558305341,-0.09980702627659921,-0.08332307692307708,-0.08844523112529376,0,0,0,0,0,0,0,0
2.0125983715871962,0.3258743775095346,0.698,0.20402898955813678,-0.44961196899414063,0.33108010864257814,1.9016920942459357,0.2526206652867772,0.701,0.09714502616600436,-0.11090627734126057,-0.0732537122227574,0.0030000000000000027,-0.10688396339213242,0.12734796303796095,-0.11883754693119064,-0.07298461538461486,-0.06966817349576107,0,0,0,0,0,0,0,0
1.9777274556712916,0.34202676211938793,0.719,0.19833921619663528,-0.4631233825683594,0.34324160766601564,1.9016920942459357,0.2526206652867772,0.701,0.09714502616600436,-0.07603536142535594,-0.08940609683261075,-0.018000000000000016,-0.10119419003063092,0.11845437788432997,-0.11718169730667298,-0.10863076923076932,-0.07931044633254822,0,0,0,0,0,0,0,0
1.9401569430623,0.35969542113892383,0.737,0.19442967867216795,-0.5002873840332032,0.3708782043457031,1.9016920942459357,0.2526206652867772,0.701,0.09714502616600436,-0.03846484881636436,-0.10707475585214665,-0.03600000000000003,-0.0972846525061636,0.23364602584464578,-0.17246104440371884,-0.1499538461538463,-0.07472962832654444,0,0,0,0,0,0,0,0
1.9007407341334377,0.37712670066988346,0.754,0.19505799720288594,-0.5295852661132813,0.37077490234375,1.9016920942459357,0.2526206652867772,0.701,0.09714502616600436,0.0009513601124979676,-0.12450603538310628,-0.05300000000000005,-0.09791297103688158,0.21945461854992857,-0.15909345953021775,-0.13684444444444457,-0.10090496404030057,0,0,0,0,0,0,0,0
1.8658058106211701,0.3889239672107526,0.773,0.19631463426432189,-0.4797876892089844,0.27517132568359376,1.9016920942459357,0.2526206652867772,0.701,0.09714502616600436,0.035886283624765536,-0.13630330192397544,-0.07200000000000006,-0.09916960809831753,0.19775524812552464,-0.1288728758046966,-0.15539411764705896,-0.10471359513406434,0,0,0,0,0,0,0,0
1.852020536741402,0.3943787801031967,0.788,0.1646020017555849,-0.18684739685058593,0.12058408355712891,1.9016920942459357,0.2526206652867772,0.701,0.09714502616600436,0.04967155750453367,-0.14175811481641953,-0.08700000000000008,-0.06745697558958054,0.10265587323482887,-0.10167235599458771,-0.15427741935483885,0.08599124622688877,0,0,0,0,0,0,0,0
1.8536671656032313,0.39562593030508214,0.799,0.15313518856998218,0.027430952072143553,0.014407156944274902,1.9016920942459357,0.2526206652867772,0.701,0.09714502616600436,0.048024928642704356,-0.14300526501830496,-0.09800000000000009,-0.05599016240397782,0.01577932001220561,-0.07773838351857962,-0.13340000000000013,-0.006846677322823312,0,0,0,0,0,0,0,0
1.8699630111529049,0.39497952012459403,0.813,0.14503686084072848,0.24009817504882813,-0.04686856842041016,1.9016920942459357,0.2526206652867772,0.701,0.09714502616600436,0.0317290830930308,-0.14235885483781685,-0.11199999999999999,-0.04789183467472412,-0.07055282121690498,-0.06775149464359269,-0.16384242424242373,-0.011081254087207296,0,0,0,0,0,0,0,0
1.8855690010924795,0.39443280196909103,0.826,0.13885839528866853,0.23044679260253906,-0.04194741821289062,1.9016920942459357,0.2526206652867772,0.701,0.09714502616600436,0.01612309315345617,-0.14181213668231385,-0.125,-0.04171336912266417,-0.07346228146582592,-0.068050077976589,-0.16791044776119407,-0.014048597994037546,0,0,0,0,0,0,0,0
1.8921563060598436,0.393293292108397,0.825,0.13446016557364282,0.09549266052246094,-0.0306046142578125,1.9016920942459357,0.2526206652867772,0.701,0.09714502616600436,0.00953578818609202,-0.1406726268216198,-0.124,-0.03731513940763846,-0.032418504916267736,-0.06390359645527895,-0.09355483870967743,-0.01603338272203019,0,0,0,0,0,0,0,0
1.900540854880796,0.391031498888434,0.824,0.13192943815825103,0.12008494567871093,-0.05048057556152344,1.9016920942459357,0.2526206652867772,0.701,0.09714502616600436,0.0011512393651396113,-0.13841083360165685,-0.123,-0.034784411992246675,-0.04388789679217781,-0.05721105881617643,-0.09309696969696969,-0.023281105558647645,0,0,0,0,0,0,0,0
1.9137343673123244,0.3889357540178109,0.817,0.13048081487909574,0.19204756164550782,-0.05719650650024414,1.9016920942459357,0.2526206652867772,0.701,0.09714502616600436,-0.01204227306638872,-0.1363150887310337,-0.11599999999999999,-0.03333578871309138,-0.07817315764311492,-0.05669643960429656,-0.05451874999999996,-0.02654536709205095,0,0,0,0,0,0,0,0
1.9342753324572248,0.38713294985050567,0.806,0.12770574136842475,0.30197686767578125,-0.06690123748779297,1.9016920942459357,0.2526206652867772,0.701,0.09714502616600436,-0.03258323821128917,-0.1345122845637285,-0.1050000000000001,-0.030560715202420388,-0.12522097972254087,-0.057695817152215376,-0.02566666666666728,-0.017946744699370416,0,0,0,0,0,0,0,0
1.960467341043276,0.3868168601968966,0.789,0.12379620384395748,0.3890769348144531,-0.054739517211914064,1.9016920942459357,0.2526206652867772,0.701,0.09714502616600436,-0.058775246797340364,-0.13419619491011942,-0.08800000000000008,-0.026651177677953122,-0.16828463862772952,-0.06542186444349643,0.01975151515151516,-0.008880552566738281,0,0,0,0,0,0,0,0
1.9922749719810362,0.3867191128390661,0.766,0.11814133706749584,0.47328207397460936,-0.06036919784545899,1.9016920942459357,0.2526206652867772,0.701,0.09714502616600436,-0.09058287773510054,-0.13409844755228895,-0.06500000000000006,-0.020996310901491483,-0.22200049963288457,-0.06650618289930854,0.07577777777777783,0.005931626129278229,0,0,0,0,0,0,0,0
2.026156608354877,0.384949000080663,0.748,0.11007791592328203,0.5015523681640625,-0.08626936340332031,1.9016920942459357,0.2526206652867772,0.701,0.09714502616600436,-0.12446451410894133,-0.13232833479388584,-0.04700000000000004,-0.012932889757277674,-0.24752245597391245,-0.05648386324942592,0.06083750000000003,0.024864396856224553,0,0,0,0,0,0,0,0
2.0601896745881847,0.37766002611907973,0.728,0.09985028650659528,0.49539520263671877,-0.1647537841796875,1.9016920942459357,0.2526206652867772,0.701,0.09714502616600436,-0.15849758034224903,-0.12503936083230255,-0.027000000000000024,-0.0027052603405909176,-0.24701742653250053,-0.026588118633698442,0.07699154929577472,0.040510075222874246,0,0,0,0,0,0,0,0
2.1003366999832545,0.36562633634593467,0.704,0.0889768852666706,0.5812122802734375,-0.23963677978515624,1.9016920942459357,0.2526206652867772,0.701,0.09714502616600436,-0.1986446057373188,-0.11300567105915749,-0.0030000000000000027,0.008168140899333765,-0.31887634799794706,0.009306405417308303,0.1288500000000001,0.05913720921148071,0,0,0,0,0,0,0,0
2.1400553973318446,0.34800081884255873,0.681,0.07960446718346105,0.5699307250976563,-0.3162776794433594,1.9016920942459357,0.2526206652867772,0.701,0.09714502616600436,-0.23836330308590892,-0.09538015355578155,0.019999999999999907,0.01754055898254331,-0.3236161231901095,0.0430294986071324,0.1343823529411759,0.058889462290820704,0,0,0,0,0,0,0,0
2.176164468987189,0.3252266042448411,0.66,0.07271041663808345,0.512755615234375,-0.3836025390625,1.9016920942459357,0.2526206652867772,0.701,0.09714502616600436,-0.2744723747412534,-0.07260593895806394,0.040999999999999925,0.02443460952792091,-0.34107772090886174,0.09226114518550294,0.15134838709677423,0.0577929186184577,0,0,0,0,0,0,0,0
2.2073081556123317,0.29860111427401226,0.641,0.06654940437854345,0.43690728759765624,-0.43226422119140623,1.9016920942459357,0.2526206652867772,0.701,0.09714502616600436,-0.3056160613663961,-0.04598044898723508,0.05999999999999994,0.030595621787460905,-0.32050480481858157,0.12037779842623017,0.15030769230769236,0.0590310629853378,0,0,0,0,0,0,0,0
2.2302220148326777,0.2677439184364606,0.628,0.0621686279560377,0.3121668701171875,-0.4846900329589844,1.9016920942459357,0.2526206652867772,0.701,0.09714502616600436,-0.328529920586742,-0.015123253149683435,0.07299999999999995,0.03497639820996666,-0.2876472791721569,0.15859250485812865,0.12840000000000001,0.05519536631383938,0,0,0,0,0,0,0,0
2.2435302394427326,0.23537259938750596,0.618,0.05965535383316585,0.16906996154785156,-0.4970340576171875,1.9016920942459357,0.2526206652867772,0.701,0.09714502616600436,-0.3418381451967969,0.01724806589927122,0.08299999999999996,0.03748967233283851,-0.24369842593463603,0.18565468399860635,0.12108750000000001,0.04927064478380029,0,0,0,0,0,0,0,0
2.246008078005772,0.20419229412014533,0.61,0.05642649471697633,0.00921692657470703,-0.46908853149414065,1.9016920942459357,0.2526206652867772,0.701,0.09714502616600436,-0.3443159837598362,0.048428371166631845,0.09099999999999997,0.040718531449028025,-0.18550019952705274,0.19210813702295004,0.11587692307692309,0.05562095813913349,0,0,0,0,0,0,0,0
2.2401042280163264,0.17489804520001032,0.603,0.05408775351930394,-0.11319822692871094,-0.4337200317382813,1.9016920942459357,0.2526206652867772,0.701,0.09714502616600436,-0.3384121337703907,0.07772262008676686,0.09799999999999998,0.043057272646700416,-0.1383650594776443,0.19189096858140214,0.11496716417910449,0.053529248158666345,0,0,0,0,0,0,0,0
2.224670897690453,0.14871094106720906,0.599,0.04989896331451754,-0.25239707946777346,-0.3797169189453125,1.9016920942459357,0.2526206652867772,0.701,0.09714502616600436,-0.3229788034445171,0.10390972421956812,0.10199999999999998,0.04724606285148682,-0.0757486776896276,0.19743877395867993,0.10382222222222223,0.06719268287427921,0,0,0,0,0,0,0,0
2.1998175544120593,0.1294612393166771,0.595,0.04426154983057586,-0.38673825073242185,-0.26979150390625,1.9016920942459357,0.2526206652867772,0.701,0.09714502616600436,-0.2981254601661236,0.12315942597010007,0.10599999999999998,0.052883476335428496,-0.024796013691094312,0.15782822173770977,0.1048,0.0770438198380357,0,0,0,0,0,0,0,0
2.1680990492662646,0.11727602112613217,0.593,0.03682644721708002,-0.4833990173339844,-0.1615474853515625,1.9016920942459357,0.2526206652867772,0.701,0.09714502616600436,-0.26640695502032896,0.135344644160645,0.10799999999999998,0.06031857894892434,0.03758847327488368,0.13328503541402603,0.09716923076923077,0.094634437165059,0,0,0,0,0,0,0,0
2.130667726372629,0.11307968214229562,0.591,0.028448866807507238,-0.5634066772460937,-0.04223014068603516,1.9016920942459357,0.2526206652867772,0.701,0.09714502616600436,-0.22897563212669336,0.13954098314448155,0.10999999999999999,0.06869615935849713,0.08706546105622959,0.09236616302366826,0.09876923076923078,0.10736191509498691,0,0,0,0,0,0,0,0
2.0879543242666707,0.11588758652115624,0.589,0.02380629099720232,-0.6392437133789063,0.060326282501220706,1.9016920942459357,0.2526206652867772,0.701,0.09714502616600436,-0.18626223002073505,0.13673307876562094,0.11199999999999999,0.07333873516880204,0.1368641270986387,0.053247054265868725,0.10036923076923078,0.09476600813944011,0,0,0,0,0,0,0,0
2.042613257099432,0.12651072427355436,0.587,0.03483677186980649,-0.6761301879882813,0.17549142456054687,1.9016920942459357,0.2526206652867772,0.701,0.09714502616600436,-0.14092116285349654,0.12610994101322281,0.11399999999999999,0.062308254296197865,0.16998447173284986,0.00672014909237896,0.10180606060606062,0.012169704875269784,0,0,0,0,0,0,0,0
1.9951168779890895,0.14464779361980756,0.587,0.04817108735504317,-0.7025377807617188,0.29670526123046875,1.9016920942459357,0.2526206652867772,0.701,0.09714502616600436,-0.09342478374315388,0.10797287166696962,0.11399999999999999,0.04897393881096119,0.21715638096366002,-0.04677506053458852,0.0912,-0.01452280159492774,0,0,0,0,0,0,0,0
1.9477592231556051,0.1706484498542558,0.587,0.05974262029576557,-0.6907608642578125,0.42376324462890624,1.9016920942459357,0.2526206652867772,0.701,0.09714502616600436,-0.046067128909669464,0.08197221543252137,0.11399999999999999,0.03740240587023879,0.23196919234085056,-0.09901742585384526,0.0912,-0.01600466924078766,0,0,0,0,0,0,0,0
1.9079585738162588,0.19544036336335752,0.587,0.07271041663808345,-0.5737408447265625,0.4068609619140625,1.9016920942459357,0.2526206652867772,0.701,0.09714502616600436,-0.0062664795703231135,0.05718030192341966,0.11399999999999999,0.02443460952792091,0.2079308097416751,-0.10288211764716282,0.0912,-0.034509919300796714,0,0,0,0,0,0,0,0
1.8760835389516157,0.22357452842444578,0.583,0.09166469231474186,-0.44620452880859374,0.4556315002441406,1.9016920942459357,0.2526206652867772,0.701,0.09714502616600436,0.025608555294319935,0.0290461368623314,0.118,0.005480333851262495,0.1844390807644687,-0.1369685895900788,0.11593846153846155,-0.08200093850254557,0,0,0,0,0,0,0,0
1.8637451921716788,0.2406967346590761,0.578,0.11609930184266248,-0.16078863525390624,0.2726959533691406,1.9016920942459357,0.2526206652867772,0.701,0.09714502616600436,0.03794690207425688,0.011923930627701085,0.123,-0.018954275676658125,0.08066518493681318,-0.07964906585930102,0.12340000000000001,-0.1236740307963179,0,0,0,0,0,0,0,0
1.8615677222370062,0.2538625449906316,0.58,0.14257594659541645,-0.009565522193908691,0.19994120788574218,1.9016920942459357,0.2526206652867772,0.701,0.09714502616600436,0.04012437200892949,-0.0012418797038544205,0.121,-0.04543092042941209,0.03197022470970555,-0.07262146510262138,0.08586249999999998,-0.1695401927079463,0,0,0,0,0,0,0,0
1.8650755139861779,0.26188409732770884,0.577,0.167324715388696,0.06918013000488281,0.11162588500976563,1.9016920942459357,0.2526206652867772,0.701,0.09714502616600436,0.03661658025975778,-0.009263432040931663,0.124,-0.07017968922269165,-0.0005798192887379941,-0.047824690143189436,0.11535384615384617,-0.184404775960905,0,0,0,0,0,0,0,0
1.8753659441640433,0.2483010622963061,0.574,0.0829380460547702,0.11826788330078125,-0.22660728454589843,1.9016920942459357,0.2526206652867772,0.701,0.09714502616600436,0.02632615008189232,0.004319602990471072,0.127,0.014206980111234155,-0.042246933609098626,0.07529922089509641,0.11775384615384618,0.40368391549858396,0,0,0,0,0,0,0,0
1.875625202141586,0.2339181054804671,0.583,0.016685347649065443,-0.013997406005859374,-0.21532492065429687,1.9016920942459357,0.2526206652867772,0.701,0.09714502616600436,0.026066892104349648,0.018702559806310082,0.118,0.08045967851693892,0.01163744155771429,0.08679797044998047,0.0459384615384615,0.38624136346634547,0,0,0,0,0,0,0,0
1.8750143664445473,0.21484052451514937,0.578,-0.005986479334340899,-0.013935779571533203,-0.28597100830078126,1.9016920942459357,0.2526206652867772,0.701,0.09714502616600436,0.02667772780138833,0.03778014077162781,0.123,0.10313150550034526,0.016578144112262924,0.1200590603534079,0.12491515151515153,0.20618526451582864,0,0,0,0,0,0,0,0
1.8770611655436757,0.1965191561408114,0.578,0.010925761117484155,0.032346633911132815,-0.2746318054199219,1.9016920942459357,0.2526206652867772,0.701,0.09714502616600436,0.024630928702259913,0.05610150914596579,0.123,0.0862192650485202,0.001122031777771433,0.12824573787014373,0.0984,0.006943137930590246,0,0,0,0,0,0,0,0
1.8829494338221342,0.1786106505890289,0.581,0.031014500807938883,0.08538385009765626,-0.2695765380859375,1.9016920942459357,0.2526206652867772,0.701,0.09714502616600436,0.01874266042380146,0.07401001469774829,0.12,0.06613052535806548,-0.0223347297490294,0.1334354218584722,0.07984615384615384,-0.02658673475172557,0,0,0,0,0,0,0,0
1.8916764344572863,0.1572913570316104,0.579,0.060004419683564694,0.120925537109375,-0.32369491577148435,1.9016920942459357,0.2526206652867772,0.701,0.09714502616600436,0.010015659788649378,0.09532930825516678,0.122,0.037140606482439664,-0.04271795482916326,0.16425454076971574,0.10853750000000001,-0.09874963824705632,0,0,0,0,0,0,0,0
1.9048186399757552,0.1387832579168289,0.587,0.09419541973013362,0.18012977600097657,-0.288943603515625,1.9016920942459357,0.2526206652867772,0.701,0.09714502616600436,-0.0031265457298195187,0.11383740736994827,0.11399999999999999,0.002949606435870736,-0.07125678697800239,0.1550677141421487,0.04877575757575755,-0.1524640301394426,0,0,0,0,0,0,0,0
1.9227750661628122,0.12251358118107947,0.591,0.12959069696057862,0.24519839477539063,-0.2682969665527344,1.9016920942459357,0.2526206652867772,0.701,0.09714502616600436,-0.02108297191687658,0.1301070841056977,0.10999999999999999,-0.03244567079457426,-0.10162480719713353,0.14758088781389675,0.06771014492753621,-0.18633818049216122,0,0,0,0,0,0,0,0
1.9428074261148967,0.10996420253484782,0.599,0.15402530648849921,0.2736397705078125,-0.22549346923828126,1.9016920942459357,0.2526206652867772,0.701,0.09714502616600436,-0.04111533186896099,0.14265646275192936,0.10199999999999998,-0.056880280322494856,-0.12217108598128547,0.13498449987134262,0.041020289855072424,-0.16311771305258438,0,0,0,0,0,0,0,0
1.965481740699264,0.09845738337543317,0.612,0.17585937543094826,0.309608154296875,-0.2227383270263672,1.9016920942459357,0.2526206652867772,0.701,0.09714502616600436,-0.0637896464533283,0.154163281911344,0.08899999999999997,-0.0787143492649439,-0.15786323758426027,0.14100841406353115,-0.0010222222222223132,-0.1826861061337489,0,0,0,0,0,0,0,0
1.9930883149387577,0.08907307752884966,0.62,0.19153243211385734,0.38308441162109375,-0.21104185485839844,1.9016920942459357,0.2526206652867772,0.701,0.09714502616600436,-0.09139622069282205,0.16354758775792752,0.08099999999999996,-0.09438740594785298,-0.19434889471291583,0.1323046715144134,0.02172307692307686,-0.16672459063820258,0,0,0,0,0,0,0,0
2.0230752522992033,0.08474382842201961,0.63,0.20271999261914098,0.4292168273925781,-0.14937753295898437,1.9016920942459357,0.2526206652867772,0.701,0.09714502616600436,-0.1213831580532676,0.16787683686475757,0.07099999999999995,-0.10557496645313662,-0.2246826427165704,0.10761399948535563,0.00211249999999992,-0.15801665632165365,0,0,0,0,0,0,0,0
2.052139500533555,0.08700209982535358,0.644,0.21062633413067533,0.4338563232421875,-0.05459406280517578,1.9016920942459357,0.2526206652867772,0.701,0.09714502616600436,-0.15044740628761932,0.16561856546142362,0.05699999999999994,-0.11348130796467097,-0.2270518655620649,0.07101234256404189,-0.027534328358209063,-0.14888283712079495,0,0,0,0,0,0,0,0
2.0805439272985837,0.09367546256077787,0.652,0.21614157456697736,0.4375786437988281,0.008809497833251953,1.9016920942459357,0.2526206652867772,0.701,0.09714502616600436,-0.17885183305264807,0.15894520272599932,0.04899999999999993,-0.118996548400973,-0.24977348697406695,0.04180039237270124,-0.005961290322580727,-0.14568319567340215,0,0,0,0,0,0,0,0
2.1062078252972767,0.10372738957232143,0.642,0.2222676802414775,0.4083377685546875,0.06471142578125,1.9016920942459357,0.2526206652867772,0.701,0.09714502616600436,-0.20451573105134102,0.14889327571445576,0.05899999999999994,-0.12512265407547313,-0.24044808551863256,0.020320877025839484,0.10104615384615384,-0.15339698795778142,0,0,0,0,0,0,0,0
2.1284378407301885,0.11675994025912986,0.654,0.2270847889769818,0.36834121704101563,0.11717279815673828,1.9016920942459357,0.2526206652867772,0.701,0.09714502616600436,-0.22674574648425283,0.13586072502764732,0.04699999999999993,-0.12993976281097747,-0.23307295634242076,-0.0022449104151448934,-0.027015384615384712,-0.15217257235945902,0,0,0,0,0,0,0,0
2.14651377226797,0.13196036986706913,0.665,0.23251276295068418,0.31551092529296876,0.1611090850830078,1.9016920942459357,0.2526206652867772,0.701,0.09714502616600436,-0.24482167802203447,0.12066029541970805,0.03599999999999992,-0.13536773678467984,-0.2212635896082606,-0.02279720170856385,-0.031356250000000106,-0.1608113647864097,0,0,0,0,0,0,0,0
2.1581044854374682,0.1472528883916612,0.677,0.23790583033934667,0.22203849792480468,0.1831534881591797,1.9016920942459357,0.2526206652867772,0.701,0.09714502616600436,-0.2564123911915326,0.10536777689511598,0.02399999999999991,-0.1407608041733423,-0.18534351403695418,-0.02270176625113532,-0.03995492957746491,-0.1635484128578316,0,0,0,0,0,0,0,0
2.164332844154245,0.16573255825559605,0.694,0.23858650874762447,0.1561199188232422,0.24737010192871095,1.9016920942459357,0.2526206652867772,0.701,0.09714502616600436,-0.26264074990830943,0.08688810703118113,0.007000000000000006,-0.1414414825816201,-0.16485769112141468,-0.056061861136366284,-0.085938461538461,-0.14458307523520988,0,0,0,0,0,0,0,0
2.1645746355056437,0.18502468157616433,0.71,0.23705061900586943,0.07191357421875,0.280327392578125,1.9016920942459357,0.2526206652867772,0.701,0.09714502616600436,-0.262882541259708,0.06759598371061284,-0.009000000000000008,-0.1399055928398651,-0.13276356708281492,-0.07170580755405138,-0.09470000000000009,-0.1327061096753885,0,0,0,0,0,0,0,0
2.1588621469875173,0.20355096910459924,0.725,0.23523547658379534,-0.018031269073486327,0.2902454833984375,1.9016920942459357,0.2526206652867772,0.701,0.09714502616600436,-0.25717005274158167,0.049069696182177935,-0.02400000000000002,-0.138090450417791,-0.09782547281164904,-0.07522208475432977,-0.09996923076923087,-0.12971287000821827,0,0,0,0,0,0,0,0
2.1503263143105,0.22481989464495378,0.734,0.23258257612076397,-0.05015341186523437,0.3400894775390625,1.9016920942459357,0.2526206652867772,0.701,0.09714502616600436,-0.24863422006456437,0.027800770641823402,-0.03300000000000003,-0.1354375499547596,-0.07763677507984384,-0.10241405122790215,-0.07561875000000005,-0.12300207903429988,0,0,0,0,0,0,0,0
2.1390379886861717,0.24695948445351978,0.738,0.22795745360297898,-0.08822095489501953,0.362179931640625,1.9016920942459357,0.2526206652867772,0.701,0.09714502616600436,-0.23734589444023602,0.005661180833257395,-0.03700000000000003,-0.13081242743697463,-0.059704082018402736,-0.11282398321020864,-0.050495522388059745,-0.11010292362599719,0,0,0,0,0,0,0,0
2.1266209738394166,0.27063351306640077,0.745,0.22218041377887773,-0.10118600463867188,0.3880152282714844,1.9016920942459357,0.2526206652867772,0.701,0.09714502616600436,-0.22492887959348096,-0.018012847779623586,-0.04400000000000004,-0.12503538761287336,-0.04455888985354875,-0.13847376786650464,-0.07348125000000005,-0.09795551343739865,0,0,0,0,0,0,0,0
2.1138404644743076,0.2940030722130692,0.744,0.21596704164177793,-0.10975065612792968,0.3841708984375,1.9016920942459357,0.2526206652867772,0.701,0.09714502616600436,-0.21214837022837196,-0.041382406926292026,-0.04300000000000004,-0.11882201547577358,-0.03829875666285042,-0.1446206837863877,-0.02909696969696973,-0.09057941485259274,0,0,0,0,0,0,0,0
2.10091559220311,0.32100580554287217,0.745,0.20491910747665382,-0.10257225036621094,0.4371772155761719,1.9016920942459357,0.2526206652867772,0.701,0.09714502616600436,-0.19922349795717453,-0.06838514025609499,-0.04400000000000004,-0.10777408131064946,-0.02664876035085985,-0.18662735505435454,-0.04084516129032262,-0.05431633535037147,0,0,0,0,0,0,0,0
2.0833496325998437,0.3307409912924478,0.76,0.13151055913777232,-0.22826162719726562,0.1965894317626953,1.9016920942459357,0.2526206652867772,0.701,0.09714502616600436,-0.18165753835390808,-0.07812032600567059,-0.05900000000000005,-0.03436553297176796,0.0009337063624975939,-0.08991561094837949,-0.125558208955224,0.2943294595903879,0,0,0,0,0,0,0,0
2.0623850162936943,0.3299924410477882,0.758,0.09979792662903536,-0.3132261657714844,0.030105623245239257,1.9016920942459357,0.2526206652867772,0.701,0.09714502616600436,-0.16069292204775865,-0.07737177576101101,-0.05700000000000005,-0.002652900463031002,0.025995795601516325,-0.034888893885855435,-0.03545507246376815,0.135228110444521,0,0,0,0,0,0,0,0
2.04458173037983,0.32860894768954324,0.757,0.09599310885968773,-0.26778814697265624,0.005957605361938477,1.9016920942459357,0.2526206652867772,0.701,0.09714502616600436,-0.14288963613389427,-0.07598828240276606,-0.05600000000000005,0.0011519173063166271,0.022966546627788187,-0.030766937091148232,-0.03957611940298511,0.0181884147810075,0,0,0,0,0,0,0,0
2.031988897653416,0.32757177777004826,0.763,0.10417870305154112,-0.1895139923095703,0.0026186180114746095,1.9016920942459357,0.2526206652867772,0.701,0.09714502616600436,-0.1302968034074805,-0.07495111248327108,-0.062000000000000055,-0.007033676885536758,0.0037186522688349988,-0.03171350113333007,-0.08293333333333341,-0.04601269684674335,0,0,0,0,0,0,0,0
2.0225801882259256,0.3228142206351109,0.764,0.11882201547577355,-0.14778657531738282,-0.05630022048950195,1.9016920942459357,0.2526206652867772,0.701,0.09714502616600436,-0.1208880939799899,-0.07019355534833371,-0.06300000000000006,-0.02167698930976919,-0.010549375783605333,-0.009867308019195997,-0.05570303030303036,-0.08823750032900751,0,0,0,0,0,0,0,0
2.013646594253038,0.3178244677397837,0.773,0.13782865102999178,-0.1419315185546875,-0.05843337631225586,1.9016920942459357,0.2526206652867772,0.701,0.09714502616600436,-0.11195450000710228,-0.0652038024530065,-0.07200000000000006,-0.040683624863987425,-0.007121657964321959,-0.005314190080182541,-0.10681875000000009,-0.1297772290243854,0,0,0,0,0,0,0,0
2.005497621073704,0.31138680205070546,0.779,0.15707963267948924,-0.1343427276611328,-0.07885508728027343,1.9016920942459357,0.2526206652867772,0.701,0.09714502616600436,-0.10380552682776845,-0.05876613676392828,-0.07800000000000007,-0.05993460651348488,-0.008023677063625147,0.005281285328457043,-0.09470769230769238,-0.14878529104962698,0,0,0,0,0,0,0,0
1.9984452991820945,0.3038295930040825,0.787,0.16163494202719447,-0.12221556091308594,-0.09541411590576172,1.9016920942459357,0.2526206652867772,0.701,0.09714502616600436,-0.0967532049361588,-0.05120892771730534,-0.08600000000000008,-0.06448991586119011,-0.010977925770149458,0.014471644721923506,-0.11122424242424253,-0.08519586744166845,1490824004376,0,0,0,0,0,0,0
