-0.07653070005809261,0.08447516404617228,0.674,0.7163354848960335,-0.008841392517089843,-0.03125257301330566,-1.5874434379876203,-1.225024619117924,0.679,0.7151486610046773,-1.5109127379295277,-1.3094997831640962,0.0050000000000000044,-0.001186823891356159,-0.7554563689647639,-0.6547498915820481,0.0040000000000000036,-0.001186823891356159,0,0,0,0,0,0,0,0
-0.07548016766958683,0.08212253041350813,0.671,0.7171732429369907,-0.011287038803100585,-0.0369630355834961,-1.5874434379876203,-1.225024619117924,0.679,0.7151486610046773,-1.5119632703180335,-1.307147149531432,0.008000000000000007,-0.002024581932313363,-0.7618179262062708,-0.6405033879175813,0.023066666666666687,-0.006013905936871476,0,0,0,0,0,0,0,0
-0.07417491832296512,0.07919713719460766,0.667,0.7183949734133864,-0.01408517837524414,-0.0459398307800293,-1.5874434379876203,-1.225024619117924,0.679,0.7151486610046773,-1.5132685196646551,-1.3042217563125316,0.01200000000000001,-0.0032463124087090955,-0.7633524549987627,-0.636828973281413,0.030495522388059727,-0.00871674737764521,0,0,0,0,0,0,0,0
-0.07360023751452736,0.07618882696655217,0.66,0.7191105584067047,-0.023210176467895506,-0.039646312713623046,-1.5874434379876203,-1.225024619117924,0.679,0.7151486610046773,-1.513843200473093,-1.3012134460844762,0.019000000000000017,-0.003961897402027348,-0.7600643859076914,-0.6341550264825603,0.05348125000000004,-0.007316202058206656,0,0,0,0,0,0,0,0
-0.07529146369672561,0.07175824345843491,0.652,0.7198261434000219,-0.06286439895629883,-0.033292469024658204,-1.5874434379876203,-1.225024619117924,0.679,0.7151486610046773,-1.5121519742908947,-1.2967828625763589,0.027000000000000024,-0.004677482395344601,-0.7471073634519709,-0.624895912684527,0.06402424242424248,-0.00793014145587757,0,0,0,0,0,0,0,0
-0.08130945325667362,0.06368810335624811,0.65,0.7204195553456998,-0.1476798095703125,-0.031510787963867186,-1.5874434379876203,-1.225024619117924,0.679,0.7151486610046773,-1.5061339847309467,-1.2887127224741721,0.029000000000000026,-0.0052708943410224585,-0.7201561119595081,-0.6002227825532522,0.03413750000000003,-0.008052512836387415,0,0,0,0,0,0,0,0
-0.09344025575966582,0.05098301175701975,0.646,0.7202101158354609,-0.2624729919433594,-0.023183311462402344,-1.5874434379876203,-1.225024619117924,0.679,0.7151486610046773,-1.4940031822279545,-1.2760076308749437,0.03300000000000003,-0.005061454830783574,-0.6816818853286344,-0.569591783749319,0.04793846153846158,-0.004094810937373337,0,0,0,0,0,0,0,0
-0.11198453141491284,0.033197858962261705,0.643,0.7204893685157796,-0.385037841796875,-0.017066627502441405,-1.5874434379876203,-1.225024619117924,0.679,0.7151486610046773,-1.4754589065727075,-1.2582224780801856,0.03600000000000003,-0.005340707511102272,-0.636315445796722,-0.5318486846937593,0.045206250000000045,-0.006649704450096168,0,0,0,0,0,0,0,0
-0.1375624801255696,0.009554919252724873,0.636,0.7199483164476617,-0.5222982177734375,-0.013382258415222168,-1.5874434379876203,-1.225024619117924,0.679,0.7151486610046773,-1.4498809578620508,-1.2345795383706488,0.04300000000000004,-0.00479965544298433,-0.5892998418290583,-0.49191054345293234,0.07152121212121218,-0.002340327860630048,0,0,0,0,0,0,0,0
-0.16917181130416156,-0.021401006858876803,0.631,0.7201228493728609,-0.66263720703125,-0.03648625946044922,-1.5874434379876203,-1.225024619117924,0.679,0.7151486610046773,-1.4182716266834587,-1.2036236122590471,0.04800000000000004,-0.00497418836818353,-0.5510891574487689,-0.4470321755715151,0.06340000000000005,-0.005722186619037244,0,0,0,0,0,0,0,0
-0.2071849506361242,-0.05635864365000612,0.629,0.7190581985291447,-0.7744376220703125,-0.018145914077758788,-1.5874434379876203,-1.225024619117924,0.679,0.7151486610046773,-1.380258487351496,-1.1686659754679178,0.050000000000000044,-0.003909537524467321,-0.4789451362759552,-0.39012389444990736,0.051111111111111156,0.001160228397990814,0,0,0,0,0,0,0,0
-0.24941362890199234,-0.09367243640422919,0.622,0.7182029871956672,-0.8452752685546875,-0.003912783145904541,-1.5874434379876203,-1.225024619117924,0.679,0.7151486610046773,-1.338029809085628,-1.1313521827136948,0.05700000000000005,-0.0030543261909898867,-0.4450749440419985,-0.3677999176602098,0.0827212121212122,0.0008329980520893616,0,0,0,0,0,0,0,0
-0.29367869491624377,-0.13220953568401791,0.617,0.7181506273181075,-0.880346923828125,0.001647418975830078,-1.5874434379876203,-1.225024619117924,0.679,0.7151486610046773,-1.2937647430713766,-1.092815083433906,0.062000000000000055,-0.0030019663134301933,-0.41564695205825564,-0.34509433652402727,0.0757194029850747,-0.002767519100476342,0,0,0,0,0,0,0,0
-0.3388542722202451,-0.17268824413229,0.617,0.7182553470732271,-0.9097950439453125,-0.011343194007873534,-1.5874434379876203,-1.225024619117924,0.679,0.7151486610046773,-1.2485891657673753,-1.052336374985634,0.062000000000000055,-0.003106686068549802,-0.37331915341701416,-0.3012864738913056,0.04960000000000005,-0.003605351569119368,0,0,0,0,0,0,0,0
-0.3908832742812298,-0.21717136228878886,0.612,0.7186916793862257,-1.0267288818359375,0.01117568302154541,-1.5874434379876203,-1.225024619117924,0.679,0.7151486610046773,-1.1965601637063905,-1.0078532568291352,0.06700000000000006,-0.0035430183815483574,-0.31812391690943087,-0.26440214603341994,0.08052307692307699,-0.005556859826157074,0,0,0,0,0,0,0,0
-0.4459869547745332,-0.2629287206696559,0.614,0.7202799290055406,-1.074021484375,0.027603031158447266,-1.5874434379876203,-1.225024619117924,0.679,0.7151486610046773,-1.1414564832130871,-0.962095898448268,0.06500000000000006,-0.005131268000863276,-0.278511754142056,-0.238395291143778,0.041393939393939434,-0.012350584452294724,0,0,0,0,0,0,0,0
-0.49993959994758846,-0.3065479813213422,0.617,0.7204893685157796,-1.039844970703125,0.04202614212036133,-1.5874434379876203,-1.225024619117924,0.679,0.7151486610046773,-1.087503838040032,-0.9184766377965817,0.062000000000000055,-0.005340707511102272,-0.24401500139193155,-0.21690909305558917,0.03293333333333337,-0.006338038512240346,0,0,0,0,0,0,0,0
-0.554013119249706,-0.34881031625542863,0.621,0.721623832529576,-1.0277701416015625,0.058735729217529294,-1.5874434379876203,-1.225024619117924,0.679,0.7151486610046773,-1.0334303187379144,-0.8762143028624954,0.05800000000000005,-0.006475171524898626,-0.22996164791833373,-0.21398870859897148,0.025187878787878818,-0.011631826133063874,0,0,0,0,0,0,0,0
-0.6062906892905113,-0.38868719599377755,0.626,0.7237007743394491,-0.9838410034179688,0.06896810913085938,-1.5874434379876203,-1.225024619117924,0.679,0.7151486610046773,-0.981152748697109,-0.8363374231241464,0.05300000000000005,-0.008552113334771794,-0.19546105960207266,-0.19305729368429678,0.014174193548387119,-0.018601831769641957,0,0,0,0,0,0,0,0
-0.6634204359958255,-0.4315910223694591,0.63,0.7245210790878865,-1.068301025390625,0.08518116760253906,-1.5874434379876203,-1.225024619117924,0.679,0.7151486610046773,-0.9240230019917949,-0.7934335967484648,0.049000000000000044,-0.00937241808320921,-0.18038598906829262,-0.18521906271946406,0.019481690140845092,-0.012838494485057451,0,0,0,0,0,0,0,0
-0.7258160851275982,-0.4775629493506106,0.633,0.7263187682174409,-1.1578807373046875,0.10394756317138672,-1.5874434379876203,-1.225024619117924,0.679,0.7151486610046773,-0.8616273528600221,-0.7474616697673133,0.04600000000000004,-0.01117010721276357,-0.10965960001647485,-0.1371106224806711,0.021358823529411784,-0.019101088666679856,0,0,0,0,0,0,0,0
-0.7911108263763708,-0.5250184461379779,0.639,0.7291287483131516,-1.2049825439453126,0.11827187347412109,-1.5874434379876203,-1.225024619117924,0.679,0.7151486610046773,-0.7963326116112496,-0.700006172979946,0.040000000000000036,-0.01398008730847422,-0.03541774331244402,-0.08636143767126597,-0.0013333333333333322,-0.02736094490709637,0,0,0,0,0,0,0,0
-0.8581946885799886,-0.5736884202445707,0.64,0.7326368601096601,-1.2367957763671875,0.12595106506347656,-1.5874434379876203,-1.225024619117924,0.679,0.7151486610046773,-0.7292487494076317,-0.6513361988733533,0.039000000000000035,-0.017488199104982782,-0.0034035782227967992,-0.06359900809348468,0.025815384615384643,-0.03367948431963768,0,0,0,0,0,0,0,0
-0.9260773304847499,-0.6232707376666151,0.632,0.7356213731305706,-1.25440673828125,0.12812911987304687,-1.5874434379876203,-1.225024619117924,0.679,0.7151486610046773,-0.6613661075028704,-0.6017538814513088,0.04700000000000004,-0.0204727121258933,0.03483886419727966,-0.03389523153003049,0.08067692307692315,-0.034247387607018766,0,0,0,0,0,0,0,0
-0.9936377818254395,-0.6735158326375962,0.633,0.7386931526140806,-1.25710693359375,0.12125836944580078,-1.5874434379876203,-1.225024619117924,0.679,0.7151486610046773,-0.5938056561621808,-0.5515087864803278,0.04600000000000004,-0.023544491609403306,0.0668842175995456,-0.00520388185795817,0.031415384615384644,-0.03772193537944949,0,0,0,0,0,0,0,0
-1.026610755453438,-0.6997310397402875,0.638,0.7415729458798713,-0.6304473266601562,0.042288707733154296,-1.5874434379876203,-1.225024619117924,0.679,0.7151486610046773,-0.5608326825341823,-0.5252935793776364,0.041000000000000036,-0.026424284875193993,-0.10009539173897405,-0.11928237584597509,0.00545625000000001,-0.039923315808587836,0,0,0,0,0,0,0,0
-1.058534599871932,-0.726363882042252,0.644,0.7436149811047045,-0.6229497680664062,0.028855087280273438,-1.5874434379876203,-1.225024619117924,0.679,0.7151486610046773,-0.5289088381156883,-0.49866073707567193,0.03500000000000003,-0.028466320100027143,-0.09516130471734602,-0.10809559875469091,-0.003818181818181818,-0.03774829839472328,0,0,0,0,0,0,0,0
-1.085154413904218,-0.7500160693819322,0.65,0.7457268294996179,-0.5340645141601562,0.009176020622253417,-1.5874434379876203,-1.225024619117924,0.679,0.7151486610046773,-0.5022890240834024,-0.4750085497359917,0.029000000000000026,-0.03057816849494055,-0.10780705186785366,-0.11014634303894855,-0.009107692307692306,-0.04032516108684858,0,0,0,0,0,0,0,0
-1.1103191316593048,-0.7733317907801291,0.656,0.7463027881527756,-0.5145859375,-0.0007980161905288696,-1.5874434379876203,-1.225024619117924,0.679,0.7151486610046773,-0.4771243063283155,-0.4516928283377948,0.02300000000000002,-0.031154127148098287,-0.11273856438872334,-0.10926780717791275,-0.011600000000000006,-0.03362252137591716,0,0,0,0,0,0,0,0
-1.132786968143517,-0.7934471830973074,0.661,0.7491825814185665,-0.45229345703125,0.007278922080993652,-1.5874434379876203,-1.225024619117924,0.679,0.7151486610046773,-0.45465646984410335,-0.4315774360206165,0.018000000000000016,-0.034033920413889196,-0.10995893985527189,-0.11070831038325747,-0.011719402985074633,-0.0469285171263858,0,0,0,0,0,0,0,0
-1.147428266442822,-0.8045127605532136,0.667,0.7523241740721563,-0.27385702514648436,0.02802890205383301,-1.5874434379876203,-1.225024619117924,0.679,0.7151486610046773,-0.4400151715447984,-0.4205118585647103,0.01200000000000001,-0.037175513067479016,-0.14352319167155253,-0.152450673915681,-0.021743283582089566,-0.051242345844746864,0,0,0,0,0,0,0,0
-1.1598419738896362,-0.8137150131596554,0.673,0.7551865140454269,-0.2302728729248047,0.026462440490722657,-1.5874434379876203,-1.225024619117924,0.679,0.7151486610046773,-0.42760146409798416,-0.4113096059582685,0.006000000000000005,-0.04003785304074958,-0.1413874386092423,-0.1519749961082237,-0.030200000000000025,-0.054349552907102416,0,0,0,0,0,0,0,0
-1.170160729574536,-0.8220059452806513,0.679,0.7571587361001807,-0.19794517517089844,0.01553606605529785,-1.5874434379876203,-1.225024619117924,0.679,0.7151486610046773,-0.41728270841308435,-0.40301867383727263,0,-0.04201007509550336,-0.15307882359554317,-0.15686585626712019,-0.03230769230769233,-0.05111263842513619,0,0,0,0,0,0,0,0
-1.1837194018467418,-0.8333516127677846,0.684,0.7574379887805,-0.2647078552246094,0.01600463676452637,-1.5874434379876203,-1.225024619117924,0.679,0.7151486610046773,-0.4037240361408785,-0.39167300635013935,-0.0050000000000000044,-0.042289327775822616,-0.12885378275856152,-0.13474444747512124,-0.030923076923076945,-0.043578186300373016,0,0,0,0,0,0,0,0
-1.190204267878785,-0.842725367668264,0.69,0.7565827774470225,-0.16728370666503906,-0.035331775665283206,-1.5874434379876203,-1.225024619117924,0.679,0.7151486610046773,-0.39723917010883536,-0.3822992514496599,-0.010999999999999899,-0.04143411644234518,-0.16370107565110856,-0.1406755608760946,-0.04110769230769165,-0.03748698721091087,0,0,0,0,0,0,0,0
-1.2027925344987442,-0.857148540735085,0.697,0.7551690607529068,-0.28581991577148436,-0.02770849609375,-1.5874434379876203,-1.225024619117924,0.679,0.7151486610046773,-0.3846509034888761,-0.367876078382839,-0.017999999999999905,-0.04002039974822946,-0.12454247763696509,-0.10627479960084515,-0.052092307692307646,-0.03349555346769538,0,0,0,0,0,0,0,0
-1.2151857668156942,-0.8696888176010351,0.704,0.7542789428343899,-0.2642918395996094,-0.009552095413208008,-1.5874434379876203,-1.225024619117924,0.679,0.7151486610046773,-0.3722576711719261,-0.3553358015168888,-0.02499999999999991,-0.039130281829712565,-0.11835334635264275,-0.10908826164777946,-0.058281249999999965,-0.03495785408666461,0,0,0,0,0,0,0,0
-1.2241748448497032,-0.8778718685694313,0.714,0.753004852480434,-0.18231575012207032,0.002877993106842041,-1.5874434379876203,-1.225024619117924,0.679,0.7151486610046773,-0.36326859313791715,-0.3471527505484926,-0.03499999999999992,-0.037856191475756695,-0.13668890639891385,-0.1326611204322652,-0.07799999999999997,-0.032395804244517254,0,0,0,0,0,0,0,0
-1.2348009752344136,-0.8879441770684572,0.723,0.7516260423713585,-0.21961517333984376,-0.0012393004894256591,-1.5874434379876203,-1.225024619117924,0.679,0.7151486610046773,-0.35264246275320676,-0.33708044204946674,-0.04399999999999993,-0.036477381366681216,-0.11910360622816285,-0.11430471372228648,-0.08366153846153845,-0.030113642401717468,0,0,0,0,0,0,0,0
-1.2525502707547085,-0.9055190391608421,0.733,0.7525859734599551,-0.37451809692382815,-0.0108018798828125,-1.5874434379876203,-1.225024619117924,0.679,0.7151486610046773,-0.33489316723291185,-0.31950557995708184,-0.05399999999999994,-0.037437312455277816,-0.06883938628148416,-0.062114667243069244,-0.09875555555555554,-0.04200841287716638,0,0,0,0,0,0,0,0
-1.275848103805891,-0.9279207760184804,0.744,0.7535284512560323,-0.4847680358886719,-0.006402357578277588,-1.5874434379876203,-1.225024619117924,0.679,0.7151486610046773,-0.31159533418172924,-0.2971038430994435,-0.06499999999999995,-0.03837979025135496,-0.03588234991566007,-0.03324886419423023,-0.10861764705882353,-0.0425377805281659,0,0,0,0,0,0,0,0
-1.3018346761451132,-0.9529665381128836,0.751,0.7536680775961916,-0.54132275390625,-0.007273774147033691,-1.5874434379876203,-1.225024619117924,0.679,0.7151486610046773,-0.28560876184250716,-0.27205808100504036,-0.07199999999999995,-0.038519416591514255,-0.0006903134411328504,0.000939970951246899,-0.09588125,-0.03917391506101094,0,0,0,0,0,0,0,0
-1.3264892986426657,-0.9775102572545066,0.762,0.7537029841812316,-0.5216018676757812,-0.015379128456115722,-1.5874434379876203,-1.225024619117924,0.679,0.7151486610046773,-0.2609541393449546,-0.24751436186341735,-0.08299999999999996,-0.03855432317655427,0.004352897111013304,0.010466283124042158,-0.12655625,-0.038717947793929355,0,0,0,0,0,0,0,0
-1.3488731005764456,-1.0033507915585202,0.767,0.7539298769839908,-0.5100775451660157,-0.05285502243041992,-1.5874434379876203,-1.225024619117924,0.679,0.7151486610046773,-0.23857033741117473,-0.22167382755940368,-0.08799999999999997,-0.0387812159793135,-0.0005831887537244423,0.02619622268097671,-0.09691515151515151,-0.03981254690094635,0,0,0,0,0,0,0,0
-1.370530840393195,-1.030706866047474,0.794,0.75420912966431,-0.5177109985351562,-0.07676676177978516,-1.5874434379876203,-1.225024619117924,0.679,0.7151486610046773,-0.21691259759442527,-0.19431775307044985,-0.11499999999999999,-0.03906046865963264,0.0063953517461556725,0.047911215451651445,-0.2351818181818183,-0.04032979902471965,0,0,0,0,0,0,0,0
-1.3875191739463972,-1.06322530863696,0.797,0.7543836625895094,-0.5197066040039062,-0.1810162353515625,-1.5874434379876203,-1.225024619117924,0.679,0.7151486610046773,-0.1999242640412231,-0.16179931048096385,-0.118,-0.03923500158483206,-0.007057182901537187,0.09693557767076957,-0.11080625000000001,-0.040053124671704354,0,0,0,0,0,0,0,0
-1.4086218980787475,-1.0960699357666592,0.798,0.753598264426112,-0.5680609130859375,-0.14222538757324218,-1.5874434379876203,-1.225024619117924,0.679,0.7151486610046773,-0.17882153990887284,-0.1289546833512647,-0.119,-0.038449603421434664,0.024219283065911104,0.11237834286890155,-0.1005846153846154,-0.034824688821138976,0,0,0,0,0,0,0,0
-1.4309512422447777,-1.1300224310163298,0.801,0.7527954129701945,-0.592737548828125,-0.14219984436035157,-1.5874434379876203,-1.225024619117924,0.679,0.7151486610046773,-0.15649219574284268,-0.09500218810159411,-0.122,-0.037646751965517145,0.035018691376557734,0.12472170794028561,-0.11281739130434784,-0.03415609346152793,0,0,0,0,0,0,0,0
-1.4561667045648194,-1.1670057089028198,0.802,0.7516085890788384,-0.6552980346679688,-0.14625498962402345,-1.5874434379876203,-1.225024619117924,0.679,0.7151486610046773,-0.13127673342280088,-0.05801891021510408,-0.123,-0.036459928074161096,0.07013719962728612,0.17013127197354808,-0.10378461538461539,-0.03098227934482549,0,0,0,0,0,0,0,0
-1.4875500468860259,-1.2079180270732195,0.798,0.75118971005836,-0.7629591064453125,-0.1269176559448242,-1.5874434379876203,-1.225024619117924,0.679,0.7151486610046773,-0.09989339110159445,-0.01710659204470444,-0.119,-0.03604104905368266,0.11904053233262202,0.21174380181826122,-0.07366153846153844,-0.03410776126685911,0,0,0,0,0,0,0,0
-1.5178368882762299,-1.2451704714840737,0.797,0.7514515094461591,-0.7134163208007812,-0.09833901977539063,-1.5874434379876203,-1.225024619117924,0.679,0.7151486610046773,-0.06960654971139046,0.02014585236614974,-0.118,-0.036302848441481794,0.12827971724540316,0.2106630114722897,-0.08901538461538461,-0.037511153308247024,0,0,0,0,0,0,0,0
-1.544091818113229,-1.2777079854587055,0.795,0.7522194543170364,-0.6209671020507812,-0.08776313781738282,-1.5874434379876203,-1.225024619117924,0.679,0.7151486610046773,-0.04335161987439129,0.05268336634078152,-0.11599999999999999,-0.037070793312359074,0.11755487859234542,0.19888910576313504,-0.08219393939393937,-0.04056145181634671,0,0,0,0,0,0,0,0
-1.5605292652519378,-1.3019252479272032,0.789,0.7524987069973557,-0.42823367309570315,-0.09677629852294922,-1.5874434379876203,-1.225024619117924,0.679,0.7151486610046773,-0.02691417273568253,0.07690062880927928,-0.10999999999999999,-0.03735004599267833,0.07371119391319003,0.16687519113152166,-0.05618181818181815,-0.03861937635776584,0,0,0,0,0,0,0,0
-1.5750178817586233,-1.3235222909457511,0.782,0.7532491985757133,-0.38005905151367186,-0.08794532012939453,-1.5874434379876203,-1.225024619117924,0.679,0.7151486610046773,-0.012425556228996992,0.0984976718278272,-0.10299999999999998,-0.03810053757103593,0.07062079426943996,0.16377860949712228,-0.045278787878787835,-0.041511862927206856,0,0,0,0,0,0,0,0
-1.5847467705559268,-1.3400660797281188,0.775,0.7533015584532728,-0.2761964111328125,-0.08120278930664063,-1.5874434379876203,-1.225024619117924,0.679,0.7151486610046773,-0.0026966674316935,0.11504146061019482,-0.09599999999999997,-0.03815289744859551,0.05447315938343558,0.15244410856458374,-0.036636065573770436,-0.03841040504315084,0,0,0,0,0,0,0,0
-1.5888856420144393,-1.350826165371806,0.77,0.7543662092969893,-0.15569219970703124,-0.07526367950439453,-1.5874434379876203,-1.225024619117924,0.679,0.7151486610046773,0.0014422040268189384,0.12580154625388218,-0.09099999999999997,-0.03921754829231194,0.020035835486467517,0.11311450613081542,-0.04946666666666662,-0.043476151667177665,0,0,0,0,0,0,0,0
-1.5874393691652653,-1.355832764061255,0.771,0.7562686181816632,-0.03562119674682617,-0.06958175659179687,-1.5874434379876203,-1.225024619117924,0.679,0.7151486610046773,-0.000004068822355041135,0.13080814494333115,-0.09199999999999997,-0.04111995717698591,-0.009041239718514893,0.09669531428072164,-0.07984999999999999,-0.05131143334488216,0,0,0,0,0,0,0,0
-1.6151677999941885,-1.393004731548399,0.765,0.7580139474336575,-0.685163330078125,-0.12017048645019532,-1.5874434379876203,-1.225024619117924,0.679,0.7151486610046773,0.027724362006568137,0.16798011243047517,-0.08599999999999997,-0.04286528642898013,0.1655020370989577,0.2872742534105564,-0.03598749999999994,-0.05104651729770304,0,0,0,0,0,0,0,0
-1.6543409091699703,-1.4436999435540974,0.768,0.7593403976651734,-0.949493896484375,-0.1482638397216797,-1.5874434379876203,-1.225024619117924,0.679,0.7151486610046773,0.06689747118235001,0.21867532443617343,-0.08899999999999997,-0.04419173666049603,0.23215291256977866,0.36648728833394745,-0.08641739130434781,-0.04995891158013036,0,0,0,0,0,0,0,0
-1.6937262535258284,-1.4955440479976772,0.769,0.7604923149714897,-0.9638629150390625,-0.15731178283691405,-1.5874434379876203,-1.225024619117924,0.679,0.7151486610046773,0.10628281553820806,0.2705194288797532,-0.08999999999999997,-0.04534365396681239,0.2620030823835028,0.4101905713376482,-0.07730303030303029,-0.05057964172279586,0,0,0,0,0,0,0,0
-1.7306207586204023,-1.5462604893853797,0.76,0.7622027376384438,-0.9253153076171875,-0.1696997833251953,-1.5874434379876203,-1.225024619117924,0.679,0.7151486610046773,0.143177320632782,0.3212358702674558,-0.08099999999999996,-0.047054076633766484,0.26724133884822243,0.42956876067457495,-0.01707272727272721,-0.05482872511992145,0,0,0,0,0,0,0,0
-1.7635280998102814,-1.59191294568823,0.753,0.7622376442234838,-0.8298930053710938,-0.15447190856933593,-1.5874434379876203,-1.225024619117924,0.679,0.7151486610046773,0.17608466182266103,0.366888326570306,-0.07399999999999995,-0.0470889832188065,0.2549636268020212,0.41501459380685685,-0.023692753623188352,-0.04724075097985005,0,0,0,0,0,0,0,0
-1.7913429659608613,-1.630978856204876,0.743,0.761522059230166,-0.7064238891601563,-0.13573143005371094,-1.5874434379876203,-1.225024619117924,0.679,0.7151486610046773,0.20389952797324096,0.405954237086952,-0.06399999999999995,-0.04637339822548869,0.26154325829322667,0.4271257854422644,0.006177049180327958,-0.04285412776654865,0,0,0,0,0,0,0,0
-1.8137789953381183,-1.6623044849139998,0.73,0.7599338096108516,-0.56781494140625,-0.10787510681152344,-1.5874434379876203,-1.225024619117924,0.679,0.7151486610046773,0.22633555735049793,0.4372798657960759,-0.050999999999999934,-0.04478514860617422,0.23397716762970955,0.387316395177936,0.029200000000000115,-0.03745476574779972,0,0,0,0,0,0,0,0
-1.8316166293963931,-1.685951040201757,0.72,0.7584677330391761,-0.43829486083984376,-0.07279620361328125,-1.5874434379876203,-1.225024619117924,0.679,0.7151486610046773,0.2441731914087728,0.4609264210838331,-0.040999999999999925,-0.04331907203449881,0.22118456269480236,0.3618329621405675,0.022755555555555654,-0.03633775502652065,0,0,0,0,0,0,0,0
-1.8466672118565342,-1.7036775058176807,0.708,0.7565827774470223,-0.3467627868652344,-0.03773305130004883,-1.5874434379876203,-1.225024619117924,0.679,0.7151486610046773,0.2592237738689138,0.4786528866997568,-0.028999999999999915,-0.04143411644234496,0.21065348479675466,0.3347766428202369,0.04141538461538473,-0.032734321401634896,0,0,0,0,0,0,0,0
-1.8595876984876896,-1.7165669047537917,0.693,0.7553435936781064,-0.2736510314941406,-0.007557671546936035,-1.5874434379876203,-1.225024619117924,0.679,0.7151486610046773,0.27214426050006923,0.49154228563586777,-0.013999999999999901,-0.04019493267342911,0.20564398134087147,0.3151755986277621,0.06956923076923092,-0.034475622970740555,0,0,0,0,0,0,0,0
-1.8681177696341762,-1.7224319925839666,0.681,0.7546629152698282,-0.15346417236328125,0.02366549873352051,-1.5874434379876203,-1.225024619117924,0.679,0.7151486610046773,0.28067433164655586,0.4974073734660427,-0.0020000000000000018,-0.03951425426515087,0.18298752155571107,0.27802912588389594,0.05839999999999949,-0.03659706108681558,0,0,0,0,0,0,0,0
-1.873237038897507,-1.721876837679263,0.666,0.7542614895418699,-0.05023643112182617,0.05867028045654297,-1.5874434379876203,-1.225024619117924,0.679,0.7151486610046773,0.2857936009098867,0.4968522185613391,0.013000000000000012,-0.03911282853719256,0.17046209648826324,0.2454368136399579,0.09116923076923085,-0.03726009440815418,0,0,0,0,0,0,0,0
-1.8755183618589246,-1.716841236059688,0.65,0.7545581955147088,0.026783321380615236,0.07847955322265625,-1.5874434379876203,-1.225024619117924,0.679,0.7151486610046773,0.2880749238713043,0.49181661694176415,0.029000000000000026,-0.039409534510031485,0.15651344688090457,0.21836986211383158,0.1107000000000001,-0.040800343757713964,0,0,0,0,0,0,0,0
-1.8751483587793556,-1.7073370471859795,0.635,0.7550468877052675,0.1016944351196289,0.10006600952148438,-1.5874434379876203,-1.225024619117924,0.679,0.7151486610046773,0.28770492079173526,0.4823124280680555,0.04400000000000004,-0.03989822670059018,0.14189032285269856,0.19075521243102744,0.11474545454545462,-0.042119554839493326,0,0,0,0,0,0,0,0
-1.870951363558928,-1.6912775196694474,0.621,0.7562686181816632,0.2109356689453125,0.13228326416015626,-1.5874434379876203,-1.225024619117924,0.679,0.7151486610046773,0.2835079255713078,0.46625290055152346,0.05800000000000005,-0.04111995717698591,0.11915475775258279,0.1466520713405891,0.12178461538461549,-0.04675871322188929,0,0,0,0,0,0,0,0
-1.864341218260692,-1.669993286382691,0.609,0.7575078019505791,0.2912059020996094,0.164193359375,-1.5874434379876203,-1.225024619117924,0.679,0.7151486610046773,0.27689778027307166,0.444968667264767,0.07000000000000006,-0.04235914094590176,0.1049191676092512,0.11452083145318422,0.11686956521739139,-0.04774689646292721,0,0,0,0,0,0,0,0
-1.855498417535426,-1.6437740943823633,0.6,0.7600385293659709,0.36660430908203123,0.19460354614257813,-1.5874434379876203,-1.225024619117924,0.679,0.7151486610046773,0.26805497954780577,0.4187494752644394,0.07900000000000007,-0.044889868361293606,0.0824444855431852,0.05642945096364185,0.11570000000000011,-0.05754350543825282,0,0,0,0,0,0,0,0
-1.8457556896182425,-1.614260176119756,0.592,0.762813602876642,0.41092825317382814,0.22019581604003907,-1.5874434379876203,-1.225024619117924,0.679,0.7151486610046773,0.2583122516306222,0.389235557001832,0.08700000000000008,-0.04766494187196468,0.07749014443630739,0.03810457559314945,0.11202424242424253,-0.06027891237501504,0,0,0,0,0,0,0,0
-1.8352372433716155,-1.5799249786121403,0.586,0.7659901021152716,0.469918701171875,0.2632939453125,-1.5874434379876203,-1.225024619117924,0.679,0.7151486610046773,0.2477938053839952,0.3549003594942164,0.09300000000000008,-0.0508414411105943,0.06637414978075615,-0.010320431622664578,0.1072125000000001,-0.06573128129167062,0,0,0,0,0,0,0,0
-1.8242598491579163,-1.5413651473963335,0.582,0.7698647330546989,0.5196450805664062,0.3026976013183594,-1.5874434379876203,-1.225024619117924,0.679,0.7151486610046773,0.23681641117029595,0.3163405282784095,0.09700000000000009,-0.0547160720500216,0.059299159819075076,-0.04945959625360141,0.09913846153846162,-0.07259898407814762,0,0,0,0,0,0,0,0
-1.8133717248284937,-1.4999994697298227,0.579,0.7742455094772048,0.549147216796875,0.33183309936523436,-1.5874434379876203,-1.225024619117924,0.679,0.7151486610046773,0.2259282868408734,0.27497485061189875,0.10000000000000009,-0.0590968484725275,0.059290291092297394,-0.06642788713459671,0.09478873239436628,-0.07760717138452423,0,0,0,0,0,0,0,0
-1.8039393222605715,-1.4565517598607525,0.573,0.7773521955457546,0.5568197631835937,0.36701953125,-1.5874434379876203,-1.225024619117924,0.679,0.7151486610046773,0.2164958842729512,0.23152714074282854,0.1060000000000001,-0.0622035345410773,0.058974197378672974,-0.11120207819835545,0.11614328358208967,-0.07611406917637492,0,0,0,0,0,0,0,0
-1.7951119656604735,-1.4151582757771914,0.571,0.7810872001450228,0.5298760375976562,0.3496905822753906,-1.5874434379876203,-1.225024619117924,0.679,0.7151486610046773,0.20766852767285315,0.1901336566592675,0.1080000000000001,-0.06593853914034542,0.054002412061679606,-0.13860606569046882,0.09769032258064525,-0.08401114204002988,0,0,0,0,0,0,0,0
-1.7887334517671327,-1.380748741837105,0.566,0.7857821358328873,0.43133685302734376,0.2991761169433594,-1.5874434379876203,-1.225024619117924,0.679,0.7151486610046773,0.2012900137795124,0.155724122719181,0.1130000000000001,-0.07063347482820992,0.06829022627136101,-0.09667905282925404,0.11576231884057982,-0.09104623868849035,0,0,0,0,0,0,0,0
-1.7893754765475485,-1.36032369561836,0.562,0.789866206282554,0.20991641235351563,0.22336944580078125,-1.5874434379876203,-1.225024619117924,0.679,0.7151486610046773,0.20193203855992814,0.13529907650043604,0.11699999999999999,-0.07471754527787666,0.10471116383238928,-0.05149656469246096,0.11693333333333271,-0.09513789752621038,0,0,0,0,0,0,0,0
-1.7910038421395449,-1.3527762746306617,0.562,0.7953116335487767,0.06321528244018555,0.09704243469238281,-1.5874434379876203,-1.225024619117924,0.679,0.7151486610046773,0.20356040415192456,0.12775165551273782,0.11699999999999999,-0.08016297254409932,0.11041547415473116,0.023851625548878312,0.0936,-0.10491491466329322,0,0,0,0,0,0,0,0
-1.7929190569767783,-1.348002236160925,0.559,0.8032179750603106,0.03102426528930664,0.07064616394042969,-1.5874434379876203,-1.225024619117924,0.679,0.7151486610046773,0.205475618989158,0.12297761704300103,0.12,-0.08806931405563323,0.11321164063569941,0.03538078564012747,0.11240625000000001,-0.12513028989094843,0,0,0,0,0,0,0,0
-1.793972330451627,-1.344005339458701,0.556,0.8208283472129333,0.03217135238647461,0.05300030136108398,-1.5874434379876203,-1.225024619117924,0.679,0.7151486610046773,0.20652889246400674,0.11898072034077711,0.123,-0.10567968620825596,0.10893591878888119,0.037968608696875156,0.11455384615384617,-0.18695832691266856,0,0,0,0,0,0,0,0
-1.7938092490434967,-1.3406129527983126,0.561,0.8364141374332427,0.03890106582641602,0.032894615173339845,-1.5874434379876203,-1.225024619117924,0.679,0.7151486610046773,0.20636581105587637,0.11558833368038868,0.118,-0.12126547642856533,0.10229105407722522,0.03924205229119508,0.06705624999999998,-0.1943238680862655,0,0,0,0,0,0,0,0
-1.7929269614950862,-1.337874720501463,0.559,0.8486314421972032,0.03935527801513672,0.017701419830322265,-1.5874434379876203,-1.225024619117924,0.679,0.7151486610046773,0.2054835235074659,0.11285010138353901,0.12,-0.13348278119252588,0.09813279694860366,0.04212085212613694,0.10644776119402986,-0.18818713088190145,0,0,0,0,0,0,0,0
-1.790331012668509,-1.3350620606264496,0.56,0.8613548924442418,0.05739755630493164,-0.0013311100006103515,-1.5874434379876203,-1.225024619117924,0.679,0.7151486610046773,0.2028875746808887,0.11003744150852568,0.119,-0.14620623143956446,0.08864685650520458,0.04115349601828161,0.09027042253521127,-0.19996728882141762,0,0,0,0,0,0,0,0
-1.783338693274756,-1.3263746033953545,0.568,0.8767486964468321,0.16719398498535157,0.005307655334472656,-1.5874434379876203,-1.225024619117924,0.679,0.7151486610046773,0.19589525528713558,0.10134998427743058,0.1110000000000001,-0.16160003544215473,0.06086714601002857,0.004605143185938271,0.046375757575758216,-0.23157187181756506,0,0,0,0,0,0,0,0
-1.774090246594387,-1.3121526165866644,0.572,0.8909556765580657,0.2527158203125,0.029823078155517577,-1.5874434379876203,-1.225024619117924,0.679,0.7151486610046773,0.18664680860676675,0.08712799746874045,0.1070000000000001,-0.1758070155533884,0.04194314496800094,-0.035447039091686075,0.06337777777777784,-0.24345930179735825,0,0,0,0,0,0,0,0
-1.763668412526099,-1.294561914478546,0.582,0.9046739644787409,0.3034754638671875,0.04430929565429687,-1.5874434379876203,-1.225024619117924,0.679,0.7151486610046773,0.17622497453847874,0.06953729536062214,0.09700000000000009,-0.1895253034740636,0.03111808220828935,-0.06143050447346089,0.02291250000000003,-0.2538297781022286,0,0,0,0,0,0,0,0
-1.7511551380514159,-1.2746899558797167,0.592,0.9166120165623821,0.35034423828125,0.03662225341796875,-1.5874434379876203,-1.225024619117924,0.679,0.7151486610046773,0.16371170006379554,0.049665336761792744,0.08700000000000008,-0.20146335555770478,0.014476679783603619,-0.08217018561280037,0.01575384615384618,-0.25656205748220257,0,0,0,0,0,0,0,0
-1.7377590499479396,-1.2550459917889354,0.604,0.9279741099928656,0.35610064697265625,0.01984797477722168,-1.5874434379876203,-1.225024619117924,0.679,0.7151486610046773,0.15031561196031928,0.03002137267101146,0.07500000000000007,-0.21282544898818823,0.0030250238845182797,-0.09076450492254734,-0.0046153846153846045,-0.2652658802058041,0,0,0,0,0,0,0,0
-1.7229643272069293,-1.235691578585007,0.619,0.940680106947384,0.36540310668945314,-0.0035950241088867187,-1.5874434379876203,-1.225024619117924,0.679,0.7151486610046773,0.13552088921930894,0.010666959467083181,0.06000000000000005,-0.2255314459427067,-0.013148195380245864,-0.10051096747544118,-0.03403125000000003,-0.285090806667012,0,0,0,0,0,0,0,0
-1.7085501537780141,-1.217554103098775,0.637,0.9515186016022691,0.34721588134765624,-0.014381397247314453,-1.5874434379876203,-1.225024619117924,0.679,0.7151486610046773,0.12110671579039378,-0.007470516019148832,0.04200000000000004,-0.23636994059759175,-0.013637240635984052,-0.09708991124753329,-0.05904705882352945,-0.28418682878090823,0,0,0,0,0,0,0,0
-1.695182842449866,-1.2015151814653384,0.659,0.9601754346921606,0.31229217529296877,-0.023628406524658203,-1.5874434379876203,-1.225024619117924,0.679,0.7151486610046773,0.10773940446224572,-0.023509437652585508,0.020000000000000018,-0.24502677368748327,-0.018108127997366663,-0.0981181430063364,-0.10246153846153855,-0.284981387948521,0,0,0,0,0,0,0,0
-1.6823697581907666,-1.1861676319338128,0.679,0.9678897899859754,0.29881268310546877,-0.02546608543395996,-1.5874434379876203,-1.225024619117924,0.679,0.7151486610046773,0.09492632020314629,-0.038856987184111125,0,-0.2527411289812981,-0.022608394440376905,-0.10336040509258627,-0.10937500000000008,-0.288902169421055,0,0,0,0,0,0,0,0
-1.6705485308632984,-1.174468258863249,0.704,0.973928629197876,0.24509646606445312,-0.046545570373535156,-1.5874434379876203,-1.225024619117924,0.679,0.7151486610046773,0.08310509287567802,-0.050556360254675026,-0.02499999999999991,-0.2587799681931987,-0.01929200598295351,-0.08549554151994582,-0.14867647058823477,-0.2854219058927603,0,0,0,0,0,0,0,0
-1.659940792274647,-1.166210330107854,0.729,0.9785537517156612,0.19188392639160157,-0.06198384857177734,-1.5874434379876203,-1.225024619117924,0.679,0.7151486610046773,0.07249735428702664,-0.05881428901007002,-0.04999999999999993,-0.26340509071098384,-0.0208699152569172,-0.07387291472639268,-0.17461538461538467,-0.28475181002383826,0,0,0,0,0,0,0,0
-1.652666588061111,-1.1610825843630723,0.744,0.9813462785188519,0.12472608947753906,-0.047593727111816406,-1.5874434379876203,-1.225024619117924,0.679,0.7151486610046773,0.06522315007349078,-0.0639420347548516,-0.06499999999999995,-0.2661976175141746,-0.007169229256028857,-0.0600133769192001,-0.13403125000000005,-0.27928758690413125,0,0,0,0,0,0,0,0
-1.6445080548826672,-1.157054399194514,0.769,0.9823934760700489,0.11825663757324219,-0.06813702392578125,-1.5874434379876203,-1.225024619117924,0.679,0.7151486610046773,0.05706461689504683,-0.06797021992341001,-0.08999999999999997,-0.26724481506537157,-0.015398254821020925,-0.05567533779240412,-0.2066153846153847,-0.2720780345324345,0,0,0,0,0,0,0,0
-1.6371977116021474,-1.1553285319596989,0.781,0.9824632892401285,0.08239662170410156,-0.07684554290771485,-1.5874434379876203,-1.225024619117924,0.679,0.7151486610046773,0.04975427361452711,-0.06969608715822506,-0.10199999999999998,-0.26731462823545116,-0.0144862500878426,-0.04414117484350125,-0.14621538461538464,-0.26763684286658773,0,0,0,0,0,0,0,0
-1.628240577798796,-1.1549922044641827,0.801,0.9836850197165244,0.07876148986816406,-0.10896735382080078,-1.5874434379876203,-1.225024619117924,0.679,0.7151486610046773,0.04079713981117572,-0.07003241465374122,-0.122,-0.2685363587118471,-0.027101382081881634,-0.03679976222733505,-0.20366060606060615,-0.2740896790591015,0,0,0,0,0,0,0,0
-1.618819501810181,-1.153029968462144,0.818,0.9845576843425216,0.1027879867553711,-0.10134700012207032,-1.5874434379876203,-1.225024619117924,0.679,0.7151486610046773,0.03137606382256064,-0.07199465065578003,-0.1389999999999999,-0.2694090233378442,-0.035040838796647024,-0.04656321149271443,-0.20273846153846092,-0.2734367062270617,0,0,0,0,0,0,0,0
-1.609424841442988,-1.1512731382961168,0.822,0.9843133382472425,0.09991366577148438,-0.10281114196777344,-1.5874434379876203,-1.225024619117924,0.679,0.7151486610046773,0.021981403455367587,-0.07375148082180716,-0.1429999999999999,-0.2691646772425652,-0.042043671312922144,-0.04679333005783089,-0.13698064516129027,-0.267982357426699,0,0,0,0,0,0,0,0
-1.5943918993110529,-1.145345775735442,0.864,0.9857794148189175,0.19884919738769533,-0.1386061553955078,-1.5874434379876203,-1.225024619117924,0.679,0.7151486610046773,0.00694846132343252,-0.07967884338248199,-0.18499999999999994,-0.2706307538142402,-0.07505606405734752,-0.07080325596342295,-0.367402985074627,-0.2771952757769639,0,0,0,0,0,0,0,0
-1.573260212550264,-1.1365032779248019,0.868,0.9879610763839103,0.28561825561523435,-0.19101898193359376,-1.5874434379876203,-1.225024619117924,0.679,0.7151486610046773,-0.014183225437356395,-0.08852134119312205,-0.18899999999999995,-0.27281241537923295,-0.10840791910602231,-0.08665620804483529,-0.1703780821917808,-0.2817781478381074,0,0,0,0,0,0,0,0
-1.5449060227950582,-1.1208883053242058,0.859,0.9885719416221083,0.4296447448730469,-0.22618038940429688,-1.5874434379876203,-1.225024619117924,0.679,0.7151486610046773,-0.042537415192562156,-0.10413631379371813,-0.17999999999999994,-0.27342328061743093,-0.18395668160156003,-0.14166226198224638,-0.09236065573770483,-0.27642753588725705,0,0,0,0,0,0,0,0
-1.51441536802489,-1.0988304243484828,0.85,0.9889908206425871,0.527849365234375,-0.20006706237792968,-1.5874434379876203,-1.225024619117924,0.679,0.7151486610046773,-0.07302806996273037,-0.12619419476944116,-0.17099999999999993,-0.2738421596379098,-0.19820690118680265,-0.18007070861961544,-0.08907272727272719,-0.2757461551855411,0,0,0,0,0,0,0,0
-1.483928181750971,-1.0767936063448083,0.836,0.9903347241666226,0.5274729614257813,-0.20041830444335937,-1.5874434379876203,-1.225024619117924,0.679,0.7151486610046773,-0.10351525623664926,-0.14823101277311568,-0.15699999999999992,-0.27518606316194527,-0.21591940036250323,-0.19277529563711293,-0.050215384615384495,-0.2813886948113397,0,0,0,0,0,0,0,0
-1.455747088867024,-1.0578201622554657,0.818,0.9927432785343752,0.46980853271484374,-0.19740110778808595,-1.5874434379876203,-1.225024619117924,0.679,0.7151486610046773,-0.13169634912059625,-0.16720445686245822,-0.1389999999999999,-0.27759461752969783,-0.2175925208584742,-0.18576692737384276,-0.014276923076922923,-0.2887110223039404,0,0,0,0,0,0,0,0
-1.4269022522481398,-1.042709044833737,0.799,0.9950645664395276,0.42624960327148437,-0.23852595520019532,-1.5874434379876203,-1.225024619117924,0.679,0.7151486610046773,-0.1605411857394805,-0.18231557428418688,-0.12,-0.27991590543485023,-0.23323563554564164,-0.17129250074216965,0.0047575757575752525,-0.2904672140946339,0,0,0,0,0,0,0,0
-1.3943477645333207,-1.0297915444431769,0.778,0.9988868375013952,0.4283905944824219,-0.30410394287109377,-1.5874434379876203,-1.225024619117924,0.679,0.7151486610046773,-0.19309567345429968,-0.19523307467474704,-0.09899999999999998,-0.28373817649671784,-0.2718412321146376,-0.167172308671159,0.03387692307692318,-0.30137942755149144,0,0,0,0,0,0,0,0
-1.3603758834770945,-1.023785922771542,0.756,1.0032676139239007,0.3515525512695313,-0.3797314147949219,-1.5874434379876203,-1.225024619117924,0.679,0.7151486610046773,-0.22706755451052585,-0.20123869634638192,-0.07699999999999996,-0.2881189529192234,-0.30226644978985273,-0.13398391301560691,0.06062222222222236,-0.3089797930263927,0,0,0,0,0,0,0,0
-1.3313170365881173,-1.0251673421400942,0.728,1.00649647304009,0.2168358154296875,-0.37868896484375,-1.5874434379876203,-1.225024619117924,0.679,0.7151486610046773,-0.25612640139950305,-0.19985727697782973,-0.04899999999999993,-0.2913478120354127,-0.28216314632311545,-0.09260292971628965,0.10928484848484865,-0.30602444438172777,0,0,0,0,0,0,0,0
-1.3100589990346263,-1.0326053819694105,0.701,1.0068978987680488,0.07626668548583984,-0.3291045837402344,-1.5874434379876203,-1.225024619117924,0.679,0.7151486610046773,-0.27738443895299403,-0.1924192371485134,-0.02199999999999991,-0.29174923776337147,-0.25494711234715084,-0.05553283825768293,0.1300562500000002,-0.29363092086317816,0,0,0,0,0,0,0,0
-1.2943829845072952,-1.0442219661712875,0.671,1.0021855097876644,-0.021592254638671874,-0.2918686828613281,-1.5874434379876203,-1.225024619117924,0.679,0.7151486610046773,-0.29306045348032517,-0.18080265294663644,0.008000000000000007,-0.2870368487829871,-0.22380635469179497,-0.033136474773924826,0.15428732394366157,-0.2671253460489685,0,0,0,0,0,0,0,0
-1.2871355911740023,-1.0607075913495192,0.642,0.9995326093246328,-0.14983744812011718,-0.22475845336914063,-1.5874434379876203,-1.225024619117924,0.679,0.7151486610046773,-0.300307846813618,-0.16431702776840473,0.03700000000000003,-0.2843839483199555,-0.18745668321052208,0.002693968650813783,0.1788647058823531,-0.2726799756889339,0,0,0,0,0,0,0,0
-1.2914166303852321,-1.0794255245614792,0.616,0.9953089125348065,-0.27090911865234374,-0.09779121398925782,-1.5874434379876203,-1.225024619117924,0.679,0.7151486610046773,-0.2960268076023882,-0.1455990945564447,0.06300000000000006,-0.28016025153012913,-0.12422985262769522,0.031188970566000007,0.19484444444444463,-0.26004740967381307,0,0,0,0,0,0,0,0
-1.305901243769198,-1.1020787224274975,0.591,0.986896425540194,-0.4033131408691406,-0.0026598968505859373,-1.5874434379876203,-1.225024619117924,0.679,0.7151486610046773,-0.2815421942184224,-0.12294589669042644,0.08800000000000008,-0.27174776453551663,-0.060301022753845746,0.06437815091044383,0.20928888888888908,-0.2316883026564095,0,0,0,0,0,0,0,0
-1.3291110368786019,-1.124997963478728,0.571,0.9781523259877023,-0.4787564697265625,0.10094115447998046,-1.5874434379876203,-1.225024619117924,0.679,0.7151486610046773,-0.25833240110901845,-0.100026655639196,0.1080000000000001,-0.26300366498302497,-0.007921012669563146,0.06971405080623266,0.19087761194029867,-0.22385098041962945,0,0,0,0,0,0,0,0
-1.3611101627882254,-1.1488219426669448,0.56,0.9744173213884344,-0.564517578125,0.19852774047851562,-1.5874434379876203,-1.225024619117924,0.679,0.7151486610046773,-0.22633327519939495,-0.07620267645097911,0.119,-0.25926866038375707,0.07349493020643963,0.10087187370577558,0.1593666666666661,-0.24059363738741757,0,0,0,0,0,0,0,0
-1.4008206293302379,-1.172812343516266,0.551,0.9722007532384019,-0.6322866821289063,0.2907183532714844,-1.5874434379876203,-1.225024619117924,0.679,0.7151486610046773,-0.18662280865738246,-0.052212275601657865,0.128,-0.2570520922337246,0.1141313313385382,0.0992168517105507,0.14941492537313436,-0.24712716021865389,0,0,0,0,0,0,0,0
-1.4473021170308453,-1.197581215156887,0.547,0.9683610288840142,-0.6998065795898437,0.3666422424316406,-1.5874434379876203,-1.225024619117924,0.679,0.7151486610046773,-0.140141320956775,-0.02744340396103695,0.132,-0.2532123678793369,0.17274308124120363,0.11566792599287434,0.12649552238805972,-0.2360195722626754,0,0,0,0,0,0,0,0
-1.4924346231842647,-1.219950035652476,0.54,0.9637359063662291,-0.660080078125,0.36767977905273436,-1.5874434379876203,-1.225024619117924,0.679,0.7151486610046773,-0.09500881480335566,-0.005074583465447979,0.139,-0.24858724536155175,0.2032317378950963,0.12173393324277028,0.15008888888888894,-0.2265628524197178,0,0,0,0,0,0,0,0
-1.5258345611293975,-1.2357611619961402,0.533,0.9594074898212833,-0.4805896301269531,0.27619161987304686,-1.5874434379876203,-1.225024619117924,0.679,0.7151486610046773,-0.061608876858222805,0.010736542878216238,0.14600000000000002,-0.244258828816606,0.14904138127545008,0.09050510559730005,0.15449230769230773,-0.22428152168608712,0,0,0,0,0,0,0,0
-1.5489227657238889,-1.2412763854123245,0.532,0.9550790732763371,-0.26653350830078126,0.23610069274902343,-1.5874434379876203,-1.225024619117924,0.679,0.7151486610046773,-0.03852067226373146,0.016251766294400616,0.14700000000000002,-0.2399304122716598,0.09618068684059097,0.03570200022812219,0.12260000000000003,-0.2213800556504618,0,0,0,0,0,0,0,0
-1.5618761986469856,-1.2420998772149128,0.529,0.9501223382006733,-0.12230168151855468,0.15148580932617187,-1.5874434379876203,-1.225024619117924,0.679,0.7151486610046773,-0.025567239340634762,0.017075258096988843,0.15000000000000002,-0.23497367719599593,0.05696563453097252,0.012971815677815647,0.13615384615384618,-0.21209643838523967,0,0,0,0,0,0,0,0
-1.5766694540054311,-1.238812383373945,0.529,0.9435075403356149,-0.08893772888183593,0.20919102478027343,-1.5874434379876203,-1.225024619117924,0.679,0.7151486610046773,-0.010773983982189206,0.013787764256021129,0.15000000000000002,-0.22835887933093757,0.07551362325040453,-0.011084599814781625,0.12000000000000002,-0.1973520143384765,0,0,0,0,0,0,0,0
-1.5877189576234763,-1.22979989457626,0.536,0.9377654070965536,0.012167715072631835,0.21353724670410157,-1.5874434379876203,-1.225024619117924,0.679,0.7151486610046773,0.0002755196358559253,0.0047752754583361146,0.14300000000000002,-0.22261674609187632,0.05963508699201712,-0.046141148104520475,0.0767076923076923,-0.19611459268082437,0,0,0,0,0,0,0,0
-1.5967770279497195,-1.2194951542615022,0.543,0.934257295300045,0.044241012573242186,0.20098731994628907,-1.5874434379876203,-1.225024619117924,0.679,0.7151486610046773,0.009333589962099209,-0.005529464856421695,0.136,-0.21910863429536764,0.053441019814667284,-0.05825179566152213,0.07110769230769229,-0.20291734908071224,0,0,0,0,0,0,0,0
-1.602941137728881,-1.2092800194375533,0.552,0.9318312876397727,0.06825804138183594,0.165434326171875,-1.5874434379876203,-1.225024619117924,0.679,0.7151486610046773,0.015497699741260584,-0.015744599680370674,0.127,-0.2166826266350954,0.03947588549866678,-0.06045019966933449,0.05527647058823527,-0.20597965166330615,0,0,0,0,0,0,0,0
-1.6108495828480374,-1.1961962777835726,0.565,0.931429861911814,0.0867926254272461,0.2122635040283203,-1.5874434379876203,-1.225024619117924,0.679,0.7151486610046773,0.023406144860417033,-0.028828341334351304,0.1140000000000001,-0.21628120090713665,0.05428700768720478,-0.08486508726553288,0.021200000000000635,-0.2144284667780962,0,0,0,0,0,0,0,0
-1.6197907979318762,-1.1809520872677843,0.577,0.9342747485925648,0.1034693603515625,0.2440665740966797,-1.5874434379876203,-1.225024619117924,0.679,0.7151486610046773,0.03234735994425586,-0.044072531850139596,0.10200000000000009,-0.21912608758788743,0.06152766952783212,-0.09936186999066257,0.020730434782608727,-0.2314951601128908,0,0,0,0,0,0,0,0
-1.6222885769251942,-1.1659865824933222,0.592,0.9546252876708189,0.15825148010253906,0.16356236267089844,-1.5874434379876203,-1.225024619117924,0.679,0.7151486610046773,0.034845138937573905,-0.05903803662460172,0.08700000000000008,-0.23947662666614156,0.0322399024799957,-0.11829743646588974,-0.019383050847457645,-0.34295394401319645,0,0,0,0,0,0,0,0
-1.6065213993074758,-1.1551977592110423,0.603,1.066867411866574,0.26875216674804686,-0.09948797607421875,-1.5874434379876203,-1.225024619117924,0.679,0.7151486610046773,0.019077961319855508,-0.06982685990688164,0.07600000000000007,-0.35171875086189663,-0.07668777193696973,-0.09391480727840915,0.0006437500000000124,-0.8778537080294986,0,0,0,0,0,0,0,0
-1.592446170670183,-1.135125758023402,0.612,1.1790397228922496,0.3656009521484375,-0.03950107192993164,-1.5874434379876203,-1.225024619117924,0.679,0.7151486610046773,0.005002732682562572,-0.08989886109452194,0.06700000000000006,-0.46389106188757223,-0.06498260657724649,-0.14118505267978293,0.010449315068493163,-0.9248731619930884,0,0,0,0,0,0,0,0
-1.5739708910121477,-1.1147168509822203,0.623,1.269395418267996,0.38875225830078125,-0.13924818420410157,-1.5874434379876203,-1.225024619117924,0.679,0.7151486610046773,-0.013472546975472621,-0.11030776813570364,0.05600000000000005,-0.5542467572633187,-0.11103220704116078,-0.1703654560745227,-0.017296774193548393,-0.9914517348878986,0,0,0,0,0,0,0,0
-1.55646242196792,-1.0952061301446512,0.627,1.3417044091781212,0.35743112182617187,-0.16390943908691405,-1.5874434379876203,-1.225024619117924,0.679,0.7151486610046773,-0.03098101601970038,-0.12981848897327275,0.052000000000000046,-0.6265557481734438,-0.11123994809547075,-0.1716084990670924,0.01972500000000002,-0.9655041430646553,0,0,0,0,0,0,0,0
-1.539706828835604,-1.078743548002853,0.637,1.4000333127797715,0.29756320190429686,-0.18868917846679686,-1.5874434379876203,-1.225024619117924,0.679,0.7151486610046773,-0.047736609152016385,-0.14628107111507083,0.04200000000000004,-0.6848846517750942,-0.11011032805116408,-0.15787441422855492,-0.017870588235294124,-0.9422180500176691,0,0,0,0,0,0,0,0
-1.5219447905589747,-1.0633032709554713,0.648,1.4461972714950218,0.2735112609863281,-0.22319795227050782,-1.5874434379876203,-1.225024619117924,0.679,0.7151486610046773,-0.06549864742864564,-0.16172134816245265,0.031000000000000028,-0.7310486104903444,-0.12839106828078806,-0.16400062741328228,-0.03443076923076926,-0.9441130353299609,0,0,0,0,0,0,0,0
-1.503191830846507,-1.0483740850109686,0.655,1.4828666390794223,0.25716012573242186,-0.25128338623046875,-1.5874434379876203,-1.225024619117924,0.679,0.7151486610046773,-0.08425160714111324,-0.1766505341069553,0.02400000000000002,-0.767717978074745,-0.14798928581835757,-0.172602929643412,-0.020316129032258084,-0.9451504018702315,0,0,0,0,0,0,0,0
-1.4824504618866803,-1.035087199835085,0.657,1.5114376789345694,0.22585479736328126,-0.2924164733886719,-1.5874434379876203,-1.225024619117924,0.679,0.7151486610046773,-0.10499297610094005,-0.18993741928283892,0.02200000000000002,-0.796289017929892,-0.15620333284960405,-0.16140313552083752,0.007600000000000008,-0.918736331594808,0,0,0,0,0,0,0,0
-1.4638816602664737,-1.025835356658238,0.665,1.5328877754415804,0.15505680847167969,-0.26980865478515625,-1.5874434379876203,-1.225024619117924,0.679,0.7151486610046773,-0.12356177772114663,-0.19918926245968582,0.014000000000000012,-0.8177391144369031,-0.17009889831177832,-0.15356371642811653,-0.0354666666666667,-0.9249895969719582,0,0,0,0,0,0,0,0
-1.4475903019329095,-1.0209062566127303,0.67,1.5469900357976942,0.08314488983154297,-0.2413926544189453,-1.5874434379876203,-1.225024619117924,0.679,0.7151486610046773,-0.13985313605471084,-0.20411836250519366,0.009000000000000008,-0.8318413747930169,-0.1550306787250789,-0.12780821134107062,-0.018919402985074642,-0.8949858241487505,0,0,0,0,0,0,0,0
-1.4348306522206098,-1.020440885118546,0.681,1.553098688179674,0.011534563064575195,-0.19117434692382812,-1.5874434379876203,-1.225024619117924,0.679,0.7151486610046773,-0.15261278576701054,-0.2045837339993779,-0.0020000000000000018,-0.8379500271749967,-0.14833667351745522,-0.10491896414427741,-0.06369677419354844,-0.867508022571673,0,0,0,0,0,0,0,0
-1.4266092966489599,-1.0235620586629661,0.689,1.5504283344241228,-0.04462790679931641,-0.12412953948974609,-1.5874434379876203,-1.225024619117924,0.679,0.7151486610046773,-0.16083414133866047,-0.2014625604549578,-0.009999999999999898,-0.8352796734194454,-0.12152384852757991,-0.08512541250537842,-0.04799999999999939,-0.8238353001813686,0,0,0,0,0,0,0,0
-1.4240124669704257,-1.029187907239869,0.698,1.5374605380818052,-0.08357689666748047,-0.04066305541992187,-1.5874434379876203,-1.225024619117924,0.679,0.7151486610046773,-0.16343097101719462,-0.19583671187805485,-0.018999999999999906,-0.8223118770771278,-0.09569841454685807,-0.06762532514031919,-0.06366153846153842,-0.7624605093433543,0,0,0,0,0,0,0,0
-1.424561352368684,-1.03741411775342,0.713,1.5135146207444428,-0.12359901428222657,0.004116060256958008,-1.5874434379876203,-1.225024619117924,0.679,0.7151486610046773,-0.16288208561893636,-0.18761050136450397,-0.03399999999999992,-0.7983659597397654,-0.07848550604961602,-0.049510270993901095,-0.10796923076923078,-0.6878463412596313,0,0,0,0,0,0,0,0
-1.427737164821442,-1.0473781990943267,0.728,1.4764612807246036,-0.15194332885742187,0.03900234222412109,-1.5874434379876203,-1.225024619117924,0.679,0.7151486610046773,-0.15970627316617825,-0.1776464200235972,-0.04899999999999993,-0.7613126197199263,-0.0637439429821422,-0.038280768427488954,-0.11528695652173915,-0.6002111413727994,0,0,0,0,0,0,0,0
-1.432697627563932,-1.058586526007342,0.743,1.4385876359563263,-0.1743861541748047,0.05823955154418945,-1.5874434379876203,-1.225024619117924,0.679,0.7151486610046773,-0.1547458104236883,-0.166438093110582,-0.06399999999999995,-0.723438974951649,-0.04937029295585245,-0.019946233336656752,-0.13587741935483874,-0.5401794034922429,0,0,0,0,0,0,0,0
-1.4400194965938384,-1.0717581628939163,0.757,1.4039952101817983,-0.21032830810546874,0.0828245391845703,-1.5874434379876203,-1.225024619117924,0.679,0.7151486610046773,-0.1474239413937819,-0.15326645622400759,-0.07799999999999996,-0.688846549177121,-0.03367049943959037,-0.00460083888854998,-0.13896250000000004,-0.5266945533590208,0,0,0,0,0,0,0,0
-1.448843885963976,-1.0872351375481237,0.771,1.3701532759856283,-0.2509090576171875,0.09198439025878906,-1.5874434379876203,-1.225024619117924,0.679,0.7151486610046773,-0.13859955202364427,-0.1377894815698002,-0.09199999999999997,-0.655004614980951,-0.03069307251747,-0.0011829766727427804,-0.13485000000000003,-0.5280973617453135,0,0,0,0,0,0,0,0
-1.4601789792803361,-1.103991013440004,0.782,1.3367302208099372,-0.28018212890625,0.11652386474609375,-1.5874434379876203,-1.225024619117924,0.679,0.7151486610046773,-0.1272644587072842,-0.12103360567791999,-0.10299999999999998,-0.6215815598052599,0.015713423860878373,0.05677432840420148,-0.15940000000000004,-0.4210432287511132,0,0,0,0,0,0,0,0
-1.4723169491121508,-1.121365554486205,0.791,1.3031500860015663,-0.29573965454101564,0.11665838623046874,-1.5874434379876203,-1.225024619117924,0.679,0.7151486610046773,-0.1151264888754695,-0.10365906463171903,-0.11199999999999999,-0.588001424996889,0.0068047773976462195,0.040308185353387954,-0.13732727272727274,-0.4353644485952033,0,0,0,0,0,0,0,0
-1.485206906710831,-1.1378696915704007,0.797,1.2758880430854145,-0.2898814697265625,0.12099455261230468,-1.5874434379876203,-1.225024619117924,0.679,0.7151486610046773,-0.10223653127678922,-0.08715492754752319,-0.118,-0.5607393820807371,0.015227104354812698,0.04137030063018761,-0.12528235294117648,-0.44046566333300835,0,0,0,0,0,0,0,0
-1.49990530910265,-1.1565148535183776,0.807,1.246845764332229,-0.33168524169921876,0.12966899108886717,-1.5874434379876203,-1.225024619117924,0.679,0.7151486610046773,-0.08753812888497037,-0.06850976559954636,-0.128,-0.5316971033275517,0.035376179205770186,0.06614214307394821,-0.1562461538461539,-0.39765581677438816,0,0,0,0,0,0,0,0
-1.5161673827411304,-1.1762294020917858,0.807,1.214347733660095,-0.3579832458496094,0.13711181640625,-1.5874434379876203,-1.225024619117924,0.679,0.7151486610046773,-0.07127605524648994,-0.048795217026138094,-0.128,-0.49919907265541763,0.05192698427626498,0.08175765303605237,-0.1024,-0.34920816186095266,0,0,0,0,0,0,0,0
-1.5331301558263983,-1.1964549732090415,0.808,1.1877140092746612,-0.37310043334960935,0.13258273315429686,-1.5874434379876203,-1.225024619117924,0.679,0.7151486610046773,-0.054313282161222,-0.028569645908882446,-0.129,-0.47256534826998386,0.06560852422944806,0.09632376909305058,-0.10866875000000002,-0.3477197652132631,0,0,0,0,0,0,0,0
-1.5516568077267732,-1.2166382514035068,0.805,1.1611500980593075,-0.38467868041992187,0.14459481811523436,-1.5874434379876203,-1.225024619117924,0.679,0.7151486610046773,-0.03578663026084716,-0.008386367714417142,-0.126,-0.44600143705463013,0.08035408131095811,0.10283935202253168,-0.08489090909090907,-0.3252563860757496,0,0,0,0,0,0,0,0
-1.571530473229169,-1.236369299232375,0.803,1.1338007886805563,-0.390208740234375,0.1555616455078125,-1.5874434379876203,-1.225024619117924,0.679,0.7151486610046773,-0.015912964758451276,0.011344680114451,-0.124,-0.418652127675879,0.09905556263367528,0.11191644375113087,-0.08843076923076923,-0.2924245459277969,0,0,0,0,0,0,0,0
-1.5916055430648952,-1.253783403394083,0.798,1.1077953828258407,-0.3641071472167969,0.16227865600585936,-1.5874434379876203,-1.225024619117924,0.679,0.7151486610046773,0.00416210507727488,0.028758784276158966,-0.119,-0.39264672182116334,0.11017758242331673,0.10814764531650699,-0.06827692307692307,-0.27262177172247565,0,0,0,0,0,0,0,0
-1.611081299815199,-1.2690254130342773,0.793,1.0842334379239174,-0.33503744506835936,0.15926487731933595,-1.5874434379876203,-1.225024619117924,0.679,0.7151486610046773,0.023637861827578766,0.044000793916353365,-0.11399999999999999,-0.36908477691924,0.1166883903385026,0.10407275655922343,-0.06427692307692306,-0.2603373389103632,0,0,0,0,0,0,0,0
-1.6319462005227225,-1.27643905412413,0.789,1.061579064233031,-0.2446422119140625,0.22465322875976562,-1.5874434379876203,-1.225024619117924,0.679,0.7151486610046773,0.044502762535102214,0.051414435006206016,-0.10999999999999999,-0.3464304032283536,0.13460084661575428,0.06562682337154035,-0.06646153846153843,-0.24187175542426248,0,0,0,0,0,0,0,0
-1.6508132163138494,-1.279280219981904,0.786,1.0413856047874566,-0.17517379760742188,0.22632356262207032,-1.5874434379876203,-1.225024619117924,0.679,0.7151486610046773,0.06336977832622903,0.05425560086398007,-0.10699999999999998,-0.32623694378277923,0.1348638817708393,0.042426385820004166,-0.06944615384615382,-0.23303636172628212,0,0,0,0,0,0,0,0
-1.6668974252499449,-1.2799859520673498,0.78,1.0246653505533514,-0.13098068237304689,0.20288919067382813,-1.5874434379876203,-1.225024619117924,0.679,0.7151486610046773,0.07945398726232455,0.054961332949425845,-0.10099999999999998,-0.30951668954867406,0.12014803831163988,0.031060466908133525,-0.05036521739130431,-0.23681993200908638,0,0,0,0,0,0,0,0
-1.6589332353128794,-1.2809346907049588,0.778,1.0115753811633934,0.049886165618896486,-0.10947724151611328,-1.5874434379876203,-1.225024619117924,0.679,0.7151486610046773,0.07148979732525906,0.05591007158703487,-0.09899999999999998,-0.2964267201587161,-0.006489441912717761,0.03298622553841378,-0.06859393939393937,-0.2369268592952707,0,0,0,0,0,0,0,0
-1.6486568321807082,-1.2815090109960408,0.77,1.0075611238838067,0.07447598266601563,-0.1352351531982422,-1.5874434379876203,-1.225024619117924,0.679,0.7151486610046773,0.06121339419308791,0.056484391878116824,-0.09099999999999997,-0.29241246287912936,-0.025592382532517027,0.031383010030912845,-0.029049999999999937,-0.27359563188106667,0,0,0,0,0,0,0,0
-1.6366128034556184,-1.2810692521437423,0.763,1.0058157946318125,0.1020364761352539,-0.14923223876953126,-1.5874434379876203,-1.225024619117924,0.679,0.7151486610046773,0.049169365467998105,0.05604463302581841,-0.08399999999999996,-0.29066713362713514,-0.005525389078725459,0.02692291938216318,-0.04969999999999995,-0.2869271423728618,0,0,0,0,0,0,0,0
-1.6248581046937163,-1.2788468583165198,0.757,1.0058332479243326,0.1225573501586914,-0.13107208251953126,-1.5874434379876203,-1.225024619117924,0.679,0.7151486610046773,0.037414666706095945,0.053822239198595856,-0.07799999999999996,-0.29068458691965526,-4.095437233312707,-0.7509267199285972,2.037600000000002,-0.2959205746756912,0,0,0,0,0,0,0,0
-1.614233324605705,-1.2726840688351493,0.751,1.005327102441254,0.16340231323242188,-0.08511473083496093,-1.5874434379876203,-1.225024619117924,0.679,0.7151486610046773,0.02678988661808468,0.047659449717225355,-0.07199999999999995,-0.2901784414365767,-0.01014096194921046,0.010177976007475492,-0.044308860759493626,-0.2892174057092123,0,0,0,0,0,0,0,0
-1.6032862154400278,-1.2627080584668098,0.753,1.0091144669180818,0.21433065795898437,-0.058466785430908205,-1.5874434379876203,-1.225024619117924,0.679,0.7151486610046773,0.015842777452407475,0.03768343934888585,-0.07399999999999995,-0.2939658059134045,-3.8235668192608174,-3.472761909244384,-0.7592000000000005,-1.430175148961749,0,0,0,0,0,0,0,0
-1.5969112832290668,-1.2507213806367135,0.764,1.0225535021584378,0.20310609436035157,0.014831075668334961,-1.5874434379876203,-1.225024619117924,0.679,0.7151486610046773,0.009467845241446504,0.025696761518789524,-0.08499999999999996,-0.30740484115376043,-0.011090377193718873,-0.01690578406708548,-0.0953049645390071,-0.3359985331545178,0,0,0,0,0,0,0,0
-1.5956244916731763,-1.2384486141795092,0.782,1.042851681359132,0.1671712646484375,0.07947332763671874,-1.5874434379876203,-1.225024619117924,0.679,0.7151486610046773,0.008181053685555995,0.013423995061585314,-0.10299999999999998,-0.32770302035445464,-0.4462865177189003,-4.288756262490681,-6.382400000000004,-6.417156780562718,0,0,0,0,0,0,0,0
-1.6004129614593088,-1.2284720825683222,0.807,1.063498926410225,0.09308903503417969,0.1374338836669922,-1.5874434379876203,-1.225024619117924,0.679,0.7151486610046773,0.012969523471688449,0.003447463450398258,-0.128,-0.3483502654055477,0.11821572341226814,-0.2310620058691655,-0.6857333333333339,-0.7612951664274088,0,0,0,0,0,0,0,0
-1.6105809102212392,-1.222457715699521,0.835,1.0706198697583615,0.00475741958618164,0.17713926696777343,-1.5874434379876203,-1.225024619117924,0.679,0.7151486610046773,0.02313747223361884,-0.0025669034184028217,-0.15599999999999992,-0.3554712087536842,0.04073908092562611,-0.018537782890188113,-0.2051278688524587,-0.37298172518352807,0,0,0,0,0,0,0,0
-1.6232744283636182,-1.2200456415161038,0.855,1.0559940106266494,-0.05956458282470703,0.18442979431152343,-1.5874434379876203,-1.225024619117924,0.679,0.7151486610046773,0.035830990375997906,-0.004978977601820089,-0.17599999999999993,-0.3408453496219721,0.29558620455254103,-0.055253611563162774,-0.5783000000000003,-0.06661049090237015,0,0,0,0,0,0,0,0
-1.6392356626438933,-1.2190714660075943,0.874,1.0363590565417131,-0.10516207885742188,0.21558221435546876,-1.5874434379876203,-1.225024619117924,0.679,0.7151486610046773,0.05179222465627298,-0.005953153110329623,-0.19499999999999995,-0.3212103955370358,0.06147848174276244,-0.005148305395791161,-0.1983566878980892,-0.28369137499257147,0,0,0,0,0,0,0,0
-1.6621173632760218,-1.2176171470495694,0.886,1.0264804929754252,-0.15605143737792967,0.30647607421875,-1.5874434379876203,-1.225024619117924,0.679,0.7151486610046773,0.07467392528840144,-0.00740747206835457,-0.20699999999999996,-0.3113318319707479,Infinity,-Infinity,-Infinity,Infinity,0,0,0,0,0,0,0,0
-1.6797072123603367,-1.2191532181151523,0.912,1.0122560595716714,-0.1563402557373047,0.21378550720214845,-1.5874434379876203,-1.225024619117924,0.679,0.7151486610046773,0.09226377437271638,-0.005871401002771615,-0.23299999999999998,-0.2971073985669941,0.08772950326413,0.0006968999915468585,-0.24788648648648656,-0.2682740876134391,0,0,0,0,0,0,0,0
-1.671981149047454,-1.225884804204847,0.914,1.010597996782277,-0.024212486267089845,-0.15178990173339843,-1.5874434379876203,-1.225024619117924,0.679,0.7151486610046773,0.08453771105983376,0.0008601850869229821,-0.235,-0.2954493357775996,-2.661853303978998,2.3564852239365703,-0.8880000000000006,0.2019695010407534,0,0,0,0,0,0,0,0
-1.667650038516715,-1.237324201243622,0.908,1.0581756721916422,-0.11084292602539063,-0.14621206665039063,-1.5874434379876203,-1.225024619117924,0.679,0.7151486610046773,0.08020660052909467,0.01229958212569815,-0.22899999999999998,-0.3430270111869649,-0.04411273783315721,0.22858251126125512,-0.06653333333333324,-1.13598826800972,0,0,0,0,0,0,0,0
-1.6623791374388972,-1.2554954162135628,0.914,1.127500150080857,-0.19875518798828126,-0.2025854187011719,-1.5874434379876203,-1.225024619117924,0.679,0.7151486610046773,0.07493569945127687,0.030470797095638824,-0.235,-0.4123514890761797,0.024099622354361402,0.06132181332665445,-0.20321739130434785,-0.563056875791864,0,0,0,0,0,0,0,0
-1.6533437666593025,-1.2810252384223642,0.922,1.1756712374359006,-0.287801025390625,-0.28668408203125,-1.5874434379876203,-1.225024619117924,0.679,0.7151486610046773,0.06590032867168216,0.056000619304440225,-0.243,-0.4605225764312233,-1.548239722093233,4.495719196192464,-1.5944000000000011,-7.686185679687764,0,0,0,0,0,0,0,0
-1.6433198646337275,-1.3017790608290543,0.922,1.220107320191676,-0.22944406127929687,-0.25860272216796876,-1.5874434379876203,-1.225024619117924,0.679,0.7151486610046773,0.05587642664610715,0.07675444171113033,-0.243,-0.5049586591869986,0.0030561870184347417,0.08989380129770372,-0.19440000000000002,-0.59950351611418,0,0,0,0,0,0,0,0
-1.634134032403435,-1.3190817429905044,0.923,1.224104124178743,-0.19640744018554687,-0.21856495666503906,-1.5874434379876203,-1.225024619117924,0.679,0.7151486610046773,0.04669059441581469,0.09405712387258047,-0.244,-0.5089554631740656,-3.1916959833944523,6.10296731844384,-0.5452000000000004,-1.7079966592941753,0,0,0,0,0,0,0,0
-1.6261933249231293,-1.3322827768439212,0.917,1.1950443921330378,-0.14576150512695313,-0.1793071746826172,-1.5874434379876203,-1.225024619117924,0.679,0.7151486610046773,0.03874988693550896,0.10725815772599723,-0.238,-0.4798957311283605,-0.0423861147124012,0.15630378661179561,-0.1437333333333333,-0.2861641841569931,0,0,0,0,0,0,0,0
-1.6211580998473507,-1.3385069473741722,0.902,1.1384782710759014,-0.05913202667236328,-0.1045203628540039,-1.5874434379876203,-1.225024619117924,0.679,0.7151486610046773,0.03371466185973038,0.11348232825624827,-0.22299999999999998,-0.42332961007122405,-0.009446083645097553,0.08925548779361464,-0.10004179104477606,-0.17004847100941917,0,0,0,0,0,0,0,0
-1.61935646154863,-1.3352714227907587,0.885,1.104391990784452,0.05539036560058594,-0.004204090118408203,-1.5874434379876203,-1.225024619117924,0.679,0.7151486610046773,0.03191302356100967,0.11024680367283479,-0.20599999999999996,-0.3892433297797746,0.0054469550379673635,0.03624950843317214,-0.06563333333333322,-0.21881192832252738,0,0,0,0,0,0,0,0
-1.619426259656583,-1.3341288250150591,0.87,1.0908482357889762,0.014837570190429687,0.008642154693603516,-1.5874434379876203,-1.225024619117924,0.679,0.7151486610046773,0.0319828216689626,0.10910420589713521,-0.19099999999999995,-0.37569957478429883,0.016185294467683894,0.051378220238290986,-0.11113333333333326,-0.3434525390807851,0,0,0,0,0,0,0,0
-1.6222809313653546,-1.3324542873214935,0.854,1.0843381576790372,0.0025087509155273437,0.04958005905151367,-1.5874434379876203,-1.225024619117924,0.679,0.7151486610046773,0.03483749337773423,0.10742966820356958,-0.17499999999999993,-0.36918949667435985,0.14231063394762583,-0.019546189991711316,0.5600000000000007,-0.1250615675516482,0,0,0,0,0,0,0,0
-1.6286502291158802,-1.3250353601895066,0.893,1.0802366339368508,0.053709831237792965,0.1364813232421875,-1.5874434379876203,-1.225024619117924,0.679,0.7151486610046773,0.04120679112825987,0.1000107410715827,-0.21399999999999997,-0.36508797293217343,0.03387276587772501,0.034549272344152004,-0.25245000000000006,-0.3577638233925548,0,0,0,0,0,0,0,0
-1.6396227971849586,-1.3143073709322064,0.882,1.0821041362364845,0.06440156555175781,0.22099098205566406,-1.5874434379876203,-1.225024619117924,0.679,0.7151486610046773,0.05217935919733829,0.08928275181428247,-0.20299999999999996,-0.36695547523180716,1.9462890916873934,-1.832756744120399,1.7626000000000013,-0.6470808201768663,0,0,0,0,0,0,0,0
-1.647688049142026,-1.3051987214768601,0.882,1.0857518743731527,0.06384080505371094,0.17096170043945313,-1.5874434379876203,-1.225024619117924,0.679,0.7151486610046773,0.060244611154405714,0.08017410235893618,-0.20299999999999996,-0.37060321336847535,0.17126421482588272,-0.1193143142890919,-0.1624,-0.42531928541849817,0,0,0,0,0,0,0,0
-1.6538169620486776,-1.2969889604323817,0.876,1.0882651484960242,0.066078125,0.1387462615966797,-1.5874434379876203,-1.225024619117924,0.679,0.7151486610046773,0.06637352406105723,0.07196434131445772,-0.19699999999999995,-0.37311648749134685,0.05076970889387314,0.01242957749683984,-0.1403868852459016,-0.379296669760703,0,0,0,0,0,0,0,0
-1.6593928067970583,-1.2876674079659323,0.869,1.0940421883201261,0.0850489273071289,0.13896939086914062,-1.5874434379876203,-1.225024619117924,0.679,0.7151486610046773,0.07194936880943792,0.06264278884800834,-0.18999999999999995,-0.3788935273154488,0.1860935814765067,-0.2196434796727102,0.036461538461538656,-0.5122098309485704,0,0,0,0,0,0,0,0
-1.6678151654589195,-1.2758448123995638,0.861,1.0857518743731527,0.09958869934082032,0.19362803649902344,-1.5874434379876203,-1.225024619117924,0.679,0.7151486610046773,0.08037172747129917,0.05082019328163989,-0.18199999999999994,-0.37060321336847535,0.0862456376677033,-0.03924472286275747,-0.10184999999999991,-0.3317423667420374,0,0,0,0,0,0,0,0
-1.6740838867813195,-1.2656838659891578,0.855,1.0995225221713878,0.0909922103881836,0.15424752807617187,-1.5874434379876203,-1.225024619117924,0.679,0.7151486610046773,0.08664044879369914,0.0406592468712339,-0.17599999999999993,-0.38437386116671046,0.07656344353078881,-0.033554183286233,-0.10898181818181811,-0.4469677147950519,0,0,0,0,0,0,0,0
-1.667583318619785,-1.2593951875699463,0.844,1.2411734442632478,0.1283182830810547,-0.04405124664306641,-1.5874434379876203,-1.225024619117924,0.679,0.7151486610046773,0.0801398806321647,0.034370568452022354,-0.16499999999999992,-0.5260247832585705,0.004519958182690902,-0.017205925879051967,-0.0718437499999999,-1.1900134805641644,0,0,0,0,0,0,0,0
-1.654219582593344,-1.2549676968447498,0.832,1.3488078992337384,0.1277218780517578,-0.16816761779785155,-1.5874434379876203,-1.225024619117924,0.679,0.7151486610046773,0.06677614460572356,0.029943077726825917,-0.1529999999999999,-0.6336592382290611,-0.040854905621811224,-0.0096256318321228,-0.05573333333333322,-1.1462042618980641,0,0,0,0,0,0,0,0
-1.637040570522929,-1.2488053018649314,0.819,1.4356729361054956,0.14690216064453124,-0.23101040649414062,-1.5874434379876203,-1.225024619117924,0.679,0.7151486610046773,0.04959713253530862,0.02378068274700751,-0.1399999999999999,-0.7205242751008183,-0.0649425415628715,-0.020301274192711806,-0.044089552238805854,-1.1094722013922682,0,0,0,0,0,0,0,0
-1.6170044610103087,-1.2430567093484066,0.806,1.5064634905663858,0.12592962646484376,-0.2861860046386719,-1.5874434379876203,-1.225024619117924,0.679,0.7151486610046773,0.02956102302268837,0.01803209023048269,-0.127,-0.7913148295617085,-0.09479196238579778,-0.022421570209503763,-0.030506250000000554,-1.1231455535971313,0,0,0,0,0,0,0,0
