-0.2018391371612506,0.05171798720123021,0.69,2.255192286379433,-0.03090609359741211,0.05146135711669922,-0.8325663932502576,0.830383484237359,0.692,2.255035206746754,-0.630727256089007,0.7786654970361288,0.0020000000000000018,-0.00015707963267930225,-0.3153636280445035,0.3893327485180644,0.0016000000000000016,-0.00015707963267930225,0,0,0,0,0,0,0,0
-0.20276507652107517,0.047464073219297215,0.689,2.2559253246652706,-0.040658302307128906,0.05110147476196289,-0.8325663932502576,0.830383484237359,0.692,2.255035206746754,-0.6298013167291825,0.7829194110180617,0.0030000000000000027,-0.0008901179185167862,-0.30983692749055075,0.41472329759772686,0.007868750000000008,-0.004326234883379992,0,0,0,0,0,0,0,0
-0.20271666604359911,0.04224522127288107,0.687,2.2572168683117466,-0.061076778411865235,0.04897293090820312,-0.8325663932502576,0.830383484237359,0.692,2.255035206746754,-0.6298497272066585,0.7881382629644779,0.004999999999999893,-0.002181661564992776,-0.3151896084020265,0.42260972806420216,0.014937499999999318,-0.008235772407848979,0,0,0,0,0,0,0,0
-0.20673363303803788,0.040935679583678934,0.68,2.2575484808696253,0.022993305206298827,0.059057308197021485,-0.8325663932502576,0.830383484237359,0.692,2.255035206746754,-0.6258327602122198,0.78944780465368,0.0119999999999999,-0.0025132741228715005,-0.30218402554081547,0.398222677832342,0.028302290076335813,-0.003272692194349495,0,0,0,0,0,0,0,0
-0.21432843638395851,0.04288494162144868,0.676,2.258962197563741,0.09484061431884766,0.06955865478515624,-0.8325663932502576,0.830383484237359,0.692,2.255035206746754,-0.6182379568662991,0.7874985426159102,0.015999999999999903,-0.003926990816986997,-0.2669256265113681,0.3829200377647896,0.03502222222222216,-0.010553787820653387,0,0,0,0,0,0,0,0
-0.2263908460991934,0.049109819223807805,0.672,2.261021686081094,0.18703901672363282,0.0804539794921875,-0.8325663932502576,0.830383484237359,0.692,2.255035206746754,-0.6061755471510641,0.7812736650135512,0.019999999999999907,-0.005986479334340267,-0.23912044932807386,0.35762611794881116,0.037212121212121155,-0.015491810952893818,0,0,0,0,0,0,0,0
-0.2440221200952522,0.061543976616792166,0.666,2.263360427278766,0.31221054077148436,0.08517833709716797,-0.8325663932502576,0.830383484237359,0.692,2.255035206746754,-0.5885442731550055,0.7688395076205669,0.025999999999999912,-0.008325220532012345,-0.20077295629537337,0.3184810403626391,0.05261818181818177,-0.018955862339612703,0,0,0,0,0,0,0,0
-0.2671648538866415,0.07966933575612625,0.663,2.266292580422117,0.4308961486816406,0.09356459045410156,-0.8325663932502576,0.830383484237359,0.692,2.255035206746754,-0.565401539363616,0.7507141484812327,0.028999999999999915,-0.01125737367536317,-0.1561389442601471,0.276234016447383,0.03960624999999995,-0.025001841534820157,0,0,0,0,0,0,0,0
-0.2959927090402022,0.10381523367698958,0.661,2.2684218821095503,0.5551439208984374,0.09990441131591797,-0.8325663932502576,0.830383484237359,0.692,2.255035206746754,-0.5365736842100555,0.7265682505603694,0.030999999999999917,-0.013386675362796474,-0.11305992973970164,0.23326775186015158,0.035569230769230714,-0.02321422161248865,0,0,0,0,0,0,0,0
-0.329530371108396,0.1343794371191083,0.658,2.2704639173343835,0.67452099609375,0.09101714324951173,-0.8325663932502576,0.830383484237359,0.692,2.255035206746754,-0.5030360221418616,0.6960040471182507,0.03399999999999992,-0.015428710587629624,-0.07093059993450232,0.1834255434861783,0.043353846153846104,-0.024853488548398008,0,0,0,0,0,0,0,0
-0.36748816119287225,0.1709391999162003,0.658,2.272174340001338,0.78620556640625,0.08245044708251953,-0.8325663932502576,0.830383484237359,0.692,2.255035206746754,-0.46507823205738535,0.6594442843211586,0.03399999999999992,-0.01713913325458405,-0.028151015573820576,0.13286188094546827,0.027199999999999936,-0.02503339171745063,0,0,0,0,0,0,0,0
-0.4040869816929878,0.20798298668008178,0.656,2.274164015348611,0.7787384643554688,0.060847835540771486,-0.8325663932502576,0.830383484237359,0.692,2.255035206746754,-0.4284794115572698,0.6224004975572772,0.03599999999999992,-0.019128808601857283,-0.020155051611355557,0.11475592503078258,0.03940606060606055,-0.028172787453099257,0,0,0,0,0,0,0,0
-0.4339991680036885,0.2406528404303423,0.655,2.2802552144380717,0.6639473876953125,0.025238245010375977,-0.8325663932502576,0.830383484237359,0.692,2.255035206746754,-0.3985672252465691,0.5897306438070167,0.03699999999999992,-0.025220007691317825,-0.11936555759469493,0.2075794531051023,0.03227175572519078,-0.039169318583212195,0,0,0,0,0,0,0,0
-0.46511184183043025,0.2752929515764087,0.657,2.282681222098344,0.6982421264648437,0.015603900909423828,-0.8325663932502576,0.830383484237359,0.692,2.255035206746754,-0.36745455141982736,0.5550905326609503,0.03499999999999992,-0.02764601535159006,-0.00809121378475855,0.08199625179622963,0.01670967741935477,-0.039384762094842804,0,0,0,0,0,0,0,0
-0.4958104172751062,0.3132261306592322,0.661,2.285037416588536,0.7316195068359375,-0.023061534881591798,-0.8325663932502576,0.830383484237359,0.692,2.255035206746754,-0.3367559759751514,0.5171573535781268,0.030999999999999917,-0.030002209841782257,-0.0004951535245040217,0.05113160367987202,0.0029249999999999138,-0.041046871514558186,0,0,0,0,0,0,0,0
-0.5419458533826818,0.3677118005541594,0.665,2.2872539847385687,1.0708441162109374,-0.012465301513671876,-0.8325663932502576,0.830383484237359,0.692,2.255035206746754,-0.29062053986757586,0.46267168368319955,0.026999999999999913,-0.03221877799181483,0.09569573958339767,-0.05329079193787062,0.0007044776119402157,-0.04214371000688605,0,0,0,0,0,0,0,0
-0.5936339100787904,0.4279987262815024,0.669,2.288562981677565,1.191135498046875,-0.009174120903015138,-0.8325663932502576,0.830383484237359,0.692,2.255035206746754,-0.2389324831714672,0.4023847579558566,0.02299999999999991,-0.03352777493081094,0.1723211752471378,-0.13913704045062064,-0.004180645161290412,-0.03986163108724373,0,0,0,0,0,0,0,0
-0.6481160023381098,0.4918806186274752,0.678,2.2907620965350777,1.2593072509765626,-0.014629444122314454,-0.8325663932502576,0.830383484237359,0.692,2.255035206746754,-0.18445039091214777,0.3385028656098838,0.013999999999999901,-0.035726889788323835,0.19238274918216192,-0.16445994512178166,-0.03581492537313444,-0.045573672732411426,0,0,0,0,0,0,0,0
-0.7030209954471982,0.5607346265352261,0.687,2.2928913982225105,1.31952734375,-0.06180566787719727,-0.8325663932502576,0.830383484237359,0.692,2.255035206746754,-0.1295453978030594,0.26964885770213287,0.004999999999999893,-0.037856191475756695,0.23548898216379727,-0.2417209268944464,-0.04521875000000012,-0.04768373772544682,0,0,0,0,0,0,0,0
-0.7584939397678404,0.6321700402598381,0.694,2.2954221256379026,1.354080810546875,-0.08381517028808594,-0.8325663932502576,0.830383484237359,0.692,2.255035206746754,-0.0740724534824172,0.19821344397752083,-0.0020000000000000018,-0.04038691889114876,0.261664242677634,-0.28554550575915055,-0.03929230769230713,-0.05224970365079906,0,0,0,0,0,0,0,0
-0.8118513783033725,0.7032640375878899,0.703,2.297691053665495,1.3289957275390625,-0.10760675811767578,-0.8325663932502576,0.830383484237359,0.692,2.255035206746754,-0.020715014946885102,0.12711944664946906,-0.01100000000000001,-0.04265584691874125,0.27695177694865336,-0.3192541084416981,-0.05726153846153851,-0.05312782243070657,0,0,0,0,0,0,0,0
-0.8551778020344127,0.7634586261878253,0.723,2.3020718300880008,1.1065887451171874,-0.11440731811523437,-0.8325663932502576,0.830383484237359,0.692,2.255035206746754,0.02261140878415513,0.06692485804953363,-0.031000000000000028,-0.04703662334124692,0.12618637337589633,-0.12614443468718317,-0.07783030303030308,-0.056992933392396174,1490822677414,0,0,0,0,0,0,0
-0.8937544274900089,0.8165978386074714,0.733,2.3037473461699154,0.979724609375,-0.10160892486572265,-0.8325663932502576,0.830383484237359,0.692,2.255035206746754,0.06118803423975128,0.0137856456298876,-0.041000000000000036,-0.04871213942316155,0.23516703089955215,-0.2749060309256033,-0.08583030303030309,-0.05632812161368259,1490822677414,0,0,0,0,0,0,0
-0.9280072328692586,0.8598880236241302,0.742,2.3042883982380338,0.8263617553710938,-0.052607776641845704,-0.8325663932502576,0.830383484237359,0.692,2.255035206746754,0.09544083961900096,-0.029504539386771222,-0.050000000000000044,-0.049253191491279935,0.2442529096904413,-0.2631385771660182,-0.09163934426229517,-0.051914103301698225,1490822677414,0,0,0,0,0,0,0
-0.9551878457156897,0.8951485630437701,0.752,2.304777090428592,0.6658428344726562,-0.051223770141601566,-0.8325663932502576,0.830383484237359,0.692,2.255035206746754,0.1226214524654321,-0.06476507880641114,-0.06000000000000005,-0.04974188368183796,0.20545033981227512,-0.21937024844675054,-0.10103030303030311,-0.051963211820738084,0,0,0,0,0,0,0,0
-0.9753825982705479,0.9241646440780081,0.76,2.3046549173809523,0.52607861328125,-0.06661467742919921,-0.8325663932502576,0.830383484237359,0.692,2.255035206746754,0.14281620502029024,-0.09378115984064916,-0.06800000000000006,-0.049619710634198455,0.18184815554452557,-0.2055722730763138,-0.0981500000000001,-0.04904702447338827,0,0,0,0,0,0,0,0
-0.9870170292272137,0.9485663901630388,0.761,2.3053181424967106,0.38869012451171875,-0.11554720306396485,-0.8325663932502576,0.830383484237359,0.692,2.255035206746754,0.15445063597695607,-0.11818290592567982,-0.06900000000000006,-0.05028293574995679,0.13987225390898636,-0.19048547034377417,-0.060584615384615445,-0.0533439747457645,0,0,0,0,0,0,0,0
-0.9911100934781077,0.9667226564744121,0.762,2.3067318591908257,0.24327001953125,-0.13696865844726563,-0.8325663932502576,0.830383484237359,0.692,2.255035206746754,0.15854370022785014,-0.13633917223705316,-0.07000000000000006,-0.051696652444071844,0.10131142684950849,-0.16593409702592155,-0.06138461538461544,-0.05822149872460285,0,0,0,0,0,0,0,0
-0.9861076438451168,0.9780080717407068,0.761,2.30844228185778,0.07510103607177734,-0.16925271606445313,-0.8325663932502576,0.830383484237359,0.692,2.255035206746754,0.15354125059485924,-0.14762458750334784,-0.06900000000000006,-0.05340707511102627,0.04983435804286322,-0.13457991441633754,-0.049815384615384664,-0.06130133357389285,0,0,0,0,0,0,0,0
-0.9756060442632912,0.9849917987953406,0.734,2.3113569817086104,-0.02841738510131836,-0.18702957153320313,-0.8325663932502576,0.830383484237359,0.692,2.255035206746754,0.14303965101303362,-0.15460831455798163,-0.04200000000000004,-0.05632177496185653,0.01408920279340798,-0.11549641460901937,0.1140562500000001,-0.06998443051262337,0,0,0,0,0,0,0,0
-0.9536526603198929,0.9804747071514661,0.754,2.3147080138724396,-0.2721901550292969,-0.19733837890625,-0.8325663932502576,0.830383484237359,0.692,2.255035206746754,0.12108626706963532,-0.15009122291410715,-0.062000000000000055,-0.05967280712568579,0.0023334033818676395,-0.0630684745225379,-0.10263030303030311,-0.06728878931620683,0,0,0,0,0,0,0,0
-0.9276604749113481,0.9718347733678232,0.759,2.316348623369314,-0.35937969970703126,-0.1991248779296875,-0.8325663932502576,0.830383484237359,0.692,2.255035206746754,0.09509408166109046,-0.14145128913046423,-0.06700000000000006,-0.06131341662256018,-0.09029030603295027,-0.024907813894398473,-0.08011515151515158,-0.06877073251744377,0,0,0,0,0,0,0,0
-0.8980183534477997,0.9596923027712388,0.755,2.3178146999409894,-0.43544683837890624,-0.2031192169189453,-0.8325663932502576,0.830383484237359,0.692,2.255035206746754,0.06545196019754207,-0.12930881853387988,-0.06300000000000006,-0.06277949319423559,-0.13460857655029243,0.003891795713778179,-0.02781935483870971,-0.0698734120894392,0,0,0,0,0,0,0,0
-0.8656564734641394,0.9452723167955251,0.751,2.3196298423630637,-0.48852923583984376,-0.20920162963867187,-0.8325663932502576,0.830383484237359,0.692,2.255035206746754,0.03309008021388182,-0.11488883255816618,-0.05900000000000005,-0.06459463561630985,-0.1577112367281527,0.020201662051682986,-0.025661538461538493,-0.07297221602588333,0,0,0,0,0,0,0,0
-0.8325313804837028,0.9289171393713034,0.744,2.3217416907579773,-0.51796435546875,-0.19693841552734376,-0.8325663932502576,0.830383484237359,0.692,2.255035206746754,-0.00003501276655482055,-0.09853365513394441,-0.052000000000000046,-0.06670648401122348,-0.17838339166255163,0.03879951240960654,-0.00390769230769232,-0.07645347660313254,1490822678320,0,0,0,0,0,0,0
-0.7982499343273817,0.9111190894011015,0.735,2.3230506876969725,-0.546036376953125,-0.19375656127929688,-0.8325663932502576,0.830383484237359,0.692,2.255035206746754,-0.034316458922875936,-0.08073560516374256,-0.04300000000000004,-0.0680154809502187,-0.20175063184162856,0.055467851103830956,0.014061538461538466,-0.0740570052840428,1490822678320,0,0,0,0,0,0,0
-0.7647420050846219,0.8929926839519268,0.728,2.3239757122005296,-0.541957763671875,-0.1812044677734375,-0.8325663932502576,0.830383484237359,0.692,2.255035206746754,-0.06782438816563574,-0.0626091997145678,-0.03600000000000003,-0.06894050545377572,-0.21433950538998603,0.06629912179211866,0.008892307692307692,-0.07320984931634661,1490822678320,0,0,0,0,0,0,0
-0.7332019392330006,0.8763803118583676,0.719,2.3244120445135286,-0.5053682861328125,-0.17470230102539064,-0.8325663932502576,0.830383484237359,0.692,2.255035206746754,-0.09936445401725702,-0.04599682762100865,-0.027000000000000024,-0.06937683776677472,-0.22773098584842605,0.07078110607249086,0.029206451612903243,-0.07148812315225375,1490822678320,0,0,0,0,0,0,0
-0.7042063081483297,0.8616877870124033,0.713,2.3259653875478032,-0.45832803344726564,-0.16635569763183594,-0.8325663932502576,0.830383484237359,0.692,2.255035206746754,-0.12836008510192787,-0.03130430277504437,-0.02100000000000002,-0.0709301808010494,-0.22031036377611463,0.06346144393690087,0.015507692307692313,-0.07809945634385561,0,0,0,0,0,0,0,0
-0.6771750243549687,0.8487864994708925,0.707,2.326523892908441,-0.4188255920410156,-0.1626043243408203,-0.8325663932502576,0.830383484237359,0.692,2.255035206746754,-0.15539136889528893,-0.018403015233533493,-0.015000000000000013,-0.07148868616168702,-0.2189038833681873,0.0581932780478423,0.019343283582089567,-0.07398945643319874,0,0,0,0,0,0,0,0
-0.6551351735129171,0.8394930530703002,0.702,2.3272045713167193,-0.3281827697753906,-0.1449958038330078,-0.8325663932502576,0.830383484237359,0.692,2.255035206746754,-0.17743121973734055,-0.009109568832941228,-0.010000000000000009,-0.07216936456996548,-0.20559360675833796,0.04472864346545806,0.018515151515151526,-0.07526335733486755,0,0,0,0,0,0,0,0
-0.638470964476271,0.8342655763137591,0.701,2.3279027030175166,-0.22858270263671876,-0.12798430633544922,-0.8325663932502576,0.830383484237359,0.692,2.255035206746754,-0.19409542877398656,-0.003882092076400112,-0.009000000000000008,-0.07286749627076272,-0.18541851988435845,0.02578042161012404,-0.0018969696969697,-0.07604082218347746,0,0,0,0,0,0,0,0
-0.6280436332427718,0.8335581406854904,0.701,2.3279201563100367,-0.11513842010498047,-0.10639467620849609,-0.8325663932502576,0.830383484237359,0.692,2.255035206746754,-0.20452276000748582,-0.003174656448131419,-0.009000000000000008,-0.07288494956328284,-0.15028198436854212,0.0016705990113822207,-0.007200000000000007,-0.07295384413902016,0,0,0,0,0,0,0,0
-0.6246790320772115,0.835488177044862,0.699,2.327344197656879,-0.013622154235839843,-0.056565826416015624,-0.8325663932502576,0.830383484237359,0.692,2.255035206746754,-0.20788736117304607,-0.005104692807503031,-0.007000000000000006,-0.0723089909101251,-0.12575128073367284,-0.015061841325604555,0.007362962962962968,-0.06910922061480435,0,0,0,0,0,0,0,0
-0.6260152857841135,0.8398398242786416,0.7,2.325790854622604,0.061226787567138674,-0.0302294921875,-0.8325663932502576,0.830383484237359,0.692,2.255035206746754,-0.20655110746614413,-0.009456340041282596,-0.008000000000000007,-0.07075564787584998,-0.09585192202806131,-0.028903987986083325,-0.011955555555555566,-0.06335877628406368,0,0,0,0,0,0,0,0
-0.6307169399989753,0.8458021527430591,0.702,2.3244818576836077,0.11346282196044923,-0.00992690658569336,-0.8325663932502576,0.830383484237359,0.692,2.255035206746754,-0.20184945325128234,-0.015418668505700173,-0.010000000000000009,-0.06944665093685387,-0.07599171184985892,-0.039327742776276625,-0.01860606060606062,-0.06349666485050792,0,0,0,0,0,0,0,0
-0.6386223932570835,0.8542030846870936,0.705,2.3227714350166537,0.1730350036621094,0.0002312469482421875,-0.8325663932502576,0.830383484237359,0.692,2.255035206746754,-0.19394399999317413,-0.023819600449734635,-0.013000000000000012,-0.06773622826989989,-0.05305281522931924,-0.0585816443583921,-0.02706666666666669,-0.05959135842726188,0,0,0,0,0,0,0,0
-0.6505358431243631,0.8662917065618738,0.707,2.320502506989061,0.2545003204345703,0.006650329113006592,-0.8325663932502576,0.830383484237359,0.692,2.255035206746754,-0.18203055012589453,-0.03590822232451485,-0.015000000000000013,-0.06546730024230696,-0.0278378894031312,-0.08206043928609189,-0.022606060606060623,-0.05515399102597545,0,0,0,0,0,0,0,0
-0.6650526477032516,0.8810013153743824,0.705,2.3196298423630637,0.30986846923828126,0.009018218040466309,-0.8325663932502576,0.830383484237359,0.692,2.255035206746754,-0.16751374554700604,-0.05061783113702345,-0.013000000000000012,-0.06459463561630985,-0.0018071695055841414,-0.10834702983267318,0.0008903225806451594,-0.06037206484535609,0,0,0,0,0,0,0,0
-0.6813038184403448,0.897468213252971,0.708,2.318966617247306,0.34687921142578126,0.01039950942993164,-0.8325663932502576,0.830383484237359,0.692,2.255035206746754,-0.1512625748099128,-0.06708472901561202,-0.016000000000000014,-0.06393141050055196,0.013242302563522351,-0.12359571228133726,-0.029206250000000027,-0.06082254277043683,0,0,0,0,0,0,0,0
-0.6991569289313897,0.915774215052207,0.707,2.3196996555331433,0.3834383544921875,0.009474224090576171,-0.8325663932502576,0.830383484237359,0.692,2.255035206746754,-0.1334094643188679,-0.08539073081484805,-0.015000000000000013,-0.06466444878638944,0.026557785331098968,-0.1383237330153734,-0.006776119402985082,-0.0679467097677513,0,0,0,0,0,0,0,0
-0.719196143476018,0.9361378443830418,0.7,2.3200487213835426,0.4283770751953125,0.012197263717651367,-0.8325663932502576,0.830383484237359,0.692,2.255035206746754,-0.1133702497742396,-0.10575436014568285,-0.008000000000000007,-0.06501351463678873,0.051218338045494194,-0.16252749185425958,0.031292307692307716,-0.06662458779247775,0,0,0,0,0,0,0,0
-0.7415876840715983,0.9578502379003626,0.7,2.3214798913701777,0.4672269897460937,0.02410378837585449,-0.8325663932502576,0.830383484237359,0.692,2.255035206746754,-0.09097870917865936,-0.12746675366300364,-0.008000000000000007,-0.0664446846234239,0.07325366372056552,-0.1788748576051727,-0.006400000000000006,-0.07295000274449287,0,0,0,0,0,0,0,0
-0.7654532156719227,0.9791542780100253,0.705,2.322823794894213,0.4778640441894531,0.043780624389648436,-0.8325663932502576,0.830383484237359,0.692,2.255035206746754,-0.0671131775783349,-0.14877079377266633,-0.013000000000000012,-0.06778858814745936,0.0949501198279642,-0.18909945901528613,-0.03732307692307695,-0.0739912197968538,0,0,0,0,0,0,0,0
-0.7896258916941747,0.9995906999315853,0.705,2.3242549648808484,0.4715653076171875,0.05539334106445312,-0.8325663932502576,0.830383484237359,0.692,2.255035206746754,-0.042940501556082866,-0.16920721569422636,-0.013000000000000012,-0.06921975813409453,0.10869031241870031,-0.1946458797324364,-0.01040000000000001,-0.07582515807241072,0,0,0,0,0,0,0,0
-0.8122455724047397,1.0174181440088836,0.706,2.325424335479685,0.42716455078125,0.06450335693359376,-0.8325663932502576,0.830383484237359,0.692,2.255035206746754,-0.020320820845517895,-0.18703465977152467,-0.014000000000000012,-0.07038912873293102,0.11163787032643703,-0.18951125953275322,-0.0165846153846154,-0.07578622380448402,0,0,0,0,0,0,0,0
-0.8317096010033928,1.0313334607635334,0.709,2.326646065956081,0.35206320190429685,0.06971730804443359,-0.8325663932502576,0.830383484237359,0.692,2.255035206746754,-0.000856792246864857,-0.2009499765261744,-0.017000000000000015,-0.07161085920932697,0.10770509609130667,-0.1777823035666969,-0.03026666666666669,-0.07742862338264105,0,0,0,0,0,0,0,0
-0.848297858475251,1.0410177360123811,0.712,2.3281819556978363,0.276377197265625,0.08142865753173828,-0.8325663932502576,0.830383484237359,0.692,2.255035206746754,0.015731465224993357,-0.21063425177502215,-0.020000000000000018,-0.07314674895108242,0.09718711899942552,-0.15746322338130658,-0.03215384615384618,-0.08023547083610756,0,0,0,0,0,0,0,0
-0.8619657935696687,1.0468739716330646,0.714,2.3302414442151895,0.20468316650390625,0.08862329864501953,-0.8325663932502576,0.830383484237359,0.692,2.255035206746754,0.02939940031941113,-0.21649048739570564,-0.02200000000000002,-0.07520623746843569,0.08829627374503202,-0.13977882011691778,-0.028369230769230792,-0.08471156908698924,0,0,0,0,0,0,0,0
-0.8702636053423848,1.0464305656462216,0.716,2.341778070570872,0.08087454223632813,0.0948452606201172,-0.8325663932502576,0.830383484237359,0.692,2.255035206746754,0.037697212092127175,-0.21604708140886264,-0.02400000000000002,-0.08674286382411811,0.06285215332561837,-0.10567214531965781,-0.029806060606060635,-0.13918207453176548,0,0,0,0,0,0,0,0
-0.8751368486954524,1.0406914131444134,0.719,2.3537859358245927,-0.010806076049804688,0.1124173583984375,-0.8325663932502576,0.830383484237359,0.692,2.255035206746754,0.04257045544519478,-0.2103079289070544,-0.027000000000000024,-0.09875072907783888,0.04835880190630629,-0.07326978388792593,-0.0382666666666667,-0.15593103980984258,0,0,0,0,0,0,0,0
-0.8768961209927592,1.030632574799124,0.721,2.362582395254644,-0.08833184814453125,0.12513760375976563,-0.8325663932502576,0.830383484237359,0.692,2.255035206746754,0.044329727742501546,-0.2002490905617651,-0.029000000000000026,-0.10754718850789002,0.0314943381751503,-0.04678222072253014,-0.03380606060606064,-0.14753109500812248,0,0,0,0,0,0,0,0
-0.8761201551185451,1.0172222157555437,0.722,2.370279297255939,-0.14960960388183595,0.13496641540527343,-0.8325663932502576,0.830383484237359,0.692,2.255035206746754,0.04355376186828752,-0.18683873151818475,-0.030000000000000027,-0.11524409050918516,0.017533317559535817,-0.020081464739512375,-0.029468750000000026,-0.1513233186402561,0,0,0,0,0,0,0,0
-0.8726559044295845,1.0006242678763417,0.723,2.377958745964714,-0.2108086395263672,0.142287109375,-0.8325663932502576,0.830383484237359,0.692,2.255035206746754,0.04008951117932691,-0.17024078363898276,-0.031000000000000028,-0.12292353921796018,0.0013910980337216924,0.004253173683903946,-0.030184615384615414,-0.15836714864307563,0,0,0,0,0,0,0,0
-0.8670860573336612,0.9810996189928903,0.722,2.3848527965100916,-0.2628831481933594,0.15377044677734375,-0.8325663932502576,0.830383484237359,0.692,2.255035206746754,0.03451966408340357,-0.15071613475553136,-0.030000000000000027,-0.1298175897633378,-0.011408498599080118,0.025136448934116512,-0.018852941176470607,-0.16023251864000373,0,0,0,0,0,0,0,0
-0.8603649364922469,0.9593335058544822,0.724,2.3908916357219923,-0.29745611572265623,0.16816871643066406,-0.8325663932502576,0.830383484237359,0.692,2.255035206746754,0.02779854324198927,-0.1289500216171232,-0.03200000000000003,-0.13585642897523842,-0.024042539580537682,0.058398208521161815,-0.036890322580645195,-0.16507661871024146,0,0,0,0,0,0,0,0
-0.8529115240384136,0.9359695580250987,0.725,2.396494142620894,-0.3208165283203125,0.1799942321777344,-0.8325663932502576,0.830383484237359,0.692,2.255035206746754,0.02034513078815603,-0.10558607378773976,-0.03300000000000003,-0.14145893587414005,-0.029961193972716363,0.07301283603357944,-0.03178461538461541,-0.16731666002291679,0,0,0,0,0,0,0,0
-0.8451129914889742,0.9117819667852928,0.729,2.4016254106217576,-0.3319851379394531,0.18735960388183595,-0.8325663932502576,0.830383484237359,0.692,2.255035206746754,0.012546598238716622,-0.0813984825479338,-0.03700000000000003,-0.14659020387500377,-0.03386620664981511,0.08379571363679907,-0.05018823529411769,-0.16922815093763782,0,0,0,0,0,0,0,0
-0.8371953612485296,0.8872420744483337,0.733,2.406041093629303,-0.3359018249511719,0.19175865173339843,-0.8325663932502576,0.830383484237359,0.692,2.255035206746754,0.004628967998271949,-0.056858590210974724,-0.041000000000000036,-0.15100588688254923,-0.043114541970628535,0.11237336584427784,-0.0557508196721312,-0.1727223606901499,0,0,0,0,0,0,0,0
-0.8293688431224014,0.8620170547562412,0.737,2.4098808179836904,-0.34093423461914063,0.2017769775390625,-0.8325663932502576,0.830383484237359,0.692,2.255035206746754,-0.0031975501278561635,-0.03163357051888227,-0.04500000000000004,-0.15484561123693652,-0.0431030378540014,0.11795225856226127,-0.057212121212121256,-0.17229890375687873,0,0,0,0,0,0,0,0
-0.8215215047804049,0.8371155008651611,0.741,2.413580915997919,-0.3371474914550781,0.19926588439941406,-0.8325663932502576,0.830383484237359,0.692,2.255035206746754,-0.011044888469852743,-0.006732016627802095,-0.049000000000000044,-0.15854570925116507,-0.048437575792720164,0.13281436452794365,-0.06107500000000006,-0.17588991869286139,0,0,0,0,0,0,0,0
-0.8147390179494284,0.8129904075293258,0.745,2.4168097751141078,-0.3167345275878906,0.20244566345214843,-0.8325663932502576,0.830383484237359,0.692,2.255035206746754,-0.01782737530082923,0.01739307670803314,-0.05300000000000005,-0.16177456836735393,-0.04488142084498689,0.13663263937738523,-0.06361212121212127,-0.17645120071366696,0,0,0,0,0,0,0,0
-0.8098601124695001,0.7893182313864684,0.751,2.4196197552098186,-0.2901985778808594,0.21731153869628905,-0.8325663932502576,0.830383484237359,0.692,2.255035206746754,-0.022706280780757537,0.04106525285089058,-0.05900000000000005,-0.1645845484630648,-0.03889534874481276,0.1541658788448018,-0.08107096774193556,-0.17818122634553676,0,0,0,0,0,0,0,0
-0.8082429127514829,0.7644993564426285,0.755,2.4225170017681292,-0.2642351989746094,0.26336843872070315,-0.8325663932502576,0.830383484237359,0.692,2.255035206746754,-0.024323480498774752,0.06588412779473052,-0.06300000000000006,-0.1674817950213754,-0.020609798477835513,0.1625929031562306,-0.07129552238805976,-0.18045454080485562,0,0,0,0,0,0,0,0
-0.8119128474656183,0.7415617829352681,0.763,2.4254142483264403,-0.18521136474609376,0.2951387939453125,-0.8325663932502576,0.830383484237359,0.692,2.255035206746754,-0.020653545784639293,0.08882170130209088,-0.07100000000000006,-0.17037904157968642,0.009743182575608644,0.16985070576942243,-0.10055000000000008,-0.18395988482176936,0,0,0,0,0,0,0,0
-0.8196062053280057,0.7215869663995752,0.771,2.4280846020819915,-0.10965521240234374,0.301772216796875,-0.8325663932502576,0.830383484237359,0.692,2.255035206746754,-0.012960187922251953,0.10879651783778377,-0.07900000000000007,-0.17304939533523767,0.034318015915170516,0.16032531630514202,-0.10562424242424251,-0.1851873669513797,0,0,0,0,0,0,0,0
-0.8312933640787569,0.7020799953774379,0.776,2.4305280630347834,-0.058962051391601565,0.3359666442871094,-0.8325663932502576,0.830383484237359,0.692,2.255035206746754,-0.0012730291715007391,0.12830348885992104,-0.08400000000000007,-0.17549285628802958,0.06229434022598693,0.16918928070300737,-0.094123076923077,-0.1867703683778384,0,0,0,0,0,0,0,0
-0.8461520430616517,0.6840258240323516,0.78,2.4325875515521367,-0.007874243259429932,0.35064657592773435,-0.8325663932502576,0.830383484237359,0.692,2.255035206746754,0.013585649811394096,0.1463576602050074,-0.08800000000000008,-0.17755234480538284,0.08934104147733501,0.17347978201965011,-0.0926222222222223,-0.18735943298325555,0,0,0,0,0,0,0,0
-0.8642775500475695,0.6717041047561133,0.787,2.4369857812671625,0.08602543640136719,0.31730166625976564,-0.8325663932502576,0.830383484237359,0.692,2.255035206746754,0.031711156797311846,0.15867937948124566,-0.09500000000000008,-0.18195057452040864,0.06319832052605304,0.11152328486512575,-0.09428358208955231,-0.19179735746449622,0,0,0,0,0,0,0,0
-0.8833924235297895,0.6637931295139444,0.806,2.4398481212404333,0.1415814971923828,0.27612698364257815,-0.8325663932502576,0.830383484237359,0.692,2.255035206746754,0.05082603027953192,0.16659035472341455,-0.1140000000000001,-0.18481291449367943,0.129947479495657,0.12655832321731836,-0.19510625000000018,-0.19823013311838625,0,0,0,0,0,0,0,0
-0.9052039408816679,0.6610477912382372,0.817,2.4414014642747084,0.22328361511230468,0.24265663146972657,-0.8325663932502576,0.830383484237359,0.692,2.255035206746754,0.07263754763141028,0.16933569299912177,-0.125,-0.18636625752795455,0.1614668241953351,0.10041978742574986,-0.16311475409836007,-0.19400564949979943,0,0,0,0,0,0,0,0
-0.9273574950024465,0.6633322473984887,0.83,2.4405986128187904,0.276198974609375,0.1879197540283203,-0.8325663932502576,0.830383484237359,0.692,2.255035206746754,0.09479110175218886,0.16705123683887024,-0.138,-0.18556340607203659,0.16312307240254964,0.07159189220916597,-0.1783104477611941,-0.18196854880673227,0,0,0,0,0,0,0,0
-0.9494175899326137,0.6703321366543084,0.836,2.439568868560114,0.320596923828125,0.13318414306640625,-0.8325663932502576,0.830383484237359,0.692,2.255035206746754,0.1168511966823561,0.16005134758305062,-0.14400000000000002,-0.18453366181336017,0.17721072488823247,0.04233396241403503,-0.14750769230769234,-0.17978099600408443,0,0,0,0,0,0,0,0
-0.9718518343287373,0.6815845021335428,0.838,2.438958003321916,0.36593621826171874,0.08843455505371094,-0.8325663932502576,0.830383484237359,0.692,2.255035206746754,0.13928544107847973,0.14879898210381615,-0.14600000000000002,-0.1839227965751622,0.1904424980568286,0.01380983077910708,-0.1275692307692308,-0.18110341855271,0,0,0,0,0,0,0,0
-0.9946779945380267,0.6973389529064097,0.838,2.4370206878522023,0.4140092163085938,0.040921123504638675,-0.8325663932502576,0.830383484237359,0.692,2.255035206746754,0.16211160128776914,0.1330445313309493,-0.14600000000000002,-0.18198548110544843,0.20396589407851978,-0.01830939234226997,-0.11680000000000001,-0.17304402509138492,0,0,0,0,0,0,0,0
-1.018070310428064,0.7172496660119783,0.834,2.4338616419060926,0.460780029296875,-0.00027548551559448243,-0.8325663932502576,0.830383484237359,0.692,2.255035206746754,0.18550391717780634,0.11313381822538071,-0.14200000000000002,-0.17882643515933871,0.22270926908910987,-0.05404816369602396,-0.09137777777777778,-0.16378335922548293,0,0,0,0,0,0,0,0
-1.0394471310941618,0.7411664940820821,0.831,2.432255938994258,0.4768731384277344,-0.06413433837890625,-0.8325663932502576,0.830383484237359,0.692,2.255035206746754,0.20688073784390415,0.08921699015527684,-0.139,-0.17722073224750412,0.21680229669671314,-0.08222316893048814,-0.09529090909090909,-0.16992208264825598,0,0,0,0,0,0,0,0
-1.0566738906967554,0.7713866140883109,0.829,2.4233722131016067,0.49132278442382815,-0.17565797424316407,-0.8325663932502576,0.830383484237359,0.692,2.255035206746754,0.22410749744649783,0.058996870149048086,-0.137,-0.16833700635485283,0.15738732662481122,-0.05002819652081479,-0.10433684210526317,-0.14829852689774464,0,0,0,0,0,0,0,0
-1.0698297261070813,0.8010495991215192,0.823,2.4205796862984155,0.44138482666015627,-0.20517648315429687,-0.8325663932502576,0.830383484237359,0.692,2.255035206746754,0.23726333285682366,0.029333885115839786,-0.131,-0.16554447955166163,0.19411596796306824,-0.1555305125506523,-0.07037377049180325,-0.1518107411753115,0,0,0,0,0,0,0,0
-1.0785029825450902,0.8292980204584102,0.819,2.4198117414275386,0.37744329833984375,-0.23239247131347657,-0.8325663932502576,0.830383484237359,0.692,2.255035206746754,0.24593658929483264,0.001085463778948803,-0.127,-0.1647765346807848,0.1711530526363551,-0.1563929422043644,-0.07937777777777777,-0.16111965434327605,0,0,0,0,0,0,0,0
-1.0823377114351302,0.85582068271032,0.812,2.419026343264141,0.30603875732421876,-0.26062530517578125,-0.8325663932502576,0.830383484237359,0.692,2.255035206746754,0.24977131818487264,-0.025437198472960998,-0.1200000000000001,-0.16399113651738695,0.14491782493592884,-0.15126981995541228,-0.05943283582089616,-0.16047442832306824,0,0,0,0,0,0,0,0
-1.081353343604693,0.8801761529812907,0.807,2.4188169037539016,0.23052264404296874,-0.28380422973632813,-0.8325663932502576,0.830383484237359,0.692,2.255035206746754,0.24878695035443532,-0.049792668743931734,-0.1150000000000001,-0.16378169700714773,0.11909303301332443,-0.15604117429257752,-0.06507692307692314,-0.16281505311373595,0,0,0,0,0,0,0,0
-1.073197649561167,0.9006990210764656,0.799,2.41923578277438,0.11188040161132813,-0.3117948913574219,-0.8325663932502576,0.830383484237359,0.692,2.255035206746754,0.24063125631090942,-0.07031553683910663,-0.1070000000000001,-0.16420057602762617,0.07706573550039314,-0.14399115983335958,-0.043175757575757624,-0.1661045715752554,0,0,0,0,0,0,0,0
-1.060111742691526,0.9182003959909555,0.793,2.4202829803255765,0.026301319122314454,-0.32673312377929686,-0.8325663932502576,0.830383484237359,0.692,2.255035206746754,0.22754534944126847,-0.08781691175359652,-0.10100000000000009,-0.1652477735788227,0.04220912152728529,-0.13961909994041483,-0.04798750000000005,-0.17015651210005645,0,0,0,0,0,0,0,0
-1.0422358524211959,0.9337898136713849,0.785,2.4207367659310957,-0.04693476104736328,-0.35267129516601564,-0.8325663932502576,0.830383484237359,0.692,2.255035206746754,0.20966945917093827,-0.10340632943402595,-0.09300000000000008,-0.16570155918434182,0.008579935822152648,-0.13564618299624837,-0.03132307692307695,-0.16779595428673774,0,0,0,0,0,0,0,0
-1.0195361914565584,0.9467288897780632,0.777,2.4213999910468527,-0.1276915054321289,-0.3705416259765625,-0.8325663932502576,0.830383484237359,0.692,2.255035206746754,0.18696979820630077,-0.11634540554070427,-0.08500000000000008,-0.16636478430009882,-0.03065387179721088,-0.12893327522874923,-0.02425000000000002,-0.16947365203020978,0,0,0,0,0,0,0,0
-0.9906005022165378,0.952391577286688,0.762,2.4205796862984155,-0.27023446655273436,-0.35010693359375,-0.8325663932502576,0.830383484237359,0.692,2.255035206746754,0.15803410896628023,-0.12200809304932902,-0.07000000000000006,-0.16554447955166163,0.0022936360436917047,-0.07601874825207863,-0.01622727272727275,-0.16368015057794072,0,0,0,0,0,0,0,0
-0.961438220246204,0.9540554257076507,0.756,2.4200560875228176,-0.31209747314453123,-0.30751708984375,-0.8325663932502576,0.830383484237359,0.692,2.255035206746754,0.12887182699594635,-0.1236719414702917,-0.06400000000000006,-0.1650208807760638,-0.10018987181842776,-0.0712286634341287,-0.017329032258064543,-0.16248733831349368,0,0,0,0,0,0,0,0
-0.9328133943269324,0.9535073958289251,0.75,2.4187994504613815,-0.32779913330078125,-0.2774454040527344,-0.8325663932502576,0.830383484237359,0.692,2.255035206746754,0.10024700107667484,-0.1231239115915661,-0.05800000000000005,-0.1637642437146276,-0.10167481873052664,-0.05865573674193519,-0.014581818181818203,-0.1580522570717358,0,0,0,0,0,0,0,0
-0.904191358097153,0.9496903015369752,0.746,2.418520197781062,-0.3598552551269531,-0.24105436706542968,-0.8325663932502576,0.830383484237359,0.692,2.255035206746754,0.0716249648468954,-0.11930681729961623,-0.05400000000000005,-0.16348499103430836,-0.11830617419844155,-0.03909982400084726,-0.02166153846153849,-0.16219613250975795,0,0,0,0,0,0,0,0
-0.8746103756785786,0.9428598475352082,0.744,2.4191136097267405,-0.4004815673828125,-0.21678256225585937,-0.8325663932502576,0.830383484237359,0.692,2.255035206746754,0.04204398242832097,-0.11247636329784927,-0.052000000000000046,-0.16407840297998666,-0.12688292087871164,-0.022085911640089835,-0.03160000000000003,-0.16662159703289367,0,0,0,0,0,0,0,0
-0.8452557348219292,0.9324003970227737,0.742,2.4183805714409026,-0.43405813598632814,-0.17346446228027343,-0.8325663932502576,0.830383484237359,0.692,2.255035206746754,0.012689341571671564,-0.10201691278541469,-0.050000000000000044,-0.16334536469414873,-0.16489073421128575,0.010005004929827678,-0.028333333333333356,-0.1596801732649591,0,0,0,0,0,0,0,0
-0.8178158968928525,0.9176773023928697,0.741,2.417490453522386,-0.4547233581542969,-0.10682868194580078,-0.8325663932502576,0.830383484237359,0.692,2.255035206746754,-0.014750496357405107,-0.08729381815551074,-0.049000000000000044,-0.16245524677563195,-0.15743686185334058,0.03687001467953188,-0.03373125000000003,-0.1582828190325845,0,0,0,0,0,0,0,0
-0.7918998380534386,0.9000129557460728,0.74,2.4157451242703916,-0.46673333740234374,-0.05904254913330078,-0.8325663932502576,0.830383484237359,0.692,2.255035206746754,-0.040666555196819054,-0.06962947150871379,-0.04800000000000004,-0.16070991752363772,-0.15988128673371538,0.06030097695916513,-0.03301538461538465,-0.15265455174520287,0,0,0,0,0,0,0,0
-0.7681371780330467,0.8800647232762963,0.739,2.414697926719195,-0.4652100830078125,-0.012793607711791992,-0.8325663932502576,0.830383484237359,0.692,2.255035206746754,-0.0644292152172109,-0.049681239038937286,-0.04700000000000004,-0.1596627199724412,-0.15274983959610028,0.07634606692142666,-0.03252753623188409,-0.15510968714115192,0,0,0,0,0,0,0,0
-0.7493135989069926,0.8603134939158815,0.737,2.412900237589641,-0.4078723449707031,0.03374527359008789,-0.8325663932502576,0.830383484237359,0.692,2.255035206746754,-0.08325279434326505,-0.02993000967852255,-0.04500000000000004,-0.15786503084288706,-0.1514306087402817,0.10025049976315802,-0.024333333333333353,-0.14887658519511637,0,0,0,0,0,0,0,0
-0.7354747090168248,0.8412570375390369,0.736,2.412306825643963,-0.3452105712890625,0.07502617645263672,-0.8325663932502576,0.830383484237359,0.692,2.255035206746754,-0.09709168423343284,-0.01087355330167794,-0.04400000000000004,-0.1572716188972092,-0.11977542243375652,0.09264792528880239,-0.030052941176470616,-0.15465362501921864,0,0,0,0,0,0,0,0
-0.7262075301219617,0.8228143124772528,0.737,2.413476196242799,-0.28798727416992187,0.11365139770507812,-0.8325663932502576,0.830383484237359,0.692,2.255035206746754,-0.1063588631282959,0.007569171760106186,-0.04500000000000004,-0.15844098949604524,-0.10232356206720962,0.10158691575315071,-0.04130303030303034,-0.16375631039984542,0,0,0,0,0,0,0,0
-0.723284790226547,0.8046527768400558,0.74,2.416547975726309,-0.21401223754882812,0.17416978454589843,-0.8325663932502576,0.830383484237359,0.692,2.255035206746754,-0.1092816030237106,0.02573070739730321,-0.04800000000000004,-0.16151276897955524,-0.07062453531490441,0.11218625171457282,-0.054806250000000056,-0.1759117353085084,0,0,0,0,0,0,0,0
-0.7287548236022866,0.7873751817424122,0.745,2.4197244749649385,-0.1104571304321289,0.24838970947265626,-0.8325663932502576,0.830383484237359,0.692,2.255035206746754,-0.103811569647971,0.043008302494946804,-0.05300000000000005,-0.16468926821818464,-0.021991539800409615,0.11599099943771181,-0.06974375000000006,-0.17957910839925992,0,0,0,0,0,0,0,0
-0.740796634573676,0.7716559327298577,0.75,2.4226915346933287,-0.02023257827758789,0.29633282470703126,-0.8325663932502576,0.830383484237359,0.692,2.255035206746754,-0.09176975867658166,0.05872755150750131,-0.05800000000000005,-0.1676563279465748,0.018955641276882554,0.11400588582135182,-0.07332307692307699,-0.18135044976991407,0,0,0,0,0,0,0,0
-0.7577042755772432,0.7570347261099776,0.755,2.4255364213740793,0.04641885375976563,0.3320633850097656,-0.8325663932502576,0.830383484237359,0.692,2.255035206746754,-0.07486211767301443,0.0733487581273814,-0.06300000000000006,-0.17050121462732548,0.05361008502885478,0.11540395317073732,-0.077323076923077,-0.1836314608461747,0,0,0,0,0,0,0,0
-0.7799458202909271,0.7431932202821974,0.758,2.4280671487894714,0.11539893341064453,0.37562567138671876,-0.8325663932502576,0.830383484237359,0.692,2.255035206746754,-0.052620572959330536,0.0871902639551616,-0.06600000000000006,-0.17303194204271755,0.1013051340086849,0.12301360803861479,-0.07001311475409842,-0.18547814244628508,0,0,0,0,0,0,0,0
-0.8060133314428574,0.730366339091245,0.758,2.429445958898547,0.1697001495361328,0.40138729858398436,-0.8325663932502576,0.830383484237359,0.692,2.255035206746754,-0.026553061807400247,0.10001714514611393,-0.06600000000000006,-0.17441075215179325,0.1228970348153387,0.11701466834668849,-0.05280000000000005,-0.18058452875959488,0,0,0,0,0,0,0,0
-0.8361858774376644,0.7221657116747136,0.759,2.429463412191067,0.26220977783203125,0.3888616943359375,-0.8325663932502576,0.830383484237359,0.692,2.255035206746754,0.003619484187406763,0.10821777256264542,-0.06700000000000006,-0.17442820544431337,0.1642772974503565,0.09826611083187689,-0.05898461538461544,-0.17450875910209854,0,0,0,0,0,0,0,0
-0.8688372743622191,0.7163824124333461,0.758,2.4286780140276694,0.3140568237304687,0.38570632934570315,-0.8325663932502576,0.830383484237359,0.692,2.255035206746754,0.03627088111196153,0.11400107180401287,-0.06600000000000006,-0.17364280728091552,0.19953209013684056,0.08912997613182558,-0.04724444444444449,-0.1699028160266401,0,0,0,0,0,0,0,0
-0.901838493726442,0.713577050373556,0.757,2.428171868544591,0.3469385986328125,0.35559454345703123,-0.8325663932502576,0.830383484237359,0.692,2.255035206746754,0.06927210047618437,0.11680643386380296,-0.06500000000000006,-0.17313666179783738,0.21233492373775362,0.07350901263846353,-0.046615384615384656,-0.17080060572209207,0,0,0,0,0,0,0,0
-0.9349321899446402,0.7148669642655208,0.758,2.427019951238275,0.3880081481933594,0.3102296142578125,-0.8325663932502576,0.830383484237359,0.692,2.255035206746754,0.10236579669438262,0.1155165199718382,-0.06600000000000006,-0.171984744491521,0.22151809947027049,0.05111899730668874,-0.05794705882352946,-0.1669027563754194,0,0,0,0,0,0,0,0
-0.9679179727576168,0.7202768809587432,0.757,2.424157611265004,0.426925048828125,0.26293353271484377,-0.8325663932502576,0.830383484237359,0.692,2.255035206746754,0.1353515795073592,0.11010660327861577,-0.06500000000000006,-0.16912240451825022,0.2349949779354449,0.02761169522441146,-0.0469275362318841,-0.15667744811272505,0,0,0,0,0,0,0,0
-0.998968153803458,0.7309409945784415,0.758,2.4202480737405363,0.456109619140625,0.1856807861328125,-0.8325663932502576,0.830383484237359,0.692,2.255035206746754,0.16640176055320044,0.09944248965891744,-0.06600000000000006,-0.16521286699378246,0.2673968695315906,-0.013540446134853362,-0.05873220338983056,-0.14533386263208195,0,0,0,0,0,0,0,0
-1.0261112616889119,0.7460988253836378,0.762,2.417438093644826,0.45588623046875,0.09814314270019531,-0.8325663932502576,0.830383484237359,0.692,2.255035206746754,0.19354486843865426,0.08428465885372116,-0.07000000000000006,-0.16240288689807203,0.23647960715916294,-0.035875917364590865,-0.0765882352941177,-0.15000591588758483,0,0,0,0,0,0,0,0
-1.0477594237897565,0.7632161192211444,0.762,2.4153611518349525,0.41334024047851564,0.022801239013671874,-0.8325663932502576,0.830383484237359,0.692,2.255035206746754,0.2151930305394989,0.06716736501621456,-0.07000000000000006,-0.16032594508819864,0.22598490175874353,-0.06002651816575692,-0.05600000000000005,-0.15059028035441713,0,0,0,0,0,0,0,0
-1.062856569758069,0.7811400572826668,0.766,2.413877621970758,0.34785568237304687,-0.05064072418212891,-0.8325663932502576,0.830383484237359,0.692,2.255035206746754,0.23029017650781136,0.04924342695469219,-0.07400000000000007,-0.158842415224004,0.20037091226857282,-0.07656180783769953,-0.0817806451612904,-0.15166404491338475,0,0,0,0,0,0,0,0
-1.0721100959101193,0.8008223210654108,0.765,2.413772902215638,0.30002294921875,-0.12812322998046874,-0.8325663932502576,0.830383484237359,0.692,2.255035206746754,0.2395437026598617,0.029561163171948124,-0.07300000000000006,-0.15873769546888417,0.16959853061020183,-0.09120083878264784,-0.053015384615384666,-0.15825437352217725,0,0,0,0,0,0,0,0
-1.0744594198322686,0.8211952702386103,0.759,2.413807808800678,0.22960556030273438,-0.20472169494628906,-0.8325663932502576,0.830383484237359,0.692,2.255035206746754,0.24189302658201095,0.009188213998748695,-0.06700000000000006,-0.15877260205392396,0.13359671902565534,-0.10510638854862257,-0.02129230769230772,-0.15893370936949225,0,0,0,0,0,0,0,0
-1.0688784384838872,0.8404604739939151,0.753,2.413563462705399,0.12972763061523437,-0.27145388793945313,-0.8325663932502576,0.830383484237359,0.692,2.255035206746754,0.2363120452336296,-0.010076989756556132,-0.061000000000000054,-0.15852825595864495,0.08855990940570149,-0.10720245418671275,-0.016981818181818202,-0.15741759188919488,0,0,0,0,0,0,0,0
-1.0573718943409918,0.8584025603556179,0.748,2.412830424419561,0.05023757171630859,-0.3157498474121094,-0.8325663932502576,0.830383484237359,0.692,2.255035206746754,0.22480550109073416,-0.028019076118258934,-0.05600000000000005,-0.15779521767280702,0.049476337263907724,-0.11213032284969167,-0.01745625000000002,-0.15435910070794173,0,0,0,0,0,0,0,0
-1.0410099919020355,0.8752116899982401,0.742,2.4122370124738826,-0.015179723739624023,-0.35153631591796874,-0.8325663932502576,0.830383484237359,0.692,2.255035206746754,0.20844359865177786,-0.04482820576088109,-0.050000000000000044,-0.15720180572712872,0.016119247731508857,-0.1129248009560983,-0.007692307692307707,-0.15446298136245964,0,0,0,0,0,0,0,0
-1.020283680847821,0.8902921470837459,0.738,2.411364347847886,-0.08106245422363281,-0.3758376159667969,-0.8325663932502576,0.830383484237359,0.692,2.255035206746754,0.18771728759756345,-0.05990866284638696,-0.04600000000000004,-0.15632914110113205,-0.019488369778953296,-0.11242558110955371,-0.014925000000000015,-0.15223852566677268,0,0,0,0,0,0,0,0
-0.9967877287945953,0.9039310643938496,0.735,2.4099331778612507,-0.1261095657348633,-0.3875104370117187,-0.8325663932502576,0.830383484237359,0.692,2.255035206746754,0.1642213355443377,-0.07354758015649066,-0.04300000000000004,-0.15489797111449688,-0.0424890779646343,-0.10910138187424975,-0.018490909090909113,-0.1483926529934279,0,0,0,0,0,0,0,0
-0.9684827660164689,0.9148120544176157,0.729,2.4089907000651736,-0.20686700439453126,-0.40510317993164063,-0.8325663932502576,0.830383484237359,0.692,2.255035206746754,0.13591637276621127,-0.08442857018025673,-0.03700000000000003,-0.15395549331841973,-0.0844531516529598,-0.10080423137194572,0.0027076923076923,-0.14960559579806368,0,0,0,0,0,0,0,0
-0.9393589875351182,0.9227374860785152,0.725,2.407629343248618,-0.24526661682128906,-0.3805533447265625,-0.8325663932502576,0.830383484237359,0.692,2.255035206746754,0.10679259428486054,-0.09235400184115627,-0.03300000000000003,-0.15259413650186415,-0.10587436642745651,-0.0895192053161225,-0.004525000000000005,-0.14621277642425987,0,0,0,0,0,0,0,0
-0.9110292265942891,0.9277103889910664,0.721,2.4055000415611847,-0.26556948852539064,-0.3400242614746094,-0.8325663932502576,0.830383484237359,0.692,2.255035206746754,0.07846283334403148,-0.09732690475370742,-0.029000000000000026,-0.15046483481443085,-0.11569696347314318,-0.07585901517986779,-0.0013250000000000033,-0.14048373315458723,0,0,0,0,0,0,0,0
-0.8829929103749574,0.9305641657360402,0.718,2.4042783110847887,-0.2829244384765625,-0.31407650756835936,-0.8325663932502576,0.830383484237359,0.692,2.255035206746754,0.05042651712469981,-0.1001806814986812,-0.026000000000000023,-0.1492431043380349,-0.12124510974759162,-0.06499812971562154,-0.005128358208955231,-0.14377266936909777,0,0,0,0,0,0,0,0
-0.855395618920646,0.9315845985308179,0.717,2.4030391273158727,-0.2961539306640625,-0.2896368408203125,-0.8325663932502576,0.830383484237359,0.692,2.255035206746754,0.022829225670388364,-0.1012011142934589,-0.025000000000000022,-0.14800392056911882,-0.14190367302209161,-0.056269628228827806,-0.014444444444444458,-0.14210304547904226,0,0,0,0,0,0,0,0
-0.8287783956428658,0.929795643524558,0.72,2.401974476472156,-0.3132942199707031,-0.24894586181640624,-0.8325663932502576,0.830383484237359,0.692,2.255035206746754,-0.003787997607391791,-0.09941215928719904,-0.028000000000000025,-0.14693926972540217,-0.1430459404282876,-0.04021919703464571,-0.038309090909090945,-0.14209994770850828,0,0,0,0,0,0,0,0
-0.8045973609910814,0.9249655666138962,0.724,2.401712677084357,-0.3167798767089844,-0.1909508514404297,-0.8325663932502576,0.830383484237359,0.692,2.255035206746754,-0.02796903225917624,-0.0945820823765372,-0.03200000000000003,-0.14667747033760303,-0.14419008733150437,-0.02128293474624331,-0.04713846153846158,-0.1454691654708378,0,0,0,0,0,0,0,0
-0.7827618955164704,0.9169139765608563,0.726,2.402096649519796,-0.32332421875,-0.13162435913085938,-0.8325663932502576,0.830383484237359,0.692,2.255035206746754,-0.049804497733787256,-0.0865304923234973,-0.03400000000000003,-0.14706144277304212,-0.14431495068117262,0.0007668869408133105,-0.03813750000000003,-0.14886131356416282,0,0,0,0,0,0,0,0
-0.7628936979495189,0.9042051396468501,0.732,2.400508399900481,-0.348652099609375,-0.06000142288208008,-0.8325663932502576,0.830383484237359,0.692,2.255035206746754,-0.06967269530073872,-0.07382165540949115,-0.040000000000000036,-0.1454731931537272,-0.14181894993395416,0.031521371062979836,-0.06430769230769236,-0.13814281029535064,0,0,0,0,0,0,0,0
-0.7450825833840187,0.8877349665973164,0.737,2.3975238868795707,-0.3638810729980469,0.001898747444152832,-0.8325663932502576,0.830383484237359,0.692,2.255035206746754,-0.08748380986623894,-0.05735148235995746,-0.04500000000000004,-0.1424886801328169,-0.13964790643965908,0.060009806009818034,-0.06292307692307697,-0.12871400465169247,0,0,0,0,0,0,0,0
-0.7300926871395299,0.8682853892029707,0.744,2.3938237888653426,-0.36301943969726563,0.06235441207885742,-0.8325663932502576,0.830383484237359,0.692,2.255035206746754,-0.1024737061107277,-0.037901904965611743,-0.052000000000000046,-0.1387885821185888,-0.13072872707916788,0.08419074582054263,-0.07872121212121219,-0.12196995478118833,0,0,0,0,0,0,0,0
-0.7180378373397347,0.8459821623861528,0.749,2.390629836334193,-0.36007510375976565,0.1223332290649414,-0.8325663932502576,0.830383484237359,0.692,2.255035206746754,-0.11452855591052291,-0.015598678148793788,-0.05700000000000005,-0.13559462958743929,-0.1231892377978915,0.11417143258007628,-0.07294375000000006,-0.12062297709767594,0,0,0,0,0,0,0,0
-0.7101207888665847,0.8203531057279992,0.753,2.3868599251498854,-0.34913134765625,0.20000286865234376,-0.8325663932502576,0.830383484237359,0.692,2.255035206746754,-0.12244560438367291,0.010030378509359728,-0.061000000000000054,-0.1318247184031316,-0.10451916102937553,0.14517409285395688,-0.07067500000000007,-0.11415325972668927,0,0,0,0,0,0,0,0
-0.7054976390826129,0.7930154593159999,0.726,2.385638194673489,-0.33144918823242187,0.25120416259765627,-0.8325663932502576,0.830383484237359,0.692,2.255035206746754,-0.12706875416764474,0.037368024921359044,-0.03400000000000003,-0.1306029879267352,-0.08805108048367295,0.1636563797970395,0.11598181818181827,-0.12504966757947883,0,0,0,0,0,0,0,0
-0.7055565186853693,0.7640971633850333,0.746,2.3837357857888155,-0.29691946411132814,0.31622756958007814,-0.8325663932502576,0.830383484237359,0.692,2.255035206746754,-0.12700987456488833,0.06628632085232566,-0.05400000000000005,-0.12870057904206167,-0.06318789326760195,0.18885706159290616,-0.15089230769230783,-0.11992023034356848,0,0,0,0,0,0,0,0
-0.7109095507857792,0.7342514357547203,0.754,2.3818159236116214,-0.24940480041503907,0.3803515319824219,-0.8325663932502576,0.830383484237359,0.692,2.255035206746754,-0.12165684246447839,0.09613204848263868,-0.062000000000000055,-0.12678071686486758,-0.03155402693312235,0.21128484721959362,-0.09335000000000009,-0.1177813629092703,0,0,0,0,0,0,0,0
-0.7221758595703508,0.7045476075468697,0.765,2.3812050583734234,-0.18436256408691407,0.4394212646484375,-0.8325663932502576,0.830383484237359,0.692,2.255035206746754,-0.11039053367990681,0.12583587669048923,-0.07300000000000006,-0.1261698516266696,0.005469472769278151,0.22286162869520915,-0.11763076923076934,-0.1233504736042174,0,0,0,0,0,0,0,0
-0.737814186564283,0.6741874325142663,0.771,2.382095176291941,-0.14389886474609376,0.49164016723632814,-0.8325663932502576,0.830383484237359,0.692,2.255035206746754,-0.09475220668597462,0.1561960517230927,-0.07900000000000007,-0.12705996954518728,0.038145997405079374,0.24413023307109655,-0.09601250000000008,-0.13123239728823888,0,0,0,0,0,0,0,0
-0.7570913857278214,0.645597388500526,0.777,2.385097142605371,-0.0855959701538086,0.5100966186523438,-0.8325663932502576,0.830383484237359,0.692,2.255035206746754,-0.07547500752243619,0.18478609573683302,-0.08500000000000008,-0.13006193585861725,0.0644900675605766,0.24400691763825155,-0.0998181818181819,-0.14370723728329893,0,0,0,0,0,0,0,0
-0.7791379161925074,0.6191615697015369,0.776,2.3879420292861218,-0.03167536163330078,0.5153635864257813,-0.8325663932502576,0.830383484237359,0.692,2.255035206746754,-0.05342847705775022,0.21122191453582206,-0.08400000000000007,-0.13290682253936792,0.09385272494987625,0.2501818413248823,-0.06173125000000006,-0.14624222885538668,0,0,0,0,0,0,0,0
-0.8024302551811042,0.5955823420196725,0.779,2.3922355392460277,0.012739194869995116,0.4969941101074219,-0.8325663932502576,0.830383484237359,0.692,2.255035206746754,-0.030136138069153384,0.23480114221768644,-0.08700000000000008,-0.13720033249927388,0.11035221782709859,0.24436564324195909,-0.08575384615384624,-0.15701653231422447,0,0,0,0,0,0,0,0
-0.8244512890391639,0.5767281107963055,0.775,2.3959879971378157,0.0491893310546875,0.4320557861328125,-0.8325663932502576,0.830383484237359,0.692,2.255035206746754,-0.008115104211093738,0.2536553734410535,-0.08300000000000007,-0.1409527903910619,0.11451724559169736,0.22835047023096466,-0.0448615384615385,-0.15827182681469892,0,0,0,0,0,0,0,0
-0.8454686047106105,0.5626224645216776,0.775,2.3988154305260467,0.08807186126708984,0.3693238830566406,-0.8325663932502576,0.830383484237359,0.692,2.255035206746754,0.012902211460352864,0.26776101971568134,-0.08300000000000007,-0.1437802237792929,0.11962126703796581,0.20983398979814447,-0.06640000000000006,-0.156829916340359,0,0,0,0,0,0,0,0
-0.8651653062541134,0.5531797719375007,0.778,2.4022362758599556,0.12183028411865235,0.3041552124023438,-0.8325663932502576,0.830383484237359,0.692,2.255035206746754,0.032598913003855756,0.2772037122998583,-0.08600000000000008,-0.14720106911320174,0.12235861865925113,0.189447123910882,-0.08495384615384624,-0.1629895860389349,0,0,0,0,0,0,0,0
-0.880770349892066,0.5576015819990797,0.779,2.411538880773085,0.217651123046875,0.10871380615234374,-0.8325663932502576,0.830383484237359,0.692,2.255035206746754,0.04820395664180843,0.27278190223827925,-0.08700000000000008,-0.15650367402633103,0.06547898796699085,0.12466645474374065,-0.07225151515151522,-0.17764595791980667,0,0,0,0,0,0,0,0
-0.8940741854559954,0.568237327550842,0.778,2.414593206964075,0.25509423828125,0.014210296630859374,-0.8325663932502576,0.830383484237359,0.692,2.255035206746754,0.061507792205737766,0.262146156686517,-0.08600000000000008,-0.15955800021732136,0.10466409368025406,0.0719856030556903,-0.0632444444444445,-0.17410241065060866,0,0,0,0,0,0,0,0
-0.9049113769304088,0.5841444046033856,0.778,2.4169843080393076,0.28004367065429686,-0.0702388916015625,-0.8325663932502576,0.830383484237359,0.692,2.255035206746754,0.07234498368015119,0.2462390796339734,-0.08600000000000008,-0.1619491012925538,0.09637911114237238,0.03474688952507797,-0.06880000000000007,-0.17333529688889873,0,0,0,0,0,0,0,0
-0.9136456211202316,0.6038029198650638,0.779,2.4194801288696595,0.2935550842285156,-0.13395098876953124,-0.8325663932502576,0.830383484237359,0.692,2.255035206746754,0.08107922786997401,0.22658056437229512,-0.08700000000000008,-0.16444492212290562,0.08685757554768381,0.009040580040883983,-0.07490303030303037,-0.17578956226086845,0,0,0,0,0,0,0,0
-0.9195085899829231,0.6271545633803423,0.781,2.421190551536614,0.29751608276367186,-0.20472116088867187,-0.8325663932502576,0.830383484237359,0.692,2.255035206746754,0.08694219673266546,0.20322892085701671,-0.08900000000000008,-0.16615534478986005,0.07504093070390203,-0.024125158499913812,-0.08196923076923085,-0.17404960325272661,0,0,0,0,0,0,0,0
-0.9233736019479901,0.653024747210464,0.783,2.422080669455131,0.29956402587890624,-0.25339190673828127,-0.8325663932502576,0.830383484237359,0.692,2.255035206746754,0.09080720869773251,0.17735873702689497,-0.09100000000000008,-0.16704546270837728,0.06621520723768887,-0.05062162134105419,-0.08356923076923085,-0.17115369925537988,0,0,0,0,0,0,0,0
-0.926773670596557,0.6811743138631821,0.785,2.4233198532240467,0.31662521362304685,-0.2839703369140625,-0.8325663932502576,0.830383484237359,0.692,2.255035206746754,0.09420727734629941,0.1492091703741769,-0.09300000000000008,-0.1682846464772929,0.06541170062697148,-0.0769700044813934,-0.08516923076923084,-0.17400395617998043,0,0,0,0,0,0,0,0
-0.9311373301438937,0.7106794043497366,0.784,2.4241401579724844,0.34053677368164065,-0.29016009521484376,-0.8325663932502576,0.830383484237359,0.692,2.255035206746754,0.09857093689363605,0.11970407988762233,-0.09200000000000008,-0.16910495122573055,0.0727820967786307,-0.09902152421455968,-0.06821538461538468,-0.17289097314159657,0,0,0,0,0,0,0,0
-0.9356660395641172,0.7413230006340397,0.785,2.4226391748157687,0.35339202880859377,-0.30167929077148437,-0.8325663932502576,0.830383484237359,0.692,2.255035206746754,0.1030996463138596,0.08906048360331931,-0.09300000000000008,-0.1676039680690149,0.0763162027987773,-0.12305192537812248,-0.07978461538461545,-0.16067635349955806,0,0,0,0,0,0,0,0
-0.9408131441806186,0.7731605696101228,0.778,2.420632046175976,0.3726197509765625,-0.30851629638671874,-0.8325663932502576,0.830383484237359,0.692,2.255035206746754,0.10824675093036096,0.057222914627236166,-0.08600000000000008,-0.165596839429222,0.08183855416941858,-0.14282160640375266,-0.03051875000000004,-0.15618842393019272,0,0,0,0,0,0,0,0
-0.9446257073543304,0.8028948821858127,0.774,2.4180664121755435,0.33737557983398436,-0.29728326416015627,-0.8325663932502576,0.830383484237359,0.692,2.255035206746754,0.11205931410407277,0.02748860205154624,-0.08200000000000007,-0.16303120542878968,0.07624779509444751,-0.14393765960288557,-0.04438787878787884,-0.15136923269955194,0,0,0,0,0,0,0,0
-0.947122156339896,0.8310134811160667,0.767,2.4145408470865153,0.30729644775390624,-0.291322265625,-0.8325663932502576,0.830383484237359,0.692,2.255035206746754,0.11455576308963844,-0.0006299968787076837,-0.07500000000000007,-0.15950564033976145,0.07072029915940359,-0.15172283883302878,-0.022307692307692334,-0.14323380146732342,0,0,0,0,0,0,0,0
-0.9472434477303755,0.8566679501032627,0.762,2.412167199303803,0.25713558959960936,-0.2863018493652344,-0.8325663932502576,0.830383484237359,0.692,2.255035206746754,0.11467705448011789,-0.026284465865903717,-0.07000000000000006,-0.15713199255704913,0.05800183953174344,-0.15344011020668016,-0.02865625000000003,-0.14600551857558514,0,0,0,0,0,0,0,0
-0.9435088490074653,0.8787357009247524,0.76,2.411015281997487,0.1788375701904297,-0.284125,-0.8325663932502576,0.830383484237359,0.692,2.255035206746754,0.11094245575720774,-0.04835221668739342,-0.06800000000000006,-0.1559800752507332,0.03536185013985689,-0.14300245892094898,-0.04363076923076928,-0.15066353383696743,0,0,0,0,0,0,0,0
-0.9364045341512067,0.8974253387380542,0.756,2.409636471888411,0.10770560455322266,-0.2799082336425781,-0.8325663932502576,0.830383484237359,0.692,2.255035206746754,0.10383814090094912,-0.06704185450069522,-0.06400000000000006,-0.15460126514165706,0.01306734858031023,-0.1357298840418418,-0.02932500000000003,-0.14813809275536263,0,0,0,0,0,0,0,0
-0.9258474860098931,0.9146180603453202,0.751,2.4078736893438966,0.054559329986572265,-0.29767010498046875,-0.8325663932502576,0.830383484237359,0.692,2.255035206746754,0.09328109275963548,-0.08423457610796126,-0.05900000000000005,-0.15283848259714272,-0.0076972014063554015,-0.13060923750314404,-0.02146470588235297,-0.14506150078310887,0,0,0,0,0,0,0,0
-0.9118758061221583,0.9306459717937616,0.744,2.406093453506863,0.005343833923339844,-0.3188955078125,-0.8325663932502576,0.830383484237359,0.692,2.255035206746754,0.07930941287190074,-0.10026248755640266,-0.052000000000000046,-0.15105824676010915,-0.03796573738479815,-0.13917519626954244,-0.0027111111111111225,-0.14258093325042548,0,0,0,0,0,0,0,0
-0.8949495715448205,0.945165149273631,0.735,2.4051858822958256,-0.042134761810302734,-0.3318403930664062,-0.8325663932502576,0.830383484237359,0.692,2.255035206746754,0.06238317829456286,-0.11478166503627207,-0.04300000000000004,-0.1501506755490718,-0.06284304739348459,-0.13805292962852167,0.01560000000000001,-0.14582890787746536,0,0,0,0,0,0,0,0
-0.8762116185017808,0.9573530054593892,0.725,2.4043132176698285,-0.08545452880859375,-0.32422189331054685,-0.8325663932502576,0.830383484237359,0.692,2.255035206746754,0.043645225251523145,-0.1269695212220302,-0.03300000000000003,-0.1492780109230747,-0.0775453201782369,-0.12811733129306577,0.026630303030303042,-0.14531135353217872,0,0,0,0,0,0,0,0
-0.856903322926503,0.9673468561909511,0.718,2.40377216560171,-0.11362960052490234,-0.30568441772460936,-0.8325663932502576,0.830383484237359,0.692,2.255035206746754,0.024336929676245345,-0.1369633719535921,-0.026000000000000023,-0.1487369588549563,-0.09179928056721932,-0.12229472837751393,0.0168923076923077,-0.1462397954636407,0,0,0,0,0,0,0,0
-0.8370604078735453,0.9745125029929117,0.711,2.4043481242548683,-0.14793496704101564,-0.2797498779296875,-0.8325663932502576,0.830383484237359,0.692,2.255035206746754,0.00449401462328769,-0.14412901875555273,-0.019000000000000017,-0.14931291750811448,-0.10141001162171703,-0.10949699267160057,0.021367164179104496,-0.1518918368506138,0,0,0,0,0,0,0,0
-0.8162728156844076,0.9779876623443478,0.705,2.4051858822958256,-0.19580055236816407,-0.24820819091796875,-0.8325663932502576,0.830383484237359,0.692,2.255035206746754,-0.016293577565850037,-0.14760417810698878,-0.013000000000000012,-0.1501506755490718,-0.12549609952805735,-0.09341992410192372,0.023470967741935498,-0.15420434348918785,0,0,0,0,0,0,0,0
-0.795230105426075,0.978577932313177,0.704,2.406041093629303,-0.2279073028564453,-0.21855360412597657,-0.8325663932502576,0.830383484237359,0.692,2.255035206746754,-0.037336287824182635,-0.14819444807581805,-0.01200000000000001,-0.15100588688254923,-0.131975045303113,-0.07727560079314356,-0.004215384615384621,-0.15495301611398354,0,0,0,0,0,0,0,0
-0.7747087960152756,0.9768836739340628,0.702,2.4080133156840566,-0.24528880310058593,-0.18770242309570312,-0.8325663932502576,0.830383484237359,0.692,2.255035206746754,-0.05785759723498196,-0.14650018969670386,-0.010000000000000009,-0.1529781089373028,-0.1394281569833335,-0.06412716511466016,0.0027692307692307704,-0.1620806722669346,0,0,0,0,0,0,0,0
-0.7553123277360796,0.9726423911715161,0.703,2.410613856269528,-0.25870556640625,-0.14754324340820313,-0.8325663932502576,0.830383484237359,0.692,2.255035206746754,-0.07725406551417802,-0.1422589069341571,-0.01100000000000001,-0.155578649522774,-0.14148709181343172,-0.048637802453573006,-0.014103030303030315,-0.16739928854764313,0,0,0,0,0,0,0,0
-0.7380476639799095,0.9650922255168248,0.706,2.412167199303803,-0.26841586303710935,-0.0885691146850586,-0.8325663932502576,0.830383484237359,0.692,2.255035206746754,-0.0945187292703481,-0.13470874127946586,-0.014000000000000012,-0.15713199255704913,-0.1402229387068591,-0.02669963249908778,-0.027353846153846173,-0.1643012680998574,0,0,0,0,0,0,0,0
-0.7223901257914036,0.9549708849933918,0.707,2.4128129711270407,-0.27628311157226565,-0.04333186340332031,-0.8325663932502576,0.830383484237359,0.692,2.255035206746754,-0.110176267458854,-0.1245874007560328,-0.015000000000000013,-0.1577777643802869,-0.14071529569781865,-0.0069426193904919,-0.017468750000000016,-0.16080481980171396,0,0,0,0,0,0,0,0
-0.7077569027708762,0.9429361894382257,0.71,2.412184652596323,-0.28396240234375,-0.011511059761047363,-0.8325663932502576,0.830383484237359,0.692,2.255035206746754,-0.12480949047938139,-0.11255270520086669,-0.018000000000000016,-0.15714944584956925,-0.14119902304253046,0.008525854235076527,-0.030553846153846178,-0.1542495141693339,0,0,0,0,0,0,0,0
-0.6936348217356828,0.92922944847305,0.712,2.411399254432926,-0.2949532165527344,0.01211949634552002,-0.8325663932502576,0.830383484237359,0.692,2.255035206746754,-0.1389315715145748,-0.09884596423569103,-0.020000000000000018,-0.1563640476861723,-0.14669591641850138,0.02553575753545885,-0.026937500000000024,-0.15268249379524906,0,0,0,0,0,0,0,0
-0.6807753772113199,0.9155325609954057,0.712,2.4095317521332915,-0.28075323486328124,0.024410655975341797,-0.8325663932502576,0.830383484237359,0.692,2.255035206746754,-0.15179101603893774,-0.08514907675804673,-0.020000000000000018,-0.15449654538653768,-0.14513867084296161,0.03117793265444596,-0.016000000000000014,-0.14587730400360868,0,0,0,0,0,0,0,0
-0.6698818603229175,0.9026804848878794,0.711,2.407821329466337,-0.25039439392089846,0.03417127227783203,-0.8325663932502576,0.830383484237359,0.692,2.255035206746754,-0.1626845329273401,-0.07229700065052047,-0.019000000000000017,-0.15278612271958325,-0.13911091662944003,0.03200644872980324,-0.009896969696969706,-0.14501147423342678,0,0,0,0,0,0,0,0
-0.6620393198541197,0.8915778404709906,0.713,2.407524623493498,-0.19889190673828125,0.044902050018310546,-0.8325663932502576,0.830383484237359,0.692,2.255035206746754,-0.17052707339613793,-0.061194356233631675,-0.02100000000000002,-0.15248941674674432,-0.12815242988680717,0.030120408538044756,-0.027737500000000026,-0.15109860749906184,0,0,0,0,0,0,0,0
-0.6585536705009526,0.8833360941537459,0.713,2.4069835714253798,-0.12163571929931641,0.056761623382568356,-0.8325663932502576,0.830383484237359,0.692,2.255035206746754,-0.17401272274930502,-0.05295260991638695,-0.02100000000000002,-0.15194836467862594,-0.10606850627478501,0.018595745214238603,-0.016800000000000016,-0.149412183109321,0,0,0,0,0,0,0,0
-0.6595225427378725,0.8767909726392432,0.716,2.406529785819861,-0.055022743225097655,0.0825978012084961,-0.8325663932502576,0.830383484237359,0.692,2.255035206746754,-0.17304385051238513,-0.046407488401884245,-0.02400000000000002,-0.15149457907310726,-0.08138396642404168,0.011505233527481312,-0.03510909090909094,-0.14943191722984056,0,0,0,0,0,0,0,0
-0.6638101909228632,0.8715885613022212,0.717,2.4064599726497815,-0.004625764846801758,0.1010179672241211,-0.8325663932502576,0.830383484237359,0.692,2.255035206746754,-0.1687562023273944,-0.041205077064862206,-0.025000000000000022,-0.15142476590302767,-0.06129076478297793,0.007410445589995259,-0.025384615384615408,-0.1511025512718911,0,0,0,0,0,0,0,0
-0.6712410260254961,0.8673334633194641,0.721,2.405726934363944,0.03986891937255859,0.12209906768798828,-0.8325663932502576,0.830383484237359,0.692,2.255035206746754,-0.16132536722476154,-0.03694997908210518,-0.029000000000000026,-0.15069172761719019,-0.040025304144857256,0.004795077552149907,-0.045075000000000046,-0.14725561065232698,0,0,0,0,0,0,0,0
-0.681822028089982,0.8644404736579138,0.723,2.4051509757107863,0.08851962280273437,0.13870057678222655,-0.8325663932502576,0.830383484237359,0.692,2.255035206746754,-0.15074436516027556,-0.034056989420554795,-0.031000000000000028,-0.15011576896403245,-0.02009829119849462,-0.0019158621499395807,-0.03524776119402988,-0.14753684962153513,0,0,0,0,0,0,0,0
-0.6954066764627483,0.8626704158941688,0.727,2.4055349481462245,0.1331324462890625,0.15653370666503907,-0.8325663932502576,0.830383484237359,0.692,2.255035206746754,-0.13715971678750927,-0.03228693165680985,-0.03500000000000003,-0.15049974139947064,0.0034599435830363207,-0.0067567958691514135,-0.04921212121212125,-0.15224507065146245,0,0,0,0,0,0,0,0
-0.7116854506323727,0.8623290950132582,0.729,2.405360415221025,0.1775308380126953,0.16773095703125,-0.8325663932502576,0.830383484237359,0.692,2.255035206746754,-0.12088094261788496,-0.03194561077589919,-0.03700000000000003,-0.15032520847427122,0.03145583448732378,-0.014045993963453957,-0.0408903225806452,-0.14948069432008046,0,0,0,0,0,0,0,0
-0.7313654015901546,0.8641454509670942,0.728,2.405395321806065,0.2370390625,0.17803762817382812,-0.8325663932502576,0.830383484237359,0.692,2.255035206746754,-0.10120099166010299,-0.03376196672973519,-0.03600000000000003,-0.15036011505931102,0.05536847086569756,-0.026661361577830684,-0.023415384615384637,-0.1505212223748793,0,0,0,0,0,0,0,0
-0.7531836538253373,0.8672299871579563,0.728,2.4042434044997485,0.2735866394042969,0.1854702453613281,-0.8325663932502576,0.830383484237359,0.692,2.255035206746754,-0.07938273942492036,-0.036846502920597324,-0.03600000000000003,-0.14920819775299465,0.08152114270522111,-0.03555956363175494,-0.028800000000000027,-0.14372287724672625,0,0,0,0,0,0,0,0
-0.7765954454709453,0.8716734982281364,0.725,2.4027249680505136,0.3047723083496094,0.18676620483398437,-0.8325663932502576,0.830383484237359,0.692,2.255035206746754,-0.05597094777931233,-0.041290013990777474,-0.03300000000000003,-0.14768976130375977,0.09431493022919173,-0.04385737825752385,-0.010728358208955235,-0.1408907921280812,0,0,0,0,0,0,0,0
-0.8013059778871922,0.877300130367134,0.725,2.402707514757994,0.33084103393554687,0.18722933959960938,-0.8325663932502576,0.830383484237359,0.692,2.255035206746754,-0.03126041536306545,-0.046916646129774975,-0.03300000000000003,-0.1476723080112401,0.11155635622562032,-0.052418929662668735,-0.026400000000000024,-0.14759530819130035,0,0,0,0,0,0,0,0
-0.827742888512845,0.8849244553053487,0.727,2.4037198057241502,0.37016098022460936,0.18252391052246095,-0.8325663932502576,0.830383484237359,0.692,2.255035206746754,-0.004823504737412554,-0.05454097106798972,-0.03500000000000003,-0.1486845989773964,0.1492754397456956,-0.07101661222866962,-0.03947540983606561,-0.15366307913882077,0,0,0,0,0,0,0,0
-0.8550361597432413,0.8929438823571642,0.728,2.4042608577922686,0.3838367614746094,0.18640536499023438,-0.8325663932502576,0.830383484237359,0.692,2.255035206746754,0.02246976649298371,-0.06256039811980518,-0.03600000000000003,-0.14922565104551477,0.15819865141016404,-0.07446172933890893,-0.03418461538461542,-0.1517228144368304,0,0,0,0,0,0,0,0
-0.881819827452,0.8998561399966025,0.73,2.404679736812747,0.36711343383789063,0.19335243225097656,-0.8325663932502576,0.830383484237359,0.692,2.255035206746754,0.04925343420174244,-0.06947265575924355,-0.038000000000000034,-0.1496445300659932,0.16666131858671296,-0.07139223960391615,-0.04100606060606064,-0.15154852561362245,0,0,0,0,0,0,0,0
-0.9065656289630267,0.9056159714054802,0.732,2.4056396679013443,0.33294082641601563,0.18545817565917969,-0.8325663932502576,0.830383484237359,0.692,2.255035206746754,0.07399923571276912,-0.07523248716812125,-0.040000000000000036,-0.15060446115459047,0.1723282198698117,-0.06911532160136055,-0.04293750000000004,-0.15510413813239016,0,0,0,0,0,0,0,0
-0.930076056371685,0.9092127763193688,0.732,2.4055000415611847,0.29760357666015624,0.19674725341796875,-0.8325663932502576,0.830383484237359,0.692,2.255035206746754,0.09750966312142739,-0.07882929208200984,-0.040000000000000036,-0.15046483481443085,0.17534944068425823,-0.058782057115789606,-0.03200000000000003,-0.14982040555215564,0,0,0,0,0,0,0,0
-0.9515278276559658,0.9095415636021984,0.715,2.405622214608824,0.241779052734375,0.21238496398925782,-0.8325663932502576,0.830383484237359,0.692,2.255035206746754,0.11896143440570817,-0.07915807936483943,-0.02300000000000002,-0.15058700786207035,0.17865722433774728,-0.04140563569813966,0.07604444444444451,-0.15116878427940134,0,0,0,0,0,0,0,0
-0.9698904816862717,0.9064640799133782,0.728,2.4067392253301003,0.17316134643554687,0.21911912536621095,-0.8325663932502576,0.830383484237359,0.692,2.255035206746754,0.13732408843601407,-0.07608059567601921,-0.03600000000000003,-0.15170401858334648,0.16317570466811093,-0.02220030826319968,-0.09571176470588244,-0.15663200705956468,0,0,0,0,0,0,0,0
-0.9863522559325604,0.8992279268972111,0.737,2.4079784090990164,0.1104267578125,0.24608964538574218,-0.8325663932502576,0.830383484237359,0.692,2.255035206746754,0.15378586268230277,-0.06884444265985212,-0.04500000000000004,-0.15294320235226255,0.16691825925054266,0.005150490477237715,-0.08521875000000007,-0.15875187626905665,0,0,0,0,0,0,0,0
-1.0006396087219176,0.8885813455395192,0.741,2.4081878486092556,0.05225332641601563,0.2621109924316406,-0.8325663932502576,0.830383484237359,0.692,2.255035206746754,0.16807321547166,-0.0581978613021602,-0.049000000000000044,-0.15315264186250177,0.16469101864349173,0.03100273830363235,-0.06178064516129038,-0.15416605884753024,0,0,0,0,0,0,0,0
-1.0112083171348765,0.8763378846752697,0.743,2.4077515162962575,-0.00516480302810669,0.2425557861328125,-0.8325663932502576,0.830383484237359,0.692,2.255035206746754,0.17864192388461886,-0.04595440043791077,-0.051000000000000045,-0.15271630954950366,0.1421645040071038,0.03824010410229177,-0.050800000000000047,-0.15084631392236889,0,0,0,0,0,0,0,0
-1.0183478827896302,0.8639054755726749,0.745,2.4075420767860183,-0.04536639404296875,0.2102093811035156,-0.8325663932502576,0.830383484237359,0.692,2.255035206746754,0.18578148953937257,-0.03352199133531597,-0.05300000000000005,-0.15250687003926444,0.1331947444336185,0.05342195894376427,-0.05369032258064521,-0.15149345305423598,0,0,0,0,0,0,0,0
-1.020920497435609,0.8527110353315117,0.744,2.4065995989899416,-0.08383317565917969,0.15052279663085938,-0.8325663932502576,0.830383484237359,0.692,2.255035206746754,0.18835410418535137,-0.022327551094152742,-0.052000000000000046,-0.15156439224318774,0.10802959249409999,0.0491139795976487,-0.03621538461538465,-0.14721449472283374,0,0,0,0,0,0,0,0
-1.019425612784643,0.8427737700103459,0.742,2.405692027778904,-0.11659064483642578,0.09554058837890625,-0.8325663932502576,0.830383484237359,0.692,2.255035206746754,0.18685921953438545,-0.012390285772986953,-0.050000000000000044,-0.15065682103214995,0.08538023087737623,0.04731320884286077,-0.029230769230769258,-0.14646803082736012,0,0,0,0,0,0,0,0
-1.014344007906809,0.8338463599174201,0.74,2.4052906020509455,-0.14638783264160157,0.04809270477294922,-0.8325663932502576,0.830383484237359,0.692,2.255035206746754,0.1817776146565513,-0.003462875680061095,-0.04800000000000004,-0.15025539530419163,0.06352631952455327,0.04633923189110869,-0.02763076923076926,-0.14840266117515324,0,0,0,0,0,0,0,0
-1.0052790090203974,0.8259621728806649,0.737,2.404749549982827,-0.18017129516601563,-0.0036866865158081056,-0.8325663932502576,0.830383484237359,0.692,2.255035206746754,0.17271261577013974,0.004421311356694102,-0.04500000000000004,-0.14971434323607324,0.03754477541977694,0.044663970491644264,-0.019846153846153868,-0.14721717984475763,0,0,0,0,0,0,0,0
-0.9923466970897578,0.8193476300581115,0.739,2.4043132176698285,-0.21033375549316408,-0.056868328094482425,-0.8325663932502576,0.830383484237359,0.692,2.255035206746754,0.15978030383950015,0.011035854179247462,-0.04700000000000004,-0.1492780109230747,0.013326781688516864,0.03956336808806014,-0.047894117647058865,-0.14735301542455165,0,0,0,0,0,0,0,0
