0.02937175809793153,0.07201821645379204,0.705,-1.9842648265923533,0.04498579788208008,-0.03547352981567383,-0.769332399320219,-1.7583069030907845,0.709,-1.9834445218439163,-0.7987041574181506,-1.8303251195445767,0.0040000000000000036,0.000820304748436973,-0.3993520787090753,-0.9151625597722883,0.003200000000000003,0.000820304748436973,0,0,0,0,0,0,0,0
0.02568401377369711,0.06947258395608848,0.702,-1.983514335013996,0.05719215393066406,-0.0353127555847168,-0.769332399320219,-1.7583069030907845,0.709,-1.9834445218439163,-0.7950164130939161,-1.827779487046873,0.007000000000000006,0.00006981317007981325,-0.3811700987813623,-0.9026116248627245,0.022266666666666685,-0.003503956250668566,0,0,0,0,0,0,0,0
0.023081311435830743,0.06790655189315715,0.698,-1.9834445218439163,0.037177261352539064,-0.026340412139892577,-0.769332399320219,-1.7583069030907845,0.709,-1.9834445218439163,-0.7924137107560497,-1.8262134549839417,0.01100000000000001,0,-0.37901919842985043,-0.9027650063216693,0.03521509433962267,-0.00039516888724422595,0,0,0,0,0,0,0,0
0.02111439975431979,0.06759816398806198,0.694,-1.983723774524235,0.016069591522216795,-0.02517207336425781,-0.769332399320219,-1.7583069030907845,0.709,-1.9834445218439163,-0.7904467990745389,-1.8259050670788466,0.015000000000000013,0.0002792526803188089,-0.3852463112977216,-0.9113882470643031,0.03228985507246379,0.0014933947686614562,0,0,0,0,0,0,0,0
0.018964281388374186,0.06620831111021123,0.688,-1.9832525356261967,0.03203792953491211,-0.021174951553344725,-0.769332399320219,-1.7583069030907845,0.709,-1.9834445218439163,-0.7882966807085932,-1.8245152142009957,0.02100000000000002,-0.00019198621771954194,-0.3833977485245681,-0.9053083427112435,0.046800000000000036,-0.0022115814950267594,0,0,0,0,0,0,0,0
0.014751955989883938,0.06174270956457248,0.681,-1.982886016483278,0.08669501495361329,-0.031034866333007814,-0.769332399320219,-1.7583069030907845,0.709,-1.9834445218439163,-0.784084355310103,-1.820049612655357,0.027999999999999914,-0.0005585053606382839,-0.3682629213732523,-0.8848157653442337,0.061916129032257405,-0.0023319850844386483,0,0,0,0,0,0,0,0
0.008812745415404888,0.05198905879061469,0.675,-1.982432230877759,0.169739013671875,-0.023031511306762696,-0.769332399320219,-1.7583069030907845,0.709,-1.9834445218439163,-0.7781451447356239,-1.8102959618813992,0.03399999999999992,-0.001012290966157181,-0.3585031061756401,-0.8549453666629759,0.05808235294117643,-0.0030142862846229035,0,0,0,0,0,0,0,0
0.0009474516414275382,0.03727966628758933,0.671,-1.9825893105104389,0.24941484069824219,-0.019843862533569335,-0.769332399320219,-1.7583069030907845,0.709,-1.9834445218439163,-0.7702798509616465,-1.795586569378374,0.03799999999999992,-0.0008552113334774347,-0.3414438489587267,-0.8160744374501576,0.05262222222222218,-0.0001072130826214998,0,0,0,0,0,0,0,0
-0.009701166988063772,0.016339348323578504,0.665,-1.981995898564761,0.35177920532226564,-0.020655256271362304,-0.769332399320219,-1.7583069030907845,0.709,-1.9834445218439163,-0.7596312323321552,-1.774646251414363,0.04399999999999993,-0.0014486232791552922,-0.3273224257390079,-0.784096206166283,0.06477746478873236,-0.003955997697512437,0,0,0,0,0,0,0,0
-0.02234604252279688,-0.012178255218616355,0.661,-1.9805821818706453,0.46792059326171875,-0.002881135940551758,-0.769332399320219,-1.7583069030907845,0.709,-1.9834445218439163,-0.7469863567974221,-1.7461286478721683,0.04799999999999993,-0.002862339973271011,-0.30743785844114985,-0.7240917681186487,0.059295522388059664,-0.009192414723042885,0,0,0,0,0,0,0,0
-0.03773832462736801,-0.04646951567857336,0.661,-1.9797269705371678,0.5637695922851562,-0.006837220668792725,-0.769332399320219,-1.7583069030907845,0.709,-1.9834445218439163,-0.731594074692851,-1.7118373874122113,0.04799999999999993,-0.0037175513067484456,-0.2841712989130939,-0.6740711003578488,0.03839999999999995,-0.007604875549827694,0,0,0,0,0,0,0,0
-0.05650755431143432,-0.08697033855480121,0.653,-1.9790637454214102,0.6693685302734375,-0.016760486602783203,-0.769332399320219,-1.7583069030907845,0.709,-1.9834445218439163,-0.7128248450087847,-1.6713365645359832,0.05599999999999994,-0.004380776422506116,-0.2553473395901895,-0.6175869283190715,0.08787692307692306,-0.00744181541831075,0,0,0,0,0,0,0,0
-0.07843731033876872,-0.13265509392920255,0.651,-1.9779118281150938,0.759547119140625,-0.02984401512145996,-0.769332399320219,-1.7583069030907845,0.709,-1.9834445218439163,-0.6908950889814502,-1.625651809161582,0.05799999999999994,-0.00553269372882248,-0.22551919121623965,-0.5629873986270338,0.057337499999999965,-0.010932306102180434,0,0,0,0,0,0,0,0
-0.1037479726876582,-0.184320823322133,0.648,-1.9762712186182194,0.861974853515625,-0.04176394271850586,-0.769332399320219,-1.7583069030907845,0.709,-1.9834445218439163,-0.6655844266325608,-1.5739860797686516,0.06099999999999994,-0.00717330322569687,-0.20623890157183314,-0.5286643929196742,0.06379999999999997,-0.014204486783729969,0,0,0,0,0,0,0,0
-0.13113268667482564,-0.24193417218221852,0.646,-1.9748749552166238,0.9561573486328125,-0.036575172424316404,-0.769332399320219,-1.7583069030907845,0.709,-1.9834445218439163,-0.6381997126453933,-1.516372730908566,0.06299999999999994,-0.008569566627292469,-0.1382574054640436,-0.37772085411409495,0.06360754716981129,-0.016472944372173216,0,0,0,0,0,0,0,0
-0.15937086585886664,-0.30472722146063047,0.643,-1.9730423595020299,1.0325770263671874,-0.019133476257324217,-0.769332399320219,-1.7583069030907845,0.709,-1.9834445218439163,-0.6099615334613524,-1.453579681630154,0.06599999999999995,-0.0104021623418864,-0.1552328468153077,-0.3937963976719837,0.06870909090909089,-0.01873214286276791,0,0,0,0,0,0,0,0
-0.18852419932991019,-0.3726919499076616,0.644,-1.971401750005155,1.1092977294921875,-0.003287787675857544,-0.769332399320219,-1.7583069030907845,0.709,-1.9834445218439163,-0.5808081999903089,-1.385614953183123,0.06499999999999995,-0.012042771838761235,-0.13342461207415077,-0.32684355418447125,0.04661538461538457,-0.01961481567049124,0,0,0,0,0,0,0,0
-0.22085425239180054,-0.4446285152837711,0.648,-1.970581445256718,1.1827340087890625,-0.025751941680908202,-0.769332399320219,-1.7583069030907845,0.709,-1.9834445218439163,-0.5484781469284185,-1.3136783878070135,0.06099999999999994,-0.012863076587198208,-0.11024605068650428,-0.2919435724304877,0.02851014492753617,-0.016429618971706784,0,0,0,0,0,0,0,0
-0.25588660580065037,-0.5188642034945942,0.647,-1.9710875907397962,1.2302567138671876,-0.05063729476928711,-0.769332399320219,-1.7583069030907845,0.709,-1.9834445218439163,-0.5134457935195686,-1.2394426995961902,0.061999999999999944,-0.012356931104120061,-0.062098711155063185,-0.20730085973796591,0.05515555555555551,-0.00994671451803365,0,0,0,0,0,0,0,0
-0.2930634976324345,-0.5980167361202366,0.649,-1.96991822014096,1.310739990234375,-0.050899284362792965,-0.769332399320219,-1.7583069030907845,0.709,-1.9834445218439163,-0.4762689016877845,-1.1602901669705479,0.05999999999999994,-0.013526301702956323,-0.04955601401600179,-0.17864672958708805,0.03785507246376807,-0.01861052169789659,0,0,0,0,0,0,0,0
-0.33185231498723333,-0.6812054184541944,0.651,-1.9697087806307205,1.3758594970703124,-0.051183189392089844,-0.769332399320219,-1.7583069030907845,0.709,-1.9834445218439163,-0.4374800843329857,-1.0771014846365903,0.05799999999999994,-0.013735741213195762,-0.019091717546204756,-0.1103737008935134,0.03610588235294113,-0.014659739052487408,0,0,0,0,0,0,0,0
-0.3715278016667169,-0.7715389267617805,0.654,-1.9698135003858401,1.4797723388671875,-0.022099605560302736,-0.769332399320219,-1.7583069030907845,0.709,-1.9834445218439163,-0.3978045976535021,-0.986767976329004,0.05499999999999994,-0.013631021458076154,0.021517071614824246,0.008468835766532568,0.027333333333333275,-0.013132355957506588,0,0,0,0,0,0,0,0
-0.41444224807426144,-0.8650547574652666,0.656,-1.97000548660356,1.54263525390625,-0.04816680908203125,-0.769332399320219,-1.7583069030907845,0.709,-1.9834445218439163,-0.3548901512459576,-0.8932521456255179,0.052999999999999936,-0.01343903524035639,0.040236898908044244,0.027729590175938734,0.03225507246376806,-0.012604312554618285,0,0,0,0,0,0,0,0
-0.461081287404879,-0.9633597979569682,0.659,-1.970197472821279,1.630549560546875,-0.07142373657226563,-0.769332399320219,-1.7583069030907845,0.709,-1.9834445218439163,-0.30825111191534,-0.7949471051338163,0.04999999999999993,-0.013247049022637292,0.15386809999923853,0.25171067709527245,0.020188679245282955,-0.01216033458271787,0,0,0,0,0,0,0,0
-0.5110573059519931,-1.0635141668819332,0.662,-1.9693422614878018,1.67558447265625,-0.10643864440917969,-0.769332399320219,-1.7583069030907845,0.709,-1.9834445218439163,-0.25827509336822596,-0.6947927362088513,0.04699999999999993,-0.014102260356114504,0.0951138185913987,0.10201426168708388,0.02413846153846147,-0.017391534715642247,0,0,0,0,0,0,0,0
-0.5616226870171689,-1.167849958222568,0.664,-1.9692899016102419,1.736729248046875,-0.09167835235595703,-0.769332399320219,-1.7583069030907845,0.709,-1.9834445218439163,-0.20770971230305013,-0.5904569448682164,0.04499999999999993,-0.01415462023367442,0.1815948756680159,0.2937638980372176,0.024709677419354772,-0.014407974479932075,0,0,0,0,0,0,0,0
-0.6109584275871048,-1.2710020085722136,0.668,-1.9681554375964458,1.7132025146484375,-0.0816597900390625,-0.769332399320219,-1.7583069030907845,0.709,-1.9834445218439163,-0.15837397173311418,-0.48730489451857095,0.040999999999999925,-0.015289084247470441,0.20860483412473596,0.35806784644697975,0.009466666666666585,-0.02096140431645055,0,0,0,0,0,0,0,0
-0.6578643410198619,-1.3686876619495154,0.674,-1.96682898736493,1.6233968505859375,-0.08172682189941406,-0.769332399320219,-1.7583069030907845,0.709,-1.9834445218439163,-0.11146805830035711,-0.3896192411412691,0.03499999999999992,-0.016615534478986227,0.20485437880958296,0.34788845374770894,-0.0053333333333334225,-0.02293196415287092,0,0,0,0,0,0,0,0
-0.7023884121126541,-1.460146614780487,0.679,-1.9660959490790926,1.52333349609375,-0.0869481201171875,-0.769332399320219,-1.7583069030907845,0.709,-1.9834445218439163,-0.06694398720756489,-0.2981602883102976,0.029999999999999916,-0.01734857276482371,0.1923747438234244,0.314842080349779,-0.0013623188405797945,-0.020535695746725813,0,0,0,0,0,0,0,0
-0.7506439752093721,-1.5506310859225354,0.686,-1.9654501772558546,1.53133349609375,-0.1453494873046875,-0.769332399320219,-1.7583069030907845,0.709,-1.9834445218439163,-0.018688424110846924,-0.20767581716824912,0.02299999999999991,-0.017994344588061706,0.23903000976591898,0.36189098699994854,-0.01762941176470598,-0.02084333792587639,0,0,0,0,0,0,0,0
-0.7986359403308614,-1.6419892397642661,0.695,-1.965258191038135,1.54181689453125,-0.13764950561523437,-0.769332399320219,-1.7583069030907845,0.709,-1.9834445218439163,0.029303541010642364,-0.11631766332651838,0.014000000000000012,-0.018186330805781248,0.28127379895803944,0.44938646745746713,-0.03879999999999941,-0.01910055089016002,0,0,0,0,0,0,0,0
-0.844737271393241,-1.7309350365478104,0.703,-1.9636175815412604,1.497485107421875,-0.1256703567504883,-0.769332399320219,-1.7583069030907845,0.709,-1.9834445218439163,0.07540487207302193,-0.027371866542974077,0.006000000000000005,-0.01982694030265586,0.2938209419386197,0.480457382192648,-0.039644444444444475,-0.02763936647824925,1488231801703,0,0,0,0,0,0,0
-0.8853345352428884,-1.8070331519138443,0.715,-1.9631637959357418,1.28763623046875,-0.12562508392333985,-0.769332399320219,-1.7583069030907845,0.709,-1.9834445218439163,0.11600213592266939,0.04872624882305976,-0.006000000000000005,-0.020280725908174535,0.2334213438548731,0.3531821414252563,-0.0566518518518519,-0.02196141333602148,0,0,0,0,0,0,0,0
-0.9207929844974562,-1.871157053399702,0.728,-1.9640015539766993,1.092140869140625,-0.12366488647460938,-0.769332399320219,-1.7583069030907845,0.709,-1.9834445218439163,0.15146058517723715,0.11285015030891743,-0.019000000000000017,-0.019442967867216998,0.32393943737059283,0.5052923855554623,-0.1062000000000001,-0.014416419621471777,0,0,0,0,0,0,0,0
-0.9474137028332116,-1.9236960948305142,0.735,-1.9658516029838133,0.8809397583007812,-0.06688186645507813,-0.769332399320219,-1.7583069030907845,0.709,-1.9834445218439163,0.17808130351299256,0.16538919173972966,-0.026000000000000023,-0.017592918860102946,0.2240732809958353,0.3491969799392022,-0.056307246376811636,-0.00954922752482446,0,0,0,0,0,0,0,0
-0.965827381715898,-1.9594235050469915,0.746,-1.9678412783310868,0.600932861328125,-0.048680217742919925,-0.769332399320219,-1.7583069030907845,0.709,-1.9834445218439163,0.19649498239567897,0.20111660195620695,-0.03700000000000003,-0.01560324351282949,0.20219567843881117,0.3022452941356366,-0.09169677419354846,-0.005975782155054702,0,0,0,0,0,0,0,0
-0.9793147837393318,-1.9833969234988895,0.749,-1.9694469812429214,0.40985971069335936,-0.04751682662963867,-0.769332399320219,-1.7583069030907845,0.709,-1.9834445218439163,0.20998238441911277,0.225090020408105,-0.040000000000000036,-0.013997540600994895,0.1811297520192633,0.2478788240454124,-0.048935483870967786,-0.006228010382440407,0,0,0,0,0,0,0,0
-0.9879656754666094,-1.9964981951911178,0.751,-1.971995161950833,0.23148007202148438,-0.043304237365722656,-0.769332399320219,-1.7583069030907845,0.709,-1.9834445218439163,0.2186332761463904,0.2381912921003333,-0.04200000000000004,-0.011449359893083377,0.1491562710277632,0.17943044989595486,-0.042810526315789514,-0.0013907518355379123,0,0,0,0,0,0,0,0
-0.9912848319121967,-2.0011616464552753,0.748,-1.975171661189463,0.0838402099609375,-0.018516183853149414,-0.769332399320219,-1.7583069030907845,0.709,-1.9834445218439163,0.22195243259197772,0.24285474336449075,-0.039000000000000035,-0.008272860654453318,0.12941597432702961,0.14733543426089793,-0.01453333333333335,0.006853326196166012,0,0,0,0,0,0,0,0
-0.9892619102347724,-1.9956154603493699,0.745,-1.9765155647134982,-0.08842176818847657,-0.004835205078125,-0.769332399320219,-1.7583069030907845,0.709,-1.9834445218439163,0.21992951091455337,0.23730855725858535,-0.03600000000000003,-0.006928957130418079,0.09970355854280535,0.09052145055585947,-0.01358260869565219,-0.001085898330264865,0,0,0,0,0,0,0,0
-0.9817887328794248,-1.9806686245167344,0.74,-1.9779118281150938,-0.25024417114257813,0.014509241104125976,-0.769332399320219,-1.7583069030907845,0.709,-1.9834445218439163,0.2124563335592058,0.2223617214259499,-0.031000000000000028,-0.00553269372882248,0.06832074541189778,0.03536357750395455,0.0005623188405797057,0.000538016712897515,0,0,0,0,0,0,0,0
-0.9698534192234136,-1.958437039083377,0.73,-1.9795698909044885,-0.3771069030761719,0.032354007720947264,-0.769332399320219,-1.7583069030907845,0.709,-1.9834445218439163,0.2005210199031946,0.20013013599259244,-0.02100000000000002,-0.003874630939427748,0.03498926339528609,-0.02151391484237737,0.037887500000000025,0.003897538385860058,0,0,0,0,0,0,0,0
-0.9523296291882223,-1.929889393752762,0.723,-1.981646832714362,-0.49741510009765627,0.07099122619628906,-0.769332399320219,-1.7583069030907845,0.709,-1.9834445218439163,0.18299722986800326,0.1715824906619774,-0.014000000000000012,-0.0017976891295543584,-0.02208150566446071,-0.099239789219294,0.03417037037037039,0.00974087648085336,0,0,0,0,0,0,0,0
-0.9303948754489203,-1.8978800477365345,0.714,-1.983182722456117,-0.5715911865234375,0.10987783050537109,-0.769332399320219,-1.7583069030907845,0.709,-1.9834445218439163,0.16106247612870128,0.13957314464575,-0.0050000000000000044,-0.0002617993877993552,-0.03405329639468954,-0.09742642925443232,0.04301492537313436,0.006615318858864838,0,0,0,0,0,0,0,0
-0.9046240276259618,-1.8639922119291006,0.704,-1.9844044529325129,-0.6206368408203125,0.1504239501953125,-0.769332399320219,-1.7583069030907845,0.709,-1.9834445218439163,0.13529162830574282,0.10568530883831606,0.0050000000000000044,0.0009599310885965995,-0.07783477839608766,-0.13845964449377546,0.06045161290322585,0.0068715301679318636,0,0,0,0,0,0,0,0
-0.8753250745899106,-1.8285044610610892,0.694,-1.9855040103612691,-0.6640652465820313,0.1884791717529297,-0.769332399320219,-1.7583069030907845,0.709,-1.9834445218439163,0.10599267526969158,0.07019755797030469,0.015000000000000013,0.0020594885173528255,-0.09562154008425464,-0.14491155150476034,0.06272463768115946,0.006840172990205981,0,0,0,0,0,0,0,0
-0.8449440631170515,-1.7932278387940825,0.685,-1.9864115815723062,-0.6679133911132813,0.20387995910644532,-0.769332399320219,-1.7583069030907845,0.709,-1.9834445218439163,0.07561166379683248,0.03492093570329802,0.02399999999999991,0.0029670597283899536,-0.11630074803637627,-0.16147892045925438,0.06485217391304288,0.006913021515507901,1488231802689,0,0,0,0,0,0,0
-0.8133382139317904,-1.7586348832308256,0.675,-1.9877205785113023,-0.6661341552734374,0.22422265625,-0.769332399320219,-1.7583069030907845,0.709,-1.9834445218439163,0.04400581461157138,0.0003279801400410953,0.03399999999999992,0.004276056667386063,-0.138316617546988,-0.17530752365664498,0.0779246376811594,0.009967347706499584,1488231802689,0,0,0,0,0,0,0
-0.7830670971488585,-1.726466338104841,0.672,-1.988697962892419,-0.625068603515625,0.21977101135253907,-0.769332399320219,-1.7583069030907845,0.709,-1.9834445218439163,0.013734697828639453,-0.031840564985943454,0.03699999999999992,0.005253441048502783,-0.16130552210196875,-0.19463442208177478,0.04626666666666662,0.009907652387153826,1488231802689,0,0,0,0,0,0,0
-0.7540349678412737,-1.7009805014671262,0.659,-1.9891866550829775,-0.5261264038085938,0.24285653686523437,-0.769332399320219,-1.7583069030907845,0.709,-1.9834445218439163,-0.015297431478945356,-0.05732640162365832,0.04999999999999993,0.005742133239061253,-0.15707879305792388,-0.1598403011530086,0.10691176470588236,0.007898128197407447,1488231802689,0,0,0,0,0,0,0
-0.7227565754136756,-1.6851042042627358,0.645,-1.989239014960537,-0.4082246398925781,0.33195095825195314,-0.769332399320219,-1.7583069030907845,0.709,-1.9834445218439163,-0.04657582390654347,-0.07320269882804875,0.06399999999999995,0.005794493116620725,-0.1062230433900849,-0.07869759200142325,0.0883212121212121,0.005913492838346796,1488231802689,0,0,0,0,0,0,0
-0.6927284842504928,-1.6775890318814157,0.643,-1.9886456030148592,-0.28602508544921873,0.3657547912597656,0.08991941452118057,0.1423414817655526,0.645,-1.989239014960537,0.7826478987716734,1.8199305136469683,0.0020000000000000018,-0.0005934119456778575,0.3913239493858367,0.9099652568234842,0.0016000000000000016,-0.0005934119456778575,0,0,0,0,0,0,0,0
-0.6637831776906326,-1.6779052397496084,0.643,-1.9876856719262623,-0.17185317993164062,0.3987491760253906,0.08991941452118057,0.1423414817655526,0.645,-1.989239014960537,0.7537025922118131,1.820246721515161,0.0020000000000000018,-0.001553343034274679,0.1700991063926189,0.9123819883875279,0.0016000000000000016,-0.0074304721481327695,0,0,0,0,0,0,0,0
-0.6366186719985187,-1.6855444220384765,0.646,-1.9861672354770272,-0.06021740341186523,0.41896783447265623,0.08991941452118057,0.1423414817655526,0.645,-1.989239014960537,0.7265380865196993,1.8278859038040292,-0.0010000000000000009,-0.0030717794835097845,0.2514151962923222,0.9453984083855894,-0.013152941176470598,-0.008430966951398392,0,0,0,0,0,0,0,0
-0.6094380578419686,-1.699033767045125,0.651,-1.9862719552321466,0.020611900329589844,0.4546905517578125,0.08991941452118057,0.1423414817655526,0.645,-1.989239014960537,0.6993574723631492,1.8413752488106776,-0.006000000000000005,-0.0029670597283903977,0.1428697154252147,1.0233239451080987,-0.0428434782608696,-0.0022841048036987446,0,0,0,0,0,0,0,0
-0.5834065601774416,-1.7146182005603559,0.655,-1.9889074024026583,0.056274185180664064,0.45160684204101564,0.08991941452118057,0.1423414817655526,0.645,-1.989239014960537,0.6733259746986222,1.8569596823259085,-0.010000000000000009,-0.00033161255787872435,0.2065054990266764,1.0064020087391086,-0.02800000000000002,0.010963161030028446,0,0,0,0,0,0,0,0
-0.5581421464620592,-1.728440372434026,0.663,-1.9941782967436807,0.03559890747070313,0.4305054016113281,0.08991941452118057,0.1423414817655526,0.645,-1.989239014960537,0.6480615609832397,1.8707818541995787,-0.018000000000000016,0.004939281783143734,0.21209983365131785,0.9966283974261763,-0.04984303797468359,0.024955336242722687,0,0,0,0,0,0,0,0
-0.5346973816495574,-1.7362625350025211,0.671,-1.9969010103767924,-0.037510337829589846,0.36882611083984373,0.08991941452118057,0.1423414817655526,0.645,-1.989239014960537,0.624616796170738,1.8786040167680738,-0.026000000000000023,0.0076619954162553405,0.1860673567872824,0.9814213452913182,-0.06387692307692314,0.020228366030616597,0,0,0,0,0,0,0,0
-0.5144424345514216,-1.735580728885045,0.677,-1.9988557791390258,-0.13489134216308593,0.272429931640625,0.08991941452118057,0.1423414817655526,0.645,-1.989239014960537,0.6043618490726022,1.8779222106505977,-0.03200000000000003,0.00961676417848878,0.17780844235476545,0.9347745765337794,-0.06244210526315795,0.019905020821822668,0,0,0,0,0,0,0,0
-0.4957188181236616,-1.7254781679881936,0.684,-1.9992048449894246,-0.2544498748779297,0.1926090850830078,0.08991941452118057,0.1423414817655526,0.645,-1.989239014960537,0.5856382326448422,1.8678196497537463,-0.039000000000000035,0.009965830028887623,0.19920103418362112,0.8833970203926158,-0.06620000000000005,0.011461826530596955,0,0,0,0,0,0,0,0
-0.4765831017930482,-1.7049962294652556,0.687,-1.9970755433019918,-0.39870562744140625,0.13346553039550782,0.08991941452118057,0.1423414817655526,0.645,-1.989239014960537,0.5665025163142288,1.8473377112308083,-0.04200000000000004,0.007836528341454763,0.17522705306494202,0.8080450091149477,-0.05053548387096779,-0.0024665443396719826,0,0,0,0,0,0,0,0
-0.4590398696735277,-1.6746166350519693,0.685,-1.9938292308932823,-0.5237222900390625,0.05117647552490234,0.08991941452118057,0.1423414817655526,0.645,-1.989239014960537,0.5489592841947083,1.816958116817522,-0.040000000000000036,0.004590215932745334,0.18549223279543875,0.7543796664573087,-0.021855072463768138,-0.00952418584425218,0,0,0,0,0,0,0,0
-0.4431957143449591,-1.6356719649204277,0.684,-1.9904083855593735,-0.6302413330078125,-0.023106164932250976,0.08991941452118057,0.1423414817655526,0.645,-1.989239014960537,0.5331151288661397,1.7780134466859803,-0.039000000000000035,0.0011693705988364833,0.17564847648226614,0.6655536979980788,-0.025462295081967238,-0.015654458912190652,0,0,0,0,0,0,0,0
-0.429567125760444,-1.5881226005145845,0.681,-1.9872144330282235,-0.7346503295898438,-0.10388455963134766,0.08991941452118057,0.1423414817655526,0.645,-1.989239014960537,0.5194865402816246,1.7304640822801372,-0.03600000000000003,-0.002024581932313474,0.1840288891157284,0.6010689055520513,-0.012133333333333347,-0.01723387969969422,0,0,0,0,0,0,0,0
-0.41629170406630295,-1.5339518712314124,0.676,-1.9845615325651922,-0.8236685180664063,-0.14655625915527343,0.08991941452118057,0.1423414817655526,0.645,-1.989239014960537,0.5062111185874836,1.676293352996965,-0.031000000000000028,-0.004677482395344823,0.18576646374375133,0.5633676149171747,0.0005623188405797057,-0.016211832234611555,0,0,0,0,0,0,0,0
-0.4025021681887436,-1.4744476495347048,0.675,-1.9826067638029587,-0.90040625,-0.1694754180908203,0.08991941452118057,0.1423414817655526,0.645,-1.989239014960537,0.4924215827099242,1.6167891313002574,-0.030000000000000027,-0.006632251157578262,0.17523523904399474,0.5021228363288393,-0.018852941176470607,-0.015256230990961078,0,0,0,0,0,0,0,0
-0.3894046481358693,-1.411508665909316,0.675,-1.9801982094352066,-0.9437950439453126,-0.19784986877441407,0.08991941452118057,0.1423414817655526,0.645,-1.989239014960537,0.47932406265704985,1.5538501476748685,-0.030000000000000027,-0.009040805525330375,0.16689803103477857,0.4272640536963851,-0.02400000000000002,-0.02051011203843568,0,0,0,0,0,0,0,0
-0.37631235068898616,-1.3435450318681172,0.674,-1.9789939322513308,-1.0133787841796875,-0.22564971923828125,0.08991941452118057,0.1423414817655526,0.645,-1.989239014960537,0.46623176521016674,1.4858865136336699,-0.029000000000000026,-0.01024508270920621,0.16038089678906606,0.3653675121435091,-0.017644444444444463,-0.015979735965757805,0,0,0,0,0,0,0,0
-0.36172760920766683,-1.267902593232904,0.67,-1.9772486029993361,-1.1282547607421876,-0.24960401916503908,0.08991941452118057,0.1423414817655526,0.645,-1.989239014960537,0.4516470237288474,1.4102440749984566,-0.025000000000000022,-0.011990411961200875,0.15684162647980526,0.34735374665700347,-0.0010810810810810804,-0.01906607109090898,0,0,0,0,0,0,0,0
-0.3456762281449919,-1.1905544273998323,0.669,-1.9755730869174213,-1.1608876953125,-0.23754266357421874,0.08991941452118057,0.1423414817655526,0.645,-1.989239014960537,0.43559564266617246,1.332895909165385,-0.02400000000000002,-0.013665928043115727,0.12862348209600316,0.2367359221767386,-0.013644444444444459,-0.02164457605223407,0,0,0,0,0,0,0,0
-0.3270731351438974,-1.1106369863190044,0.667,-1.974892408509144,-1.2117823486328125,-0.2155918426513672,0.08991941452118057,0.1423414817655526,0.645,-1.989239014960537,0.416992549665078,1.252978468084557,-0.02200000000000002,-0.014346606451393074,0.09222694357569854,0.12700522728710428,-0.005100000000000004,-0.01799309792430743,0,0,0,0,0,0,0,0
-0.3064582939213348,-1.0239229338988194,0.666,-1.9747004222914242,-1.31753173828125,-0.22710635375976562,0.08991941452118057,0.1423414817655526,0.645,-1.989239014960537,0.39637770844251535,1.166264415664372,-0.02100000000000002,-0.014538592669112838,0.0818147505455009,0.09361739578275435,-0.011154838709677432,-0.015467558238724598,0,0,0,0,0,0,0,0
-0.2856445472943124,-0.9341675835469757,0.665,-1.974560795951265,-1.360696533203125,-0.2420388641357422,0.08991941452118057,0.1423414817655526,0.645,-1.989239014960537,0.37556396181549295,1.0765090653125284,-0.020000000000000018,-0.01467821900927202,0.09672183941452347,0.1455748748669487,-0.01162500000000001,-0.015201817784868954,0,0,0,0,0,0,0,0
-0.26773068740088124,-0.8354633835567804,0.666,-1.973600864862668,-1.4670794677734376,-0.334587158203125,0.08991941452118057,0.1423414817655526,0.645,-1.989239014960537,0.3576501019220618,0.977804865322333,-0.02100000000000002,-0.015638150097869064,0.07072417229377403,-0.10672636038311611,-0.02283448275862071,-0.020603310900957218,0,0,0,0,0,0,0,0
-0.24948449038805096,-0.7354051595036528,0.656,-1.972326774508712,-1.4880389404296874,-0.33655429077148435,0.08991941452118057,0.1423414817655526,0.645,-1.989239014960537,0.33940390490923156,0.8777466412692054,-0.01100000000000001,-0.016912240451824934,0.06833419127222548,-0.1170057018827727,0.046755555555555585,-0.022979337375424316,0,0,0,0,0,0,0,0
-0.23244003242346567,-0.6282883598606063,0.654,-1.9719602553657933,-1.57887890625,-0.39263076782226564,0.08991941452118057,0.1423414817655526,0.645,-1.989239014960537,0.32235944694464624,0.7706298416261589,-0.009000000000000008,-0.017278759594743676,0.07472232799978894,-0.15803116433280878,0.0029449275362318852,-0.018872321085694727,0,0,0,0,0,0,0,0
-0.20863946344565207,-0.5378940239792337,0.65,-1.9723791343862722,-1.38767333984375,-0.2008068389892578,0.08991941452118057,0.1423414817655526,0.645,-1.989239014960537,0.29855887796683267,0.6802355057447863,-0.0050000000000000044,-0.016859880574264796,0.028551915182912724,-0.11840424072877204,0.01628985507246378,-0.015038667441747929,0,0,0,0,0,0,0,0
-0.1830029933208863,-0.4520300701915327,0.647,-1.973216892427229,-1.3358038330078126,-0.14947819519042968,0.08991941452118057,0.1423414817655526,0.645,-1.989239014960537,0.2729224078420669,0.5943715519570854,-0.0020000000000000018,-0.016022122533307925,-0.008260804847805614,-0.18753009217783362,0.015335483870967753,-0.011968454593194035,0,0,0,0,0,0,0,0
-0.1571300244142282,-0.3667234736511591,0.645,-1.9758872461827803,-1.329375,-0.14405882263183595,0.08991941452118057,0.1423414817655526,0.645,-1.989239014960537,0.24704943893540876,0.5090649554167117,0,-0.013351768777756678,-0.0274009324878014,-0.24308933544382377,0.011666666666666678,-4.423544863740858e-16,0,0,0,0,0,0,0,0
-0.12998901231609566,-0.28585953133931197,0.643,-1.9786623196934516,-1.2752352294921876,-0.10386405944824219,0.08991941452118057,0.1423414817655526,0.645,-1.989239014960537,0.21990842683727624,0.4282010131048646,0.0020000000000000018,-0.010576695267085379,-0.011832379329392434,-0.14875051664175348,0.010574358974358985,0.00009666438934269848,0,0,0,0,0,0,0,0
-0.10166661222342355,-0.2114305141807182,0.643,-1.9812279536938833,-1.1933651123046876,-0.05284903717041016,0.08991941452118057,0.1423414817655526,0.645,-1.989239014960537,0.19158602674460412,0.35377199594627085,0.0020000000000000018,-0.00801106126665374,-0.06155365380920971,-0.23660854179682977,0.0016000000000000016,0.004206243497306439,0,0,0,0,0,0,0,0
-0.07290782358077391,-0.14543742334095383,0.646,-1.9846487990277921,-1.0798077392578125,0.0005812606811523437,0.08991941452118057,0.1423414817655526,0.645,-1.989239014960537,0.16282723810195449,0.28777890510650644,-0.0010000000000000009,-0.00459021593274489,-0.10850290972123733,-0.2919139775206626,-0.020611320754717,0.014773059542210868,0,0,0,0,0,0,0,0
-0.045865014144470445,-0.07762689230817853,0.649,-1.9855912768238693,-1.09441259765625,-0.03764226150512695,0.08991941452118057,0.1423414817655526,0.645,-1.989239014960537,0.13578442866565102,0.21996837407373115,-0.0040000000000000036,-0.003647738136667744,-0.06928145672088772,-0.23398227472358873,-0.01841739130434784,0.0004499914114937586,0,0,0,0,0,0,0,0
-0.01999355070827231,-0.021189602773704855,0.653,-1.9849455050006313,-0.9311641235351562,0.013997709274291992,0.08991941452118057,0.1423414817655526,0.645,-1.989239014960537,0.10991296522945289,0.16353108453925747,-0.008000000000000007,-0.004293509959905739,-0.07257890052146154,-0.19644644839326975,-0.026118309859154955,-0.007022123297531071,0,0,0,0,0,0,0,0
0.00888636163689245,0.029578010367824,0.659,-1.982519497340359,-0.8714590454101563,0.09013381958007813,0.08991941452118057,0.1423414817655526,0.645,-1.989239014960537,0.08103305288428812,0.11276347139772862,-0.014000000000000012,-0.006719517620177973,-0.1279496289046504,-0.2397626742933873,-0.04620000000000004,-0.01884955592153914,0,0,0,0,0,0,0,0
0.03311297883879571,0.08860424161369926,0.667,-1.9779641879926537,-0.9568318481445313,-0.02129388427734375,0.08991941452118057,0.1423414817655526,0.645,-1.989239014960537,0.056806435682384866,0.053737240151853355,-0.02200000000000002,-0.011274826967883289,-0.09448542013947625,-0.2725397992872087,-0.05817971014492758,-0.031080519783993357,1488231805306,0,0,0,0,0,0,0
0.05541407871660833,0.14112265372441976,0.678,-1.96991822014096,-0.8558443603515625,-0.004799040794372558,0.08991941452118057,0.1423414817655526,0.645,-1.989239014960537,0.03450533580457225,0.0012188280411328523,-0.03300000000000003,-0.019320794819577047,-0.10664233141889509,-0.29115954215010303,-0.08751111111111119,-0.05763492744669018,1488231805306,0,0,0,0,0,0,0
0.07652875788643658,0.18453820612070657,0.689,-1.9631637959357418,-0.7231284790039062,0.038751422882080076,0.08991941452118057,0.1423414817655526,0.645,-1.989239014960537,0.013390656634743994,-0.04219672435515395,-0.04399999999999993,-0.02607521902479526,-0.1004081167469742,-0.241322178680481,-0.09099710144927478,-0.05544228078661357,1488231805306,0,0,0,0,0,0,0
0.09627913324348317,0.2200818821480507,0.696,-1.9594462446289942,-0.6059201049804688,0.06987580871582032,0.08991941452118057,0.1423414817655526,0.645,-1.989239014960537,-0.006359718722302593,-0.07774040038249808,-0.050999999999999934,-0.029792770331542817,-0.10483620311065577,-0.22181559150846142,-0.07682941176470585,-0.04619373197895851,1488231805306,0,0,0,0,0,0,0
0.11498092578159826,0.24623333241434534,0.718,-1.9600571098671922,-0.46931939697265623,0.11095840454101563,0.08991941452118057,0.1423414817655526,0.645,-1.989239014960537,-0.025061511260417682,-0.10389185064879272,-0.07299999999999995,-0.02918190509334484,-0.10878998192933062,-0.18654897816561877,-0.1716352941176471,-0.026486911395412586,0,0,0,0,0,0,0,0
0.13308359591651,0.2647385536579641,0.729,-1.960999587663269,-0.35986334228515626,0.14588385009765625,0.08991941452118057,0.1423414817655526,0.645,-1.989239014960537,-0.04316418139532943,-0.1223970718924115,-0.08399999999999996,-0.028239427297267916,-0.12215248033606331,-0.16400532063297674,-0.12831111111111113,-0.023751437792139708,0,0,0,0,0,0,0,0
0.15112329480546866,0.27560036232671087,0.734,-1.9623260378947844,-0.25360832214355467,0.1882816619873047,0.08991941452118057,0.1423414817655526,0.645,-1.989239014960537,-0.06120388028428808,-0.13325888056115825,-0.08899999999999997,-0.026912977065752575,-0.12345333148237236,-0.12253580842854034,-0.09693529411764705,-0.021060990750243716,0,0,0,0,0,0,0,0
0.1700207718942561,0.2789938563439312,0.735,-1.9637048480038604,-0.15522039794921874,0.24258705139160155,0.08991941452118057,0.1423414817655526,0.645,-1.989239014960537,-0.08010135737307553,-0.1366523745783786,-0.08999999999999997,-0.02553416695667665,-0.1433962565158441,-0.08688435769586299,-0.07746874999999999,-0.019070994570383262,0,0,0,0,0,0,0,0
0.1893699744290774,0.2754834476575183,0.732,-1.9651534712830157,-0.062481746673583985,0.2882825317382812,0.08991941452118057,0.1423414817655526,0.645,-1.989239014960537,-0.09945055990789683,-0.1331419658919657,-0.08699999999999997,-0.02408554367752136,-0.17750303254239103,-0.04338903879042602,-0.049788679245282984,-0.015885789267208385,0,0,0,0,0,0,0,0
0.20847779953784745,0.26626124911634524,0.729,-1.9668464406574497,0.017592432022094727,0.31776727294921875,0.08991941452118057,0.1423414817655526,0.645,-1.989239014960537,-0.11855838501666688,-0.12391976735079263,-0.08399999999999996,-0.022392574303087276,-0.14501943338101952,-0.02057822355474795,-0.05373846153846149,-0.015881153632186954,0,0,0,0,0,0,0,0
0.22853233795430503,0.25014182573548094,0.723,-1.968748849542124,0.10702599334716797,0.3708099365234375,0.08991941452118057,0.1423414817655526,0.645,-1.989239014960537,-0.13861292343312445,-0.10780034396992833,-0.07799999999999996,-0.020490165418413087,-0.1710323812203325,0.027865019077391,-0.0319652173913043,-0.012218822441568786,0,0,0,0,0,0,0,0
0.2488600856963435,0.2285764635372489,0.714,-1.9706338051342778,0.18003781127929688,0.4064478759765625,0.08991941452118057,0.1423414817655526,0.645,-1.989239014960537,-0.15894067117516292,-0.08623498177169628,-0.06899999999999995,-0.01860520982625924,-0.21371017916708074,0.09929527834775971,0.004233962264151028,-0.007935649870671425,0,0,0,0,0,0,0,0
0.26774040049321873,0.20441218591868304,0.703,-1.9734437852299884,0.22363182067871093,0.40196267700195315,0.08991941452118057,0.1423414817655526,0.645,-1.989239014960537,-0.17782098597203816,-0.06207070415313043,-0.05799999999999994,-0.015795229730548588,-0.17151187022234826,0.07468336250466037,0.0017250000000000876,-0.005257804371633645,0,0,0,0,0,0,0,0
0.2813517959088692,0.1779904208066345,0.679,-1.9796222507820485,0.28462548828125,0.34314541625976563,0.08991941452118057,0.1423414817655526,0.645,-1.989239014960537,-0.19143238138768864,-0.03564893904108188,-0.03400000000000003,-0.009616764178488557,-0.1341354519476965,0.05675309329572513,0.04054193548387068,0.005331136350688936,0,0,0,0,0,0,0,0
0.2903859044916422,0.1515865196312721,0.67,-1.9823973242927193,0.30954837036132815,0.2817899169921875,0.08991941452118057,0.1423414817655526,0.645,-1.989239014960537,-0.20046648997046163,-0.00924503786571948,-0.025000000000000022,-0.006841690667817701,-0.15042273711174736,0.14206582093026465,0.030000000000000027,0.006372945097281611,0,0,0,0,0,0,0,0
0.29318513332583757,0.1261942050887614,0.66,-1.9849105984155913,0.33227517700195314,0.19086488342285157,0.08991941452118057,0.1423414817655526,0.645,-1.989239014960537,-0.203265718804657,0.016147276676791222,-0.015000000000000013,-0.004328416544945757,-0.1160406548724517,0.1387693749542595,0.039470588235294146,0.006759557526548115,0,0,0,0,0,0,0,0
0.2909278017674401,0.09892671166239918,0.648,-1.9863766749872662,0.3880643920898437,0.1335802001953125,0.08991941452118057,0.1423414817655526,0.645,-1.989239014960537,-0.20100838724625952,0.043414770103153436,-0.0030000000000000027,-0.002862339973270789,-0.08559728710541063,0.20177573786717623,0.07684528301886799,0.005436206658851672,0,0,0,0,0,0,0,0
0.2822580281441264,0.0729446070384817,0.639,-1.986865367177825,0.4090610046386719,0.038365478515625,0.08991941452118057,0.1423414817655526,0.645,-1.989239014960537,-0.19233861362294585,0.06939687472707091,0.006000000000000005,-0.002373647782712096,-0.05775891734109591,0.14980902746949895,0.044673417721519025,-0.0005178546540081997,0,0,0,0,0,0,0,0
0.26915971630436386,0.04706689541534214,0.629,-1.9873191527833436,0.4344580078125,-0.022828252792358398,0.08991941452118057,0.1423414817655526,0.645,-1.989239014960537,-0.1792403017831833,0.09527458635021047,0.016000000000000014,-0.001919862177193421,-0.003121865157310541,0.21852784162980038,0.07883773584905668,0.0006487355898934189,0,0,0,0,0,0,0,0
0.25097195340974526,0.02179380034604392,0.621,-1.9884012569195797,0.45706106567382815,-0.09611500549316407,0.08991941452118057,0.1423414817655526,0.645,-1.989239014960537,-0.1610525388885647,0.1205476814195087,0.02400000000000002,-0.0008377580409573149,0.011730498861754007,0.18847069975691927,0.059779710144927584,0.0038670425513735807,0,0,0,0,0,0,0,0
0.22867158210417995,-0.0009284408187189685,0.608,-1.9908447178723716,0.4472095947265625,-0.16752644348144533,0.08991941452118057,0.1423414817655526,0.645,-1.989239014960537,-0.13875216758299938,0.14326992258427157,0.03700000000000003,0.0016057029118345945,0.056513109062498026,0.19990567754482944,0.10298709677419364,0.013428901070505123,0,0,0,0,0,0,0,0
0.20361842606882516,-0.019114562347853994,0.602,-1.992921659682245,0.4023297119140625,-0.23188320922851563,0.08991941452118057,0.1423414817655526,0.645,-1.989239014960537,-0.11369901154764459,0.1614560441134066,0.04300000000000004,0.003682644721707984,0.07023172049247013,0.17297646459579408,0.06483478260869571,0.012712826503766197,0,0,0,0,0,0,0,0
0.17529406917591728,-0.02557741538572646,0.593,-1.992869299804685,0.2625005798339844,-0.34785330200195314,0.08991941452118057,0.1423414817655526,0.645,-1.989239014960537,-0.0853746546547367,0.16791889715127908,0.052000000000000046,0.0036302848441480684,0.032415134131099504,0.10109580132757412,0.06546363636363642,0.0035112851224209877,0,0,0,0,0,0,0,0
0.14695183522198352,-0.024830176752472306,0.589,-1.990827264579852,0.16393202209472657,-0.3924161376953125,0.08991941452118057,0.1423414817655526,0.645,-1.989239014960537,-0.057032420700802944,0.16717165851802493,0.05600000000000005,0.0015882496193149187,0.11524874448839295,0.07979548836569429,0.06508985507246383,-0.007290164401698775,0,0,0,0,0,0,0,0
0.12016375459252046,-0.016625729942336385,0.587,-1.9882616305794205,0.05148885726928711,-0.41707864379882814,0.08991941452118057,0.1423414817655526,0.645,-1.989239014960537,-0.030244340071339887,0.158967211707889,0.05800000000000005,-0.0009773843811164973,0.1227576567336252,0.037254835507656604,0.05669411764705888,-0.012296357912431567,0,0,0,0,0,0,0,0
0.0954818268434677,-0.002332302106265184,0.585,-1.9855214636537892,-0.04588116073608398,-0.4253614196777344,0.08991941452118057,0.1423414817655526,0.645,-1.989239014960537,-0.00556241232228713,0.14467378387181778,0.06000000000000005,-0.0037175513067477794,0.13434061466692732,-0.007071040486708938,0.05911111111111116,-0.01676596523832531,0,0,0,0,0,0,0,0
0.07176697246492453,0.016146254577812453,0.587,-1.9839157607419544,-0.11034676361083984,-0.43725296020507814,0.08991941452118057,0.1423414817655526,0.645,-1.989239014960537,0.018152442056256046,0.12619522718774015,0.05800000000000005,-0.005323254218582596,0.12936896062943398,-0.03063419567319038,0.036255072463768155,-0.01230457122656006,0,0,0,0,0,0,0,0
0.04742444286744113,0.041131358615224566,0.587,-1.9820482584423207,-0.19665640258789063,-0.484880859375,0.08991941452118057,0.1423414817655526,0.645,-1.989239014960537,0.042494971653739444,0.10121012315032804,0.05800000000000005,-0.0071907565182163236,0.15033665793473622,-0.08189170225959715,0.046400000000000045,-0.015679403334733267,0,0,0,0,0,0,0,0
0.02297950315735943,0.0701078959283496,0.587,-1.9804076489454456,-0.25182696533203125,-0.5098548889160156,0.08991941452118057,0.1423414817655526,0.645,-1.989239014960537,0.06693991136382114,0.07223358583720302,0.05800000000000005,-0.00883136601509138,0.161167401928606,-0.11525317812011127,0.046400000000000045,-0.016177378687666256,1488231807276,0,0,0,0,0,0,0
0.0010047525521934553,0.10218361477959799,0.588,-1.9791859184690497,-0.3100615539550781,-0.49396725463867186,0.08991941452118057,0.1423414817655526,0.645,-1.989239014960537,0.08891466196898712,0.040157866985954624,0.05700000000000005,-0.010053096491487334,0.19236430621157222,-0.19581532800580995,0.03886923076923081,-0.01710154154761784,1488231807276,0,0,0,0,0,0,0
-0.017299526244427557,0.1321485415275391,0.59,-1.9794826244418888,-0.3034716796875,-0.43048486328125,0.08991941452118057,0.1423414817655526,0.645,-1.989239014960537,0.10721894076560813,0.01019294023801351,0.05500000000000005,-0.009756390518648184,0.13470437644378325,-0.12765953446047917,0.03513924050632915,-0.00862965897622103,0,0,0,0,0,0,0,0
-0.03237854134588583,0.1658746412507542,0.595,-1.9800934896800866,-0.3743411865234375,-0.408600830078125,0.08991941452118057,0.1423414817655526,0.645,-1.989239014960537,0.1222979558670664,-0.0235331594852016,0.050000000000000044,-0.009145525280450428,0.16264234880873313,-0.2387691740334717,0.0063461538461538555,-0.005621302752386455,0,0,0,0,0,0,0,0
-0.041153673163667706,0.1974737507340744,0.599,-1.9830256428234374,-0.38245281982421875,-0.3093846130371094,0.08991941452118057,0.1423414817655526,0.645,-1.989239014960537,0.13107308768484827,-0.055132268968521775,0.04600000000000004,-0.006213372137099604,0.110048082048564,-0.18785147244313133,0.01651014492753625,0.006535119790512673,0,0,0,0,0,0,0,0
-0.044705641724726096,0.22624634243063493,0.604,-1.986533754619946,-0.37408804321289063,-0.22173362731933594,0.08991941452118057,0.1423414817655526,0.645,-1.989239014960537,0.13462505624590668,-0.08390486066508232,0.041000000000000036,-0.0027052603405910425,0.08704568679550007,-0.20180016198009976,0.0050222222222222335,0.014000033928497347,0,0,0,0,0,0,0,0
-0.043888644412280235,0.2543236176844268,0.61,-1.9894310011782566,-0.39023361206054685,-0.15888021850585937,0.08991941452118057,0.1423414817655526,0.645,-1.989239014960537,0.13380805893346082,-0.11198213591887418,0.03500000000000003,0.00019198621771954194,0.06263613305843113,-0.20266340137476768,-0.0033432835820895526,0.01316473200119977,0,0,0,0,0,0,0,0
-0.0390578345116348,0.27936389593532046,0.616,-1.9918570088385288,-0.37262564086914063,-0.08648346710205078,0.08991941452118057,0.1423414817655526,0.645,-1.989239014960537,0.12897724903281538,-0.13702241416976785,0.029000000000000026,0.0026179938779917755,0.04067477289350764,-0.19194919846252875,-0.006377464788732398,0.012868730470691356,0,0,0,0,0,0,0,0
-0.030353326700740993,0.29937692801471066,0.622,-1.992380607614127,-0.3273419189453125,-0.003535205841064453,0.08991941452118057,0.1423414817655526,0.645,-1.989239014960537,0.12027274122192157,-0.15703544624915805,0.02300000000000002,0.003141592653590042,0.011777993883772944,-0.18970123467674682,-0.014933333333333344,0.005634920156438929,0,0,0,0,0,0,0,0
-0.019232270238831936,0.31398303067209216,0.629,-1.9922060746889276,-0.26817041015625,0.06255606079101562,0.08991941452118057,0.1423414817655526,0.645,-1.989239014960537,0.10915168476001251,-0.17164154890653954,0.016000000000000014,0.0029670597283906197,-0.0026648894092315273,-0.16099924401332155,-0.023229411764705894,0.002197061528981405,0,0,0,0,0,0,0,0
-0.007114125134636225,0.32444471512369666,0.634,-1.9907050915322124,-0.21754978942871095,0.10167965698242187,0.08991941452118057,0.1423414817655526,0.645,-1.989239014960537,0.09703353965581679,-0.18210323335814405,0.01100000000000001,0.001466076571675412,-0.01295208214989596,-0.14411813201329776,-0.016562318840579723,-0.005059937153173316,0,0,0,0,0,0,0,0
0.006969820959261162,0.32941338711900353,0.641,-1.9879649246065816,-0.154180908203125,0.16252207946777344,0.08991941452118057,0.1423414817655526,0.645,-1.989239014960537,0.08294959356191942,-0.18707190535345092,0.0040000000000000036,-0.001274090353955426,-0.03554678342004157,-0.1207083776510599,-0.03508125000000003,-0.01411862281784998,0,0,0,0,0,0,0,0
0.021202713677571056,0.3290317090397899,0.648,-1.9847360654903918,-0.08126768493652343,0.19750384521484374,0.08991941452118057,0.1423414817655526,0.645,-1.989239014960537,0.06871670084360952,-0.18669022727423729,-0.0030000000000000027,-0.004502949470145179,-0.038899185628319684,-0.09138059411175437,-0.038429411764705906,-0.018747916159217615,0,0,0,0,0,0,0,0
0.03590761053087087,0.32395552428971264,0.654,-1.98217043148996,-0.019006927490234374,0.23257064819335938,0.08991941452118057,0.1423414817655526,0.645,-1.989239014960537,0.054011803990309706,-0.18161404252416002,-0.009000000000000008,-0.007068583470577039,-0.07196936528667083,-0.05664039313655998,-0.04758461538461543,-0.021870318088453154,0,0,0,0,0,0,0,0
0.05264303044855594,0.31420992014345867,0.663,-1.9793779046867692,0.03360857391357422,0.28854281616210936,0.08991941452118057,0.1423414817655526,0.645,-1.989239014960537,0.03727638407262463,-0.17186843837790605,-0.018000000000000016,-0.009861110273767792,-0.05550607342178611,-0.042757491958713915,-0.05427341772151903,-0.020465642437783312,0,0,0,0,0,0,0,0
0.07033620502938862,0.30034532403399056,0.666,-1.9772660562918563,0.08540542602539063,0.3261792297363281,0.08991941452118057,0.1423414817655526,0.645,-1.989239014960537,0.01958320949179196,-0.15800384226843794,-0.02100000000000002,-0.011972958668680755,-0.1070501141841311,0.012556732418872299,-0.036611320754717014,-0.023926817507810734,0,0,0,0,0,0,0,0
0.08893127431392714,0.28192865535984096,0.671,-1.9755207270398616,0.1434630584716797,0.3654205322265625,0.08991941452118057,0.1423414817655526,0.645,-1.989239014960537,0.000988140207253435,-0.13958717359428835,-0.026000000000000023,-0.01371828792067542,-0.08514111739095859,0.015020018939071053,-0.04382631578947373,-0.020607745494338574,0,0,0,0,0,0,0,0
0.10769864051348241,0.26118988211045335,0.675,-1.9749796749717434,0.1751005096435547,0.38126071166992187,0.08991941452118057,0.1423414817655526,0.645,-1.989239014960537,-0.017779225992301834,-0.11884840034490074,-0.030000000000000027,-0.014259339988793585,-0.135208423954696,0.08016369669842777,-0.050923076923076974,-0.01738079422793684,0,0,0,0,0,0,0,0
0.12514355623750725,0.23611999360959413,0.679,-1.9747527821689843,0.24283988952636718,0.38847686767578127,0.08991941452118057,0.1423414817655526,0.645,-1.989239014960537,-0.03522414171632668,-0.09377851184404151,-0.03400000000000003,-0.0144862327915527,-0.09902167757027928,0.07010355708198897,-0.04586666666666671,-0.015393804002589162,1488231808448,0,0,0,0,0,0,0
0.14225092518791108,0.21006335297980064,0.683,-1.9749098618016636,0.25852813720703127,0.3895838623046875,0.08991941452118057,0.1423414817655526,0.645,-1.989239014960537,-0.0523315106667305,-0.06772187121424803,-0.038000000000000034,-0.014329153158873398,-0.11421838963691433,0.10025412645798952,-0.050988235294117695,-0.013636154779405888,1488231808448,0,0,0,0,0,0,0
0.1569405420400376,0.18069610986201579,0.689,-1.9759046994753005,0.31838604736328124,0.3758055114746094,0.08991941452118057,0.1423414817655526,0.645,-1.989239014960537,-0.06702112751885703,-0.03835462809646317,-0.04399999999999993,-0.013334315485236559,-0.11511954627124253,0.1439740366061287,-0.0685333333333327,-0.00859699322982304,1488231808448,0,0,0,0,0,0,0
0.1676724529770494,0.14975157050878482,0.692,-1.976672644346178,0.3631535339355469,0.3308861694335937,0.08991941452118057,0.1423414817655526,0.645,-1.989239014960537,-0.07775303845586884,-0.007410088743232207,-0.04699999999999993,-0.012566370614359057,-0.09331374861857404,0.15326001031868586,-0.05281739130434778,-0.009227479871413398,1488231808448,0,0,0,0,0,0,0
0.1704634740570262,0.11650295007889555,0.703,-1.9793953579792891,0.4416814880371094,0.23537435913085938,0.08991941452118057,0.1423414817655526,0.645,-1.989239014960537,-0.08054405953584562,0.025838531686657062,-0.05799999999999994,-0.009843656981247895,-0.04772895631747909,0.10175145783158229,-0.07578931297709922,-0.0036084349206879814,1488231808448,0,0,0,0,0,0,0
0.16805462914463518,0.08283410099810219,0.709,-1.9823100578301198,0.4778139953613281,0.1675034942626953,0.08991941452118057,0.1423414817655526,0.645,-1.989239014960537,-0.0781352146234546,0.05950738076745042,-0.06399999999999995,-0.00692895713041719,-0.023160140909145113,0.2520951465776436,-0.09082264150943395,0.009569343912020759,1488231808832,0,0,0,0,0,0,0
0.1628535626800845,0.04622102726613382,0.697,-1.9853992906061495,0.5345534057617187,0.14817393493652345,0.08991941452118057,0.1423414817655526,0.645,-1.989239014960537,-0.07293414815890392,0.09612045449941879,-0.051999999999999935,-0.003839724354387508,-0.013424374552961606,0.21027004758121484,0.011564556962025414,0.007891539352054324,1488231808911,0,0,0,0,0,0,0
0.15477022503744312,0.007373605470869711,0.683,-1.9871097132731042,0.5821846313476563,0.12375428771972656,0.08991941452118057,0.1423414817655526,0.645,-1.989239014960537,-0.06485081051626254,0.1349678762946829,-0.038000000000000034,-0.0021293016874328607,0.021981675028878017,0.3289569694616191,0.06383076923076854,0.007738521391151642,0,0,0,0,0,0,0,0
0.14499891075865082,-0.028014977154282368,0.663,-1.9914730364030897,0.5447600708007813,0.0806120147705078,0.08991941452118057,0.1423414817655526,0.645,-1.989239014960537,-0.055079496237470243,0.17035645891983497,-0.018000000000000016,0.0022340214425526916,0.025897126843410258,0.27870954069121784,0.09497500000000007,0.02268709861435997,0,0,0,0,0,0,0,0
0.1323188568933442,-0.06018865352207722,0.628,-1.9951731344173178,0.5182020263671875,0.023467716217041017,0.08991941452118057,0.1423414817655526,0.645,-1.989239014960537,-0.042399442372163615,0.20253013528762984,0.017000000000000015,0.005934119456780795,0.034977732647555146,0.24380667180493137,0.1686632911392406,0.019985124574102706,0,0,0,0,0,0,0,0
0.11767713994162249,-0.08748342207409047,0.601,-1.9966392109889932,0.4635355529785156,-0.03156344223022461,0.08991941452118057,0.1423414817655526,0.645,-1.989239014960537,-0.027757725420441914,0.2298249038396431,0.04400000000000004,0.007400196028456207,0.07602641681789474,0.2825119079409556,0.2009894736842107,0.015116388510958374,0,0,0,0,0,0,0,0
0.10384498413043156,-0.10985084379986192,0.564,-1.9982798204858676,0.3912556762695312,-0.050356388092041016,0.08991941452118057,0.1423414817655526,0.645,-1.989239014960537,-0.013925569609250982,0.25219232556541454,0.08100000000000007,0.009040805525330597,0.06320032438257489,0.23955409907285224,0.25248115942029004,0.016173890294349683,0,0,0,0,0,0,0,0
0.08574692208611329,-0.12773477442966288,0.514,-1.9977213151252295,0.35666583251953127,-0.13582643127441407,0.08991941452118057,0.1423414817655526,0.645,-1.989239014960537,0.004172492435067288,0.27007625619521547,0.131,0.008482300164692536,0.10425272549997548,0.23599580100777426,0.3870580645161287,0.005779854871282559,0,0,0,0,0,0,0,0
0.06678839844521565,-0.13664975966623288,0.461,-1.996063252335835,0.23947549438476562,-0.2034811248779297,0.08991941452118057,0.1423414817655526,0.645,-1.989239014960537,0.02313101607596492,0.2789912414317855,0.184,0.006824237375298026,0.09887449848948471,0.18055147377904418,0.391278947368421,0.0002792526803196971,0,0,0,0,0,0,0,0
0.050979219378751356,-0.1367891731132787,0.408,-1.9940037638184818,0.09973939514160156,-0.2151527557373047,0.08991941452118057,0.1423414817655526,0.645,-1.989239014960537,0.03894019514242922,0.2791306548788313,0.23700000000000004,0.004764748857944756,0.12796446371361667,0.14052208638973013,0.5533254901960788,-0.007349889479427418,0,0,0,0,0,0,0,0
0.0375262289726738,-0.125001846310923,0.355,-1.9919442753011285,-0.07833656311035156,-0.25660531616210935,0.08991941452118057,0.1423414817655526,0.645,-1.989239014960537,0.05239318554850678,0.26734332807647565,0.29000000000000004,0.0027052603405914866,0.08656257536562703,0.0807798130020265,0.46982051282051285,-0.0052158493415364725,0,0,0,0,0,0,0,0
0.030850142889823517,-0.10272185138422374,0.303,-1.9892215616680173,-0.26405902099609374,-0.2280146942138672,0.08991941452118057,0.1423414817655526,0.645,-1.989239014960537,0.059069271631357056,0.24506333314977635,0.342,-0.000017453292519675756,0.07362199674016151,-0.02460037539388077,0.6169962264150943,-0.015429039895035688,0,0,0,0,0,0,0,0
0.02956839776473847,-0.0829436479250589,0.251,-1.9866035677900258,-0.26326702880859376,-0.13811233520507812,0.08991941452118057,0.1423414817655526,0.645,-1.989239014960537,0.060351016756442104,0.2252851296906115,0.394,-0.0026354471705112292,0.036584234003646285,0.01375154754948156,0.5751999999999999,-0.01385542093333217,0,0,0,0,0,0,0,0
0.030703999250897642,-0.06186692841608929,0.206,-1.9852073043884302,-0.29609228515625,-0.11211975860595703,0.08991941452118057,0.1423414817655526,0.645,-1.989239014960537,0.05921541527028293,0.2042084101816419,0.43900000000000006,-0.004031710572106828,0.02329881048981271,-0.014988681070121329,0.6012000000000003,-0.01068058391303825,0,0,0,0,0,0,0,0
0.0331310620528798,-0.03422909002061858,0.173,-1.9848582385380313,-0.39413482666015626,-0.13360166931152342,0.08991941452118057,0.1423414817655526,0.645,-1.989239014960537,0.05678835246830077,0.1765705717861712,0.47200000000000003,-0.004380776422505672,0.01675757375889348,-0.04422489819478767,0.5358191780821917,-0.00581529361592558,0,0,0,0,0,0,0,0
0.036898033478399504,-0.018609439642376317,0.12,-1.9844742661025927,-0.23722903442382812,-0.04253450775146484,0.08991941452118057,0.1423414817655526,0.645,-1.989239014960537,0.05302138104278107,0.16095092140792894,0.525,-0.004764748857944312,0.007121867007686182,0.00008020140418815713,0.6927941176470588,-0.0064587448966441936,0,0,0,0,0,0,0,0
0.04074738274291702,-0.0003970145526112998,0.067,-1.9838983074494345,-0.2733531188964844,-0.056945621490478514,0.08991941452118057,0.1423414817655526,0.645,-1.989239014960537,0.049172031778263556,0.1427384963181639,0.5780000000000001,-0.005340707511102494,0.0032007421973678125,-0.029810891228501557,0.7568444444444448,-0.008083367764236692,0,0,0,0,0,0,0,0
0.04074738274291702,-0.0003970145526112998,0,-1.973181985842189,0,0,0.08991941452118057,0.1423414817655526,0.645,-1.989239014960537,0.049172031778263556,0.1427384963181639,0.645,-0.016057029118347943,0.024586015889131778,0.07136924815908195,0.8558550724637679,-0.06264973175854555,0,0,0,0,0,0,0,0
