-0.17829171668702057,0.021923328984062157,0.707,1.343519551600195,-0.03732223129272461,-0.010212657928466796,0.2719153829558522,1.9731467444019704,0.711,1.3436940845253946,0.45020709964287275,1.9512234154179082,0.0040000000000000036,0.00017453292519964414,0.22510354982143638,0.9756117077089541,0.003200000000000003,0.00017453292519964414,0,0,0,0,0,0,0,0
-0.1775204445741213,0.01947968035730177,0.706,1.3438686174505938,-0.033105297088623045,-0.019530799865722655,0.2719153829558522,1.9731467444019704,0.711,1.3436940845253946,0.4494358275299735,1.9536670640446685,0.0050000000000000044,-0.00017453292519920005,0.21980981850108253,0.992384023283536,0.010363636363636373,-0.002078528472829259,0,0,0,0,0,0,0,0
-0.17604385641654896,0.016872871293983648,0.705,1.3439035240356338,-0.03311648941040039,-0.030378372192382812,0.2719153829558522,1.9731467444019704,0.711,1.3436940845253946,0.4479592393724012,1.9562738731079867,0.006000000000000005,-0.0002094395102392177,0.2163795335810488,0.9915543361446019,0.00994705882352942,-0.0003634391501216484,0,0,0,0,0,0,0,0
-0.1753015972506151,0.014913946436772877,0.702,1.3426468869741979,-0.02612618637084961,-0.017458459854125977,0.2719153829558522,1.9731467444019704,0.711,1.3436940845253946,0.4472169802064673,1.9582327979651974,0.009000000000000008,0.0010471975511967546,0.21948482807026753,0.9899993148559916,0.02386666666666669,0.007031183558034717,0,0,0,0,0,0,0,0
-0.17487297495077764,0.015204822711873622,0.697,1.3420011151509599,0.00570423698425293,-0.005275893211364746,0.2719153829558522,1.9731467444019704,0.711,1.3436940845253946,0.44678835790662985,1.9579419216900966,0.014000000000000012,0.0016929693744347496,0.22122000786718307,0.9774955014785949,0.03656231884057974,0.00450067295373038,0,0,0,0,0,0,0,0
-0.1747791507591587,0.01909959576942914,0.693,1.3411633571100026,0.05721834564208984,0.011879581451416016,0.2719153829558522,1.9731467444019704,0.711,1.3436940845253946,0.4466945337150109,1.9540471486325413,0.018000000000000016,0.0025307274153920645,0.22287814589941063,0.9575497090284938,0.03440000000000003,0.006121119019494842,0,0,0,0,0,0,0,0
-0.17550442123261825,0.02800855489647151,0.685,1.3409190110147235,0.1276501922607422,0.04101136016845703,0.2719153829558522,1.9731467444019704,0.711,1.3436940845253946,0.4474198041884705,1.9451381895054989,0.025999999999999912,0.0027750735106710778,0.22824284255335778,0.9168881002087347,0.07079999999999928,0.004084070449665792,0,0,0,0,0,0,0,0
-0.17660704825006707,0.042552896722242696,0.683,1.3393831212729685,0.20865751647949218,0.06581501007080078,0.2719153829558522,1.9731467444019704,0.711,1.3436940845253946,0.4485224312059193,1.9305938476797277,0.027999999999999914,0.004310963252426081,0.22940680835105398,0.897423328652932,0.03173333333333327,0.010454522219446094,0,0,0,0,0,0,0,0
-0.17732238179474782,0.06513508679847996,0.679,1.3439907904982336,0.32724237060546874,0.08813346862792969,0.2719153829558522,1.9731467444019704,0.711,1.3436940845253946,0.44923776475060007,1.9080116576034905,0.03199999999999992,-0.00029670597283892874,0.22824738586281126,0.8394584878353242,0.04588985507246372,-0.02033005043051288,0,0,0,0,0,0,0,0
-0.17693157055065215,0.09510769355771452,0.676,1.3568713203779517,0.4393931884765625,0.0953852767944336,0.2719153829558522,1.9731467444019704,0.711,1.3436940845253946,0.4488469535065044,1.878039050844256,0.03499999999999992,-0.013177235852557034,0.22221728424626044,0.7698193259748363,0.04493548387096769,-0.07550238043183818,0,0,0,0,0,0,0,0
-0.17562243285294485,0.13347323217807763,0.677,1.3679541611281159,0.566533935546875,0.10298392486572265,0.2719153829558522,1.9731467444019704,0.711,1.3436940845253946,0.44753781580879703,1.8396735122238927,0.03399999999999992,-0.024260076602721226,0.21722321941586176,0.7280090630101305,0.02219999999999993,-0.07175796553199632,0,0,0,0,0,0,0,0
-0.17348681038243643,0.17929555115988918,0.676,1.3773091259188053,0.6796964721679688,0.10708879852294922,0.2719153829558522,1.9731467444019704,0.711,1.3436940845253946,0.4454021933382887,1.793851193242081,0.03499999999999992,-0.03361504139341065,0.21083652738854236,0.642357157833198,0.0335555555555555,-0.078162492777646,0,0,0,0,0,0,0,0
-0.17108785428181666,0.23449681884263235,0.677,1.3858612392535774,0.819487060546875,0.12390044403076172,0.2719153829558522,1.9731467444019704,0.711,1.3436940845253946,0.4430032372376689,1.738649925559338,0.03399999999999992,-0.042167154728182776,0.20535479871081658,0.4977779687612055,0.020469230769230698,-0.0915062701210989,0,0,0,0,0,0,0,0
-0.16718365633011167,0.2977117776501337,0.678,1.3937850340576317,0.9428241577148437,0.11679772186279297,0.2719153829558522,1.9731467444019704,0.711,1.3436940845253946,0.4390990392859639,1.6754349667518367,0.03299999999999992,-0.05009094953223703,0.1997456169894059,0.5170618952219264,0.021327536231883992,-0.08454223128899464,0,0,0,0,0,0,0,0
-0.1590120768714725,0.36614817687510787,0.678,1.4010106971608882,1.03208935546875,0.06010439682006836,0.2719153829558522,1.9731467444019704,0.711,1.3436940845253946,0.4309274598273247,1.6069985675268625,0.03299999999999992,-0.05731661263549359,0.1700660662545559,0.42329706584690835,0.026399999999999937,-0.09172453217481055,0,0,0,0,0,0,0,0
-0.14724422633081144,0.4395756546073606,0.678,1.4080094674613857,1.1154013671875,0.012127175331115722,0.2719153829558522,1.9731467444019704,0.711,1.3436940845253946,0.4191596092866636,1.5335710897946098,0.03299999999999992,-0.06431538293599104,0.16054709405724393,0.4608377210129183,0.026399999999999937,-0.08931099115205335,0,0,0,0,0,0,0,0
-0.13248366918384435,0.5200133212984777,0.678,1.4131930953398086,1.2264969482421875,-0.02293461799621582,0.2719153829558522,1.9731467444019704,0.711,1.3436940845253946,0.40439905213969657,1.4531334231034927,0.03299999999999992,-0.06949901081441401,0.1175078047347914,0.2650391157830419,0.026399999999999937,-0.09499226267551059,0,0,0,0,0,0,0,0
-0.11195532552556031,0.605245180621074,0.679,1.4221291811100198,1.310962158203125,-0.10344967651367187,0.2719153829558522,1.9731467444019704,0.711,1.3436940845253946,0.3838707084814125,1.3679015637808964,0.03199999999999992,-0.07843509658462522,0.07967097485946541,0.21783905122000002,0.02013124999999993,-0.12032299863249027,0,0,0,0,0,0,0,0
-0.08513229694338828,0.6928714704149125,0.682,1.43120489322039,1.3594912109375,-0.20321907043457033,0.2719153829558522,1.9731467444019704,0.711,1.3436940845253946,0.35704767989924047,1.280275273987058,0.028999999999999915,-0.08751080869499539,0.02205617322028322,0.12898427986280459,0.005699999999999917,-0.13288936924684625,0,0,0,0,0,0,0,0
-0.05558094252144587,0.7846632646473637,0.686,1.4384305563236466,1.425159912109375,-0.2473819580078125,0.2719153829558522,1.9731467444019704,0.711,1.3436940845253946,0.32749632547729807,1.1884834797546067,0.02499999999999991,-0.09473647179825195,0.0138499881345934,0.12863118942284024,-0.00028985507246385295,-0.12615239833415004,0,0,0,0,0,0,0,0
-0.026244097116894023,0.8811768453377256,0.686,1.444818461385946,1.4931177978515624,-0.24513595581054687,0.2719153829558522,1.9731467444019704,0.711,1.3436940845253946,0.29815948007274623,1.0919698990642448,0.02499999999999991,-0.10112437686055142,-0.013902734433359293,0.00979839014122319,0.01999999999999993,-0.13154297239531082,0,0,0,0,0,0,0,0
0.0065339034279253486,0.9819456442174512,0.686,1.4514507125435243,1.561329345703125,-0.29785736083984377,0.2719153829558522,1.9731467444019704,0.711,1.3436940845253946,0.26538147952792684,0.9912011001845191,0.02499999999999991,-0.10775662801812969,-0.03601955715790103,-0.023062385318093126,0.01999999999999993,-0.13701655959568082,0,0,0,0,0,0,0,0
0.04440998598960599,1.0834124683121955,0.687,1.4581178702861428,1.5788203125,-0.3828865051269531,0.2719153829558522,1.9731467444019704,0.711,1.3436940845253946,0.22750539696624622,0.8897342760897748,0.02399999999999991,-0.11442378576074819,-0.13637237503740932,-0.22519679465625408,0.012596226415094263,-0.15216241449255102,0,0,0,0,0,0,0,0
0.08345985937465875,1.1898902498752695,0.684,1.4642265226681226,1.65289990234375,-0.4024478759765625,0.2719153829558522,1.9731467444019704,0.711,1.3436940845253946,0.18845552358119347,0.7832564945267009,0.026999999999999913,-0.12053243814272796,-0.08099602903976817,-0.08615667000685329,0.03506153846153841,-0.14402725499649632,0,0,0,0,0,0,0,0
0.12316412961355933,1.2984716283857833,0.686,1.4689563649410273,1.6828297119140625,-0.41894122314453125,0.2719153829558522,1.9731467444019704,0.711,1.3436940845253946,0.1487512533422929,0.674675116016187,0.02499999999999991,-0.1252622804156327,-0.18296686561802394,-0.36643063604153325,0.007037037037036958,-0.15153918193177013,0,0,0,0,0,0,0,0
0.15754741293173066,1.413135114413635,0.689,1.4750301107379675,1.7634739990234376,-0.33821978759765625,0.2719153829558522,1.9731467444019704,0.711,1.3436940845253946,0.11436797002412155,0.5600116299883353,0.02200000000000002,-0.1313360262125729,-0.1197887967726446,-0.3101738925021278,0.002158823529412341,-0.15813196355201495,0,0,0,0,0,0,0,0
0.19508001388090562,1.5238797741029617,0.697,1.4822383205487044,1.7073912353515626,-0.40156845092773436,0.2719153829558522,1.9731467444019704,0.711,1.3436940845253946,0.07683536907494659,0.44926697029900864,0.014000000000000012,-0.13854423602330979,-0.17009676518016534,-0.39061462423564375,-0.03324444444444447,-0.1728690446458664,0,0,0,0,0,0,0,0
0.23345080914659533,1.6358348436975638,0.703,1.4896036099921206,1.7236492919921875,-0.4247830200195313,0.2719153829558522,1.9731467444019704,0.711,1.3436940845253946,0.038464573809256886,0.33731190070440653,0.008000000000000007,-0.14590952546672598,-0.15518041884850658,-0.34023072962326084,-0.02087272727272729,-0.1746054583631527,0,0,0,0,0,0,0,0
0.2683563113415747,1.7423189750629549,0.708,1.496550020415058,1.6344644775390624,-0.3923140869140625,0.2719153829558522,1.9731467444019704,0.711,1.3436940845253946,0.003559071614277487,0.2308277693390155,0.0030000000000000027,-0.15285593588966329,-0.18910992932165482,-0.46692120873497445,-0.024943750000000018,-0.1854172347471819,0,0,0,0,0,0,0,0
0.29541876679873413,1.8368828958343029,0.715,1.502990285354917,1.44466259765625,-0.29959988403320315,0.2719153829558522,1.9731467444019704,0.711,1.3436940845253946,-0.02350338384288192,0.1362638485676675,-0.0040000000000000036,-0.15929620082952245,-0.16209866668343767,-0.45722319111254406,-0.04208888888888892,-0.1899641291145661,0,0,0,0,0,0,0,0
0.31818551588488914,1.9178175499937788,0.723,1.5089767646892573,1.2343681640625,-0.258461669921875,0.2719153829558522,1.9731467444019704,0.711,1.3436940845253946,-0.04627013292903692,0.05532919440819151,-0.01200000000000001,-0.16528268016386272,-0.13861857632182645,-0.38287350360484035,-0.05017971014492758,-0.19131085118273344,0,0,0,0,0,0,0,0
0.3346379251992888,1.988177976949172,0.73,1.5151028703637577,1.0686368408203124,-0.18111151123046876,0.2719153829558522,1.9731467444019704,0.711,1.3436940845253946,-0.0627225422434366,-0.015031232547201734,-0.019000000000000017,-0.17140878583836305,-0.11730669291335838,-0.3750700854435655,-0.05176716417910452,-0.1988391097540362,0,0,0,0,0,0,0,0
0.34643283832559274,2.046714642740241,0.739,1.5231139316304119,0.8865369873046876,-0.12777301788330078,0.2719153829558522,1.9731467444019704,0.711,1.3436940845253946,-0.07451745536974053,-0.07356789833827082,-0.028000000000000025,-0.17941984710501724,-0.11097693472426981,-0.40263811036331715,-0.07865000000000007,-0.2223362467478075,0,0,0,0,0,0,0,0
0.3532965734244597,2.092169864256835,0.743,1.532242003618342,0.685960693359375,-0.07034011840820313,0.2719153829558522,1.9731467444019704,0.711,1.3436940845253946,-0.08138119046860748,-0.1190231198548648,-0.03200000000000003,-0.18854791909294732,-0.07188939113824443,-0.2661262031846777,-0.04378181818181822,-0.22411183592903858,0,0,0,0,0,0,0,0
0.3529423974204776,2.123626948615539,0.742,1.5413700756062723,0.47130084228515623,0.02349628448486328,0.2719153829558522,1.9731467444019704,0.711,1.3436940845253946,-0.0810270144646254,-0.15048020421356845,-0.031000000000000028,-0.19767599108087763,-0.037876026351595114,-0.3094949856290454,-0.017353191489361718,-0.2559402803655392,0,0,0,0,0,0,0,0
0.347763033707583,2.142591989600581,0.732,1.5517198780705985,0.282066650390625,0.08602666473388672,0.2719153829558522,1.9731467444019704,0.711,1.3436940845253946,-0.07584765075173078,-0.1694452451986106,-0.02100000000000002,-0.2080257935452039,-0.016343143238804453,-0.16374362670364756,0.024866666666666683,-0.24498937377494054,0,0,0,0,0,0,0,0
0.338755342182443,2.150517590092739,0.725,1.5658395917192327,0.11628501129150391,0.13735853576660156,0.2719153829558522,1.9731467444019704,0.711,1.3436940845253946,-0.0668399592265908,-0.17737084569076855,-0.014000000000000012,-0.22214550719383808,0.02093677959013545,-0.13651232236702712,0.031041379310344855,-0.29517850882470453,0,0,0,0,0,0,0,0
0.3283050650173278,2.1480732801088287,0.713,1.5812857555993827,-0.037441184997558594,0.15657049560546876,0.2719153829558522,1.9731467444019704,0.711,1.3436940845253946,-0.0563896820614756,-0.17492653570685834,-0.0020000000000000018,-0.23759167107398804,0.022605117410794455,-0.07558120543164343,0.05673333333333338,-0.3019506872412796,0,0,0,0,0,0,0,0
0.31478930853352144,2.1372585173168925,0.707,1.596190867411414,-0.16008596801757813,0.20442677307128906,0.2719153829558522,1.9731467444019704,0.711,1.3436940845253946,-0.042873925577669225,-0.16411177291492218,0.0040000000000000036,-0.2524967828860194,0.05874125364052522,-0.017900513962924552,0.03879322033898308,-0.3282854870149924,0,0,0,0,0,0,0,0
0.2999583749012889,2.1186413682583813,0.705,1.6086350649781338,-0.2735184326171875,0.2294831237792969,0.2719153829558522,1.9731467444019704,0.711,1.3436940845253946,-0.02804299194543669,-0.145494623856411,0.006000000000000005,-0.26494098045273917,0.061207877524113344,0.021687502136706352,0.014944927536231896,-0.31904618726456424,0,0,0,0,0,0,0,0
0.2832227508841923,2.0950058521928048,0.705,1.617414071115665,-0.34478240966796875,0.2642665405273438,0.2719153829558522,1.9731467444019704,0.711,1.3436940845253946,-0.011307367928340084,-0.12185910779083442,0.006000000000000005,-0.2737199865902704,0.08732200501969999,0.07037886869111926,0.004800000000000005,-0.31552477772137155,0,0,0,0,0,0,0,0
0.2663423176532624,2.0683536942317664,0.706,1.622737325334248,-0.38754840087890624,0.2715616149902344,0.2719153829558522,1.9731467444019704,0.711,1.3436940845253946,0.00557306530258983,-0.09520694982979605,0.0050000000000000044,-0.27904324080885345,0.09096790027555567,0.09162421592634717,-0.0012238805970149255,-0.3028787074592253,0,0,0,0,0,0,0,0
0.25191429831719486,2.039217551177553,0.704,1.6219170205858107,-0.42521670532226563,0.23881861877441407,0.2719153829558522,1.9731467444019704,0.711,1.3436940845253946,0.02000108463865735,-0.06607080677558286,0.007000000000000006,-0.27822293606041604,0.10351548246050704,0.15580996825988666,0.01856296296296298,-0.2736656874579859,0,0,0,0,0,0,0,0
0.23966922676506502,2.010523154227365,0.701,1.6175886040408647,-0.42046810913085936,0.20542970275878905,0.2719153829558522,1.9731467444019704,0.711,1.3436940845253946,0.03224615619078719,-0.03737640982539481,0.010000000000000009,-0.27389451951547006,0.0820580787607081,0.13582008635754594,0.02415384615384617,-0.25391721238495013,0,0,0,0,0,0,0,0
0.230265862561096,1.9819258162612827,0.703,1.613225280910879,-0.42189288330078123,0.16096076965332032,0.2719153829558522,1.9731467444019704,0.711,1.3436940845253946,0.04164952039475622,-0.00877907185931237,0.008000000000000007,-0.2695311963854843,0.06994681200915664,0.1449995429976401,-0.004047761194029852,-0.24999392863927933,0,0,0,0,0,0,0,0
0.2237985681221731,1.9561521509107689,0.701,1.6090888505836523,-0.38214227294921876,0.1133204345703125,0.2719153829558522,1.9731467444019704,0.711,1.3436940845253946,0.048116814833679106,0.01699459349120147,0.010000000000000009,-0.2653947660582576,0.05506598349386707,0.13206966486450272,0.017589041095890427,-0.24839573731623027,0,0,0,0,0,0,0,0
0.220224162479962,1.9352106470314332,0.7,1.6035561568548302,-0.31183969116210936,0.06560238647460938,0.2719153829558522,1.9731467444019704,0.711,1.3436940845253946,0.051691220475890226,0.03793609737053716,0.01100000000000001,-0.2598620723294356,0.045703419361340224,0.13530973690380016,0.014355555555555568,-0.23351591171599734,0,0,0,0,0,0,0,0
0.21881279592574818,1.919696730271807,0.703,1.5982852625138073,-0.2318904724121094,0.028781274795532226,0.2719153829558522,1.9731467444019704,0.711,1.3436940845253946,0.05310258703010404,0.05345001413016326,0.008000000000000007,-0.2545911779884127,0.03371039922483222,0.10541878772985169,-0.00881739130434783,-0.2316742460709218,0,0,0,0,0,0,0,0
0.22024004643912046,1.9082135063838328,0.716,1.593782313043662,-0.17277171325683593,-0.01666634178161621,0.2719153829558522,1.9731467444019704,0.711,1.3436940845253946,0.05167533651673176,0.06493323801813755,-0.0050000000000000044,-0.2500882285182673,0.018491525910126202,0.09157144784423057,-0.07091176470588241,-0.23022227497350817,0,0,0,0,0,0,0,0
0.22324135430742004,1.9017527848002262,0.729,1.589488803083756,-0.09791995239257813,-0.042780330657958984,0.2719153829558522,1.9731467444019704,0.711,1.3436940845253946,0.04867402864843218,0.0713939596017441,-0.018000000000000016,-0.24579471855836132,0.007394147325750718,0.07216879519219938,-0.08778709677419362,-0.22501967036526796,0,0,0,0,0,0,0,0
0.2278813054024622,1.9003587963405044,0.737,1.5852301997088898,-0.022207080841064455,-0.06919627380371093,0.2719153829558522,1.9731467444019704,0.711,1.3436940845253946,0.044034077553390005,0.07278794806146593,-0.026000000000000023,-0.24153611518349516,-0.0011827166985158531,0.04336391632934211,-0.06080000000000005,-0.22328495786264016,0,0,0,0,0,0,0,0
0.23418502576975234,1.9028508516362226,0.744,1.5804130909733856,0.036012176513671876,-0.09508548736572266,0.2719153829558522,1.9731467444019704,0.711,1.3436940845253946,0.03773035718609988,0.07029589276574777,-0.03300000000000003,-0.23671900644799093,-0.014563641536518915,0.02193250163285331,-0.06352121212121217,-0.21482305765024445,0,0,0,0,0,0,0,0
0.24192467270508333,1.9083670301628015,0.744,1.575561075652841,0.08162241363525391,-0.11688504028320312,0.2719153829558522,1.9731467444019704,0.711,1.3436940845253946,0.02999071025076888,0.06477971423916884,-0.03300000000000003,-0.23186699112744646,-0.02667966683409015,0.002687357361082495,-0.026400000000000024,-0.20947307426339506,0,0,0,0,0,0,0,0
0.2507658273805986,1.9167982067705096,0.747,1.572262403366572,0.1258343276977539,-0.13321839904785157,0.2719153829558522,1.9731467444019704,0.711,1.3436940845253946,0.02114955557525361,0.05634853763146075,-0.03600000000000003,-0.22856831884117734,-0.04781020591860612,-0.02750331255592682,-0.048611320754717025,-0.20989658891889929,0,0,0,0,0,0,0,0
0.2606315436087387,1.9272947528641384,0.756,1.5696444094885804,0.15723106384277344,-0.14821641540527344,0.2719153829558522,1.9731467444019704,0.711,1.3436940845253946,0.011283839347113522,0.045851991537831926,-0.04500000000000004,-0.2259503249631858,-0.039792299798141,-0.02541336124121677,-0.0774473684210527,-0.21561613860269283,0,0,0,0,0,0,0,0
0.2716350896609328,1.9407882155910812,0.76,1.5665377234200304,0.20259193420410157,-0.16481993103027343,0.2719153829558522,1.9731467444019704,0.711,1.3436940845253946,0.00028029329491940924,0.03235852881088919,-0.049000000000000044,-0.22284363889463576,-0.0698824191392301,-0.06968822567510011,-0.06465454545454552,-0.20589807852072656,0,0,0,0,0,0,0,0
0.2832668241589935,1.9565308940650203,0.763,1.5649669270932356,0.2368810577392578,-0.17346881103515624,0.2719153829558522,1.9731467444019704,0.711,1.3436940845253946,-0.0113514412031413,0.01661585033695001,-0.052000000000000046,-0.22127284256784097,-0.06467727240332785,-0.07154624100368022,-0.056817391304347875,-0.21444329332090706,0,0,0,0,0,0,0,0
0.29439021873403914,1.972544505771107,0.767,1.563308864303841,0.2411727294921875,-0.1654478454589844,0.2719153829558522,1.9731467444019704,0.711,1.3436940845253946,-0.02247483577818693,0.0006022386308632832,-0.05600000000000005,-0.21961477977844646,-0.0611500858540418,-0.07155483064777803,-0.062748717948718,-0.21323761520385218,0,0,0,0,0,0,0,0
0.3047086953741885,1.9876428495430518,0.77,1.561231922493968,0.227627685546875,-0.1530771026611328,0.2719153829558522,1.9731467444019704,0.711,1.3436940845253946,-0.03279331241833627,-0.014496105141081461,-0.05900000000000005,-0.2175378379685733,-0.08327567146939537,-0.10510768812944185,-0.0666444444444445,-0.2059992723581668,0,0,0,0,0,0,0,0
0.31401010845662425,2.0009939715380805,0.775,1.5600276453100916,0.2015920867919922,-0.1375994110107422,0.2719153829558522,1.9731467444019704,0.711,1.3436940845253946,-0.042094725500772034,-0.027847227136110098,-0.06400000000000006,-0.216333560784697,-0.0689222830276289,-0.08264262383658479,-0.07693529411764713,-0.21102057320877224,0,0,0,0,0,0,0,0
0.3223734810241043,2.0112653878886144,0.779,1.5590502609289747,0.15541322326660156,-0.1237842025756836,0.2719153829558522,1.9731467444019704,0.711,1.3436940845253946,-0.05045809806825208,-0.038118643486644066,-0.06800000000000006,-0.21535617640358007,-0.07169222996457073,-0.07612274591295519,-0.07662222222222229,-0.21070196506492797,0,0,0,0,0,0,0,0
0.32882218043056055,2.018864962565523,0.78,1.5573921981395802,0.11512193298339844,-0.09538487243652344,0.2719153829558522,1.9731467444019704,0.711,1.3436940845253946,-0.05690679747470834,-0.045718218163552704,-0.06900000000000006,-0.21369811361418556,-0.06164523391764373,-0.06197456697762963,-0.06034705882352947,-0.20638313071979802,0,0,0,0,0,0,0,0
0.3340120584159404,2.0244699710819436,0.781,1.5558563083978252,0.08511103057861329,-0.0767142562866211,0.2719153829558522,1.9731467444019704,0.711,1.3436940845253946,-0.06209667546008818,-0.051323226679973244,-0.07000000000000006,-0.21216222387243056,-0.057373805771825895,-0.0540928159595111,-0.061072463768115995,-0.20548444238653923,0,0,0,0,0,0,0,0
0.3360344054524601,2.02805185822772,0.776,1.5537444600029122,0.05417550277709961,-0.02952914810180664,0.2719153829558522,1.9731467444019704,0.711,1.3436940845253946,-0.06411902249660789,-0.054905113825749696,-0.06500000000000006,-0.2100503754775176,-0.04347598645446361,-0.04767288757451611,-0.023774193548387123,-0.1998317542118097,0,0,0,0,0,0,0,0
0.33563903613974944,2.0296228600598387,0.769,1.551929317580838,0.023460479736328126,0.0063314857482910155,0.2719153829558522,1.9731467444019704,0.711,1.3436940845253946,-0.06372365318389722,-0.056476115657868364,-0.05800000000000005,-0.20823523305544334,-0.029765171145755668,-0.03656912815077561,-0.009278787878787893,-0.19998458568237854,0,0,0,0,0,0,0,0
0.3342468272292664,2.028601801820757,0.762,1.550393427839083,-0.015707126617431642,0.02059046936035156,0.2719153829558522,1.9731467444019704,0.711,1.3436940845253946,-0.062331444273414194,-0.055455057418786646,-0.051000000000000045,-0.20669934331368833,-0.02246441644618817,-0.021345914715132586,0.0029500000000000012,-0.19847136255428652,0,0,0,0,0,0,0,0
0.3306294353587227,2.026130106158045,0.757,1.5485433788319687,-0.038174720764160154,0.05349319076538086,0.2719153829558522,1.9731467444019704,0.711,1.3436940845253946,-0.058714052402870476,-0.05298336175607443,-0.04600000000000004,-0.20484929430657406,-0.013330606521811172,-0.015541130473616013,-0.014648101265822798,-0.19782379174791226,0,0,0,0,0,0,0,0
0.3253464663327225,2.0223030472826578,0.754,1.5480546866414107,-0.05915494918823242,0.07794757080078125,0.2719153829558522,1.9731467444019704,0.711,1.3436940845253946,-0.0534310833768703,-0.0491563028806874,-0.04300000000000004,-0.20436060211601603,0.008171989615339569,0.0006948788688159666,-0.014588679245283037,-0.2015944199053102,0,0,0,0,0,0,0,0
0.318495466175516,2.017470885876739,0.75,1.547321648355573,-0.07480052185058594,0.10109020233154296,0.2719153829558522,1.9731467444019704,0.711,1.3436940845253946,-0.04658008321966378,-0.0443241414747686,-0.039000000000000035,-0.20362756383017833,0.011461408462954806,0.0023488929158270028,-0.010910144927536246,-0.20044044084827525,0,0,0,0,0,0,0,0
0.3105008021397444,2.0121741687700037,0.747,1.5464838903146156,-0.08224369049072265,0.11802201080322265,0.2719153829558522,1.9731467444019704,0.711,1.3436940845253946,-0.03858541918389219,-0.0390274243680333,-0.03600000000000003,-0.202789805789221,0.025122090606784976,0.009912493964512756,-0.012133333333333347,-0.19880048178466236,0,0,0,0,0,0,0,0
0.3016179029496951,2.0062270567347222,0.743,1.5455763191035787,-0.09241947174072265,0.13103549194335937,0.2719153829558522,1.9731467444019704,0.711,1.3436940845253946,-0.02970251999384288,-0.03308031233275188,-0.03200000000000003,-0.2018822345781841,0.030869544657744122,0.01406997930933725,-0.005011764705882361,-0.19787824394125658,0,0,0,0,0,0,0,0
0.2922974826751211,2.000107597110201,0.74,1.544860734110261,-0.09528824615478515,0.13744709777832032,0.2719153829558522,1.9731467444019704,0.711,1.3436940845253946,-0.02038209971926891,-0.026960852708230787,-0.029000000000000026,-0.2011666495848663,0.03708644428675524,0.017560310871716243,-0.007982608695652186,-0.19805541048348452,0,0,0,0,0,0,0,0
0.2822817245954108,1.9940146156625818,0.737,1.5442847754571027,-0.09526001739501953,0.14781573486328126,0.2719153829558522,1.9731467444019704,0.711,1.3436940845253946,-0.010366341639558574,-0.020867871260611404,-0.026000000000000023,-0.20059069093170812,0.0504599296230559,0.023415961300913092,-0.0041333333333333395,-0.19784803067857393,0,0,0,0,0,0,0,0
0.2723401821214193,1.988679171688903,0.735,1.5441975089945033,-0.08395655822753906,0.14694921875,0.2719153829558522,1.9731467444019704,0.711,1.3436940845253946,-0.0004247991655670913,-0.015532427286932604,-0.02400000000000002,-0.20050342446910863,0.05095730432746672,0.019695630338703984,-0.008905882352941187,-0.200118425369405,0,0,0,0,0,0,0,0
0.26266245555553996,1.9834059985104846,0.734,1.5443022287496226,-0.08293040466308593,0.1430108947753906,0.2719153829558522,1.9731467444019704,0.711,1.3436940845253946,0.00925292740031225,-0.010259254108514249,-0.02300000000000002,-0.200608144224228,0.05102652257765982,0.02015271010254321,-0.013605479452054807,-0.20103849938225288,0,0,0,0,0,0,0,0
0.25351917562253146,1.9791286486443462,0.733,1.5444942149673422,-0.06777095031738281,0.1354013977050781,0.2719153829558522,1.9731467444019704,0.711,1.3436940845253946,0.018396207333320758,-0.0059819042423758795,-0.02200000000000002,-0.20080013044194756,0.06738261233125997,0.024228547026965315,-0.011236363636363645,-0.20184732799314506,0,0,0,0,0,0,0,0
0.24570751542350108,1.9757703843408758,0.732,1.5440055227767835,-0.0534381332397461,0.11580958557128906,0.2719153829558522,1.9731467444019704,0.711,1.3436940845253946,0.02620786753235113,-0.0026236399389054643,-0.02100000000000002,-0.20031143825138886,0.05792493490815312,0.01795690964062342,-0.011062295081967224,-0.19790803403552643,0,0,0,0,0,0,0,0
0.23858195210426456,1.9736039582280704,0.732,1.5433772042460658,-0.035347881317138674,0.10597459411621094,0.2719153829558522,1.9731467444019704,0.711,1.3436940845253946,0.03333343085158766,-0.0004572138261000891,-0.02100000000000002,-0.1996831197206712,0.046714271591249065,0.008906924887936476,-0.016800000000000016,-0.197412088886752,0,0,0,0,0,0,0,0
0.23223213380183663,1.9724898101230768,0.727,1.543639003633865,-0.019317209243774416,0.0947532958984375,0.2719153829558522,1.9731467444019704,0.711,1.3436940845253946,0.03968324915401558,0.0006569342788935728,-0.016000000000000014,-0.19994491910847034,0.054567193418410494,0.006421464588630875,0.014543750000000008,-0.20117210373877878,0,0,0,0,0,0,0,0
0.22714102204354794,1.9721790575976081,0.725,1.5437088168039446,-0.006733228683471679,0.07621194458007813,0.2719153829558522,1.9731467444019704,0.711,1.3436940845253946,0.04477436091230427,0.0009676868043622111,-0.014000000000000012,-0.20001473227854993,0.0560077298033416,0.0025359827213136225,0.0020075471698113214,-0.2004099011657929,0,0,0,0,0,0,0,0
0.22299720722485666,1.9728273479616694,0.726,1.5429234186405472,0.008037309646606445,0.06239779663085938,0.2719153829558522,1.9731467444019704,0.711,1.3436940845253946,0.04891817573099555,0.0003193964403009897,-0.015000000000000013,-0.19922933411515253,0.04432669316059294,-0.0029485432513759093,-0.01679452054794522,-0.19600167042995775,0,0,0,0,0,0,0,0
0.21970266287697673,1.9743136838122193,0.728,1.5428536054704673,0.020909128189086915,0.05002031707763672,0.2719153829558522,1.9731467444019704,0.711,1.3436940845253946,0.05221272007887548,-0.001166939410248924,-0.017000000000000015,-0.19915952094507272,0.04598723110423042,-0.009552737768787734,-0.0256689655172414,-0.19879841834121162,0,0,0,0,0,0,0,0
0.21749756115520197,1.9767933824846469,0.732,1.5430630449807068,0.036256832122802736,0.03410282135009766,0.2719153829558522,1.9731467444019704,0.711,1.3436940845253946,0.054417821800650246,-0.003646638082676512,-0.02100000000000002,-0.19936896045531216,0.038394209489037705,-0.014401500713072399,-0.037089855072463804,-0.2002795670215706,0,0,0,0,0,0,0,0
0.21639673303479787,1.9798548894036319,0.733,1.542382366572429,0.04544705963134766,0.01777949333190918,0.2719153829558522,1.9731467444019704,0.711,1.3436940845253946,0.05551864992105435,-0.006708145001661503,-0.02200000000000002,-0.19868828204703437,0.03387503674054996,-0.02036244427296959,-0.023155555555555575,-0.19544695629333061,0,0,0,0,0,0,0,0
0.21610227178288843,1.9833869136062345,0.732,1.5418762210893504,0.052833492279052735,0.005920315265655517,0.2719153829558522,1.9731467444019704,0.711,1.3436940845253946,0.05581311117296378,-0.010240169204264182,-0.02100000000000002,-0.19818213656395578,0.029422164971309856,-0.023299620939057644,-0.0116529411764706,-0.19594914178566789,0,0,0,0,0,0,0,0
0.21667904847254496,1.9868513154495415,0.728,1.5412129959735927,0.0521944694519043,-0.007145379066467285,0.2719153829558522,1.9731467444019704,0.711,1.3436940845253946,0.05523633448330725,-0.013704571047571168,-0.017000000000000015,-0.1975189114481981,0.024852799551519592,-0.023462431347860174,0.005578082191780827,-0.19479332878070083,0,0,0,0,0,0,0,0
0.21795604987811415,1.9907484994264506,0.728,1.540549770857835,0.058998767852783206,-0.017417516708374024,0.2719153829558522,1.9731467444019704,0.711,1.3436940845253946,0.053959333077738064,-0.017601755024480248,-0.017000000000000015,-0.19685568633244044,0.018040656699884708,-0.03608116535060368,-0.013600000000000013,-0.1928763356378944,0,0,0,0,0,0,0,0
0.21974284418455584,1.9946672642601553,0.726,1.5403752379326352,0.059565128326416014,-0.02501198959350586,0.2719153829558522,1.9731467444019704,0.711,1.3436940845253946,0.05217253877129638,-0.021520519858184928,-0.015000000000000013,-0.19668115340724057,0.018068602625973956,-0.028344461105972437,-0.0030256410256410283,-0.19600987292570263,0,0,0,0,0,0,0,0
0.22180228684439576,1.9981835575020797,0.724,1.5398167325719971,0.05365960693359375,-0.029273052215576172,0.2719153829558522,1.9731467444019704,0.711,1.3436940845253946,0.05011309611145645,-0.0250368131001093,-0.013000000000000012,-0.1961226480466025,0.01218503143172868,-0.03449523931208198,0.002100000000000001,-0.19313065504318433,0,0,0,0,0,0,0,0
0.22379015998883794,2.0010352117954997,0.718,1.5390313344086,0.04367789459228515,-0.02847885513305664,0.2719153829558522,1.9731467444019704,0.711,1.3436940845253946,0.04812522296701427,-0.027888467393529348,-0.007000000000000006,-0.19533724988320533,0.013018871792161683,-0.029786757549098267,0.027733333333333356,-0.19159725862893306,0,0,0,0,0,0,0,0
0.22571179338909833,2.0031175050372987,0.716,1.53892661465348,0.03213409805297852,-0.02781796646118164,0.2719153829558522,1.9731467444019704,0.711,1.3436940845253946,0.04620358956675388,-0.02997076063532833,-0.0050000000000000044,-0.19523253012808528,0.013354378984954694,-0.02554773734128219,0.0061449275362318884,-0.1947772268449546,0,0,0,0,0,0,0,0
0.22783648720641847,2.0046209783863547,0.714,1.5383681092928418,0.023556177139282226,-0.031135616302490236,0.2719153829558522,1.9731467444019704,0.711,1.3436940845253946,0.044078895749433744,-0.031474233984384314,-0.0030000000000000027,-0.19467402476744722,0.011262015468020517,-0.023363431081606566,0.007744927536231889,-0.19224574059076,0,0,0,0,0,0,0,0
0.22973288737160108,2.0055134159474624,0.713,1.5392058673337992,0.014301816940307617,-0.027997020721435548,0.2719153829558522,1.9731467444019704,0.711,1.3436940845253946,0.042182495584251134,-0.032366671545492,-0.0020000000000000018,-0.19551178280840453,0.010555691318888845,-0.021141322223344243,0.0039555555555555585,-0.19950110681296318,0,0,0,0,0,0,0,0
0.23174203930415901,2.0058523109347446,0.714,1.539293133796399,0.006032780647277832,-0.029961681365966795,0.2719153829558522,1.9731467444019704,0.711,1.3436940845253946,0.0401733436516932,-0.03270556653277423,-0.0030000000000000027,-0.19559904927100447,0.010182401735772275,-0.018023392358623484,-0.007329577464788739,-0.19596778080311686,0,0,0,0,0,0,0,0
0.23310441765961926,2.005423491869629,0.714,1.539240773918839,-0.005785411834716797,-0.020628139495849608,0.2719153829558522,1.9731467444019704,0.711,1.3436940845253946,0.03881096529623296,-0.03227674746765863,-0.0030000000000000027,-0.19554668939344433,0.012494867801579022,-0.01396320456295306,-0.0024000000000000024,-0.1953190377518785,0,0,0,0,0,0,0,0
0.23443136328695835,2.004339898433804,0.714,1.5387695350208006,-0.015617826461791991,-0.02040709114074707,0.2719153829558522,1.9731467444019704,0.711,1.3436940845253946,0.037484019668893864,-0.03119315403183376,-0.0030000000000000027,-0.19507545049540598,0.01137008968256308,-0.009576613483556491,-0.0024000000000000024,-0.1928314557428424,0,0,0,0,0,0,0,0
0.23565591829452542,2.0026654871135183,0.716,1.538333202707802,-0.024515111923217772,-0.019163158416748045,0.2719153829558522,1.9731467444019704,0.711,1.3436940845253946,0.03625946466132679,-0.029518742711547974,-0.0050000000000000044,-0.19463911818240742,0.011732803186656291,-0.006012446548310934,-0.014447761194029862,-0.19268539140778704,0,0,0,0,0,0,0,0
0.2367702661365186,2.0010113983562703,0.718,1.5383506560003222,-0.024255725860595705,-0.017511722564697265,0.2719153829558522,1.9731467444019704,0.711,1.3436940845253946,0.035145116819333605,-0.027864653954299934,-0.007000000000000006,-0.19465657147492754,0.011572223875857345,-0.0050256952073528295,-0.016369230769230782,-0.1947371251327127,0,0,0,0,0,0,0,0
0.23816406485903518,1.9989399093053382,0.719,1.5383157494152822,-0.03037775993347168,-0.02190396308898926,0.2719153829558522,1.9731467444019704,0.711,1.3436940845253946,0.03375131809681703,-0.025793164903367805,-0.008000000000000007,-0.19462166488988752,0.007671327861978296,0.000783062224282989,-0.013003773584905672,-0.19442408044626477,0,0,0,0,0,0,0,0
0.23908481134517331,1.9968477442731882,0.721,1.538001590149923,-0.03091740608215332,-0.014823054313659668,0.2719153829558522,1.9731467444019704,0.711,1.3436940845253946,0.0328305716106789,-0.023700999871217876,-0.010000000000000009,-0.19430750562452848,0.011676149479628488,-0.0010820034466019549,-0.01829411764705884,-0.1929215088655915,0,0,0,0,0,0,0,0
0.24010425427081325,1.994998606648634,0.721,1.5376176177144842,-0.027220754623413085,-0.016192888259887694,0.2719153829558522,1.9731467444019704,0.711,1.3436940845253946,0.031811128685038964,-0.02185186224666369,-0.010000000000000009,-0.19392353318908961,0.010241992533408732,-0.0006529443202530297,-0.008000000000000007,-0.19209509302033312,0,0,0,0,0,0,0,0
0.2414373068984036,1.9932440562208056,0.73,1.5369194860136868,-0.025640459060668946,-0.020857830047607422,0.2719153829558522,1.9731467444019704,0.711,1.3436940845253946,0.030478076057448622,-0.02009731181883523,-0.019000000000000017,-0.19322540148829215,0.008477176874280548,-0.0011487624349254249,-0.060852173913043525,-0.1901900462674336,0,0,0,0,0,0,0,0
0.2429396962822457,1.9916639402780683,0.731,1.5366402333333675,-0.022924842834472655,-0.02332569694519043,0.2719153829558522,1.9731467444019704,0.711,1.3436940845253946,0.028975686673606504,-0.018517195876097903,-0.020000000000000018,-0.1929461488079729,0.006867027621662076,-0.0012435170690915029,-0.02107246376811596,-0.1917320067196283,0,0,0,0,0,0,0,0
0.24460691298508852,1.9898037724636353,0.732,1.5361340878502892,-0.027032224655151368,-0.02594651985168457,0.2719153829558522,1.9731467444019704,0.711,1.3436940845253946,0.027308469970763694,-0.016657028061664914,-0.02100000000000002,-0.19244000332489453,0.004242527791914367,0.0021724333087086104,-0.0224451612903226,-0.18999091227774112,0,0,0,0,0,0,0,0
0.24627539684581237,1.9884791475011159,0.73,1.5366402333333675,-0.0189901123046875,-0.025700803756713866,0.2719153829558522,1.9731467444019704,0.711,1.3436940845253946,0.025639986110039842,-0.01533240309914552,-0.019000000000000017,-0.1929461488079729,0.00435666912381198,-0.0009470894208511967,-0.005055072463768122,-0.19514678134309624,0,0,0,0,0,0,0,0
0.24826143258497854,1.987192383163674,0.73,1.5372860051566055,-0.018272876739501953,-0.030432294845581055,0.2719153829558522,1.9731467444019704,0.711,1.3436940845253946,0.023653950370873672,-0.014045638761703616,-0.019000000000000017,-0.1935919206312109,0.0023048860250510905,-0.0008534013246235036,-0.015200000000000014,-0.19624577743903826,0,0,0,0,0,0,0,0
0.2504620373416848,1.985709339658409,0.73,1.5376350710070044,-0.021127225875854493,-0.03373585891723633,0.2719153829558522,1.9731467444019704,0.711,1.3436940845253946,0.021453345614167396,-0.012562595256438547,-0.019000000000000017,-0.19394098648160973,-0.0016960959807743106,0.0020907221595674076,-0.015200000000000014,-0.19563001478999123,0,0,0,0,0,0,0,0
0.2531360817696303,1.9831603745744033,0.727,1.5373034584491254,-0.03688357925415039,-0.04135628509521484,0.2719153829558522,1.9731467444019704,0.711,1.3436940845253946,0.018779301186221897,-0.010013630172432952,-0.016000000000000014,-0.1936093739237308,-0.005234029872215997,0.008932837716939116,0.003606250000000002,-0.19205494005867324,0,0,0,0,0,0,0,0
0.2558498825768786,1.9802216722886345,0.727,1.5369194860136868,-0.04269267272949219,-0.04216028976440429,0.2719153829558522,1.9731467444019704,0.711,1.3436940845253946,0.01606550037897364,-0.007074927886664195,-0.016000000000000014,-0.19322540148829215,-0.008343633992183692,0.014196084332858676,-0.012800000000000013,-0.1912393371670578,0,0,0,0,0,0,0,0
0.25860714017073044,1.9773365760855,0.732,1.536936939306207,-0.041850772857666016,-0.042800922393798825,0.2719153829558522,1.9731467444019704,0.711,1.3436940845253946,0.013308242785121771,-0.004189831683529599,-0.02100000000000002,-0.19324285478081227,-0.00866397635106061,0.013933396397871844,-0.04457777777777781,-0.19332596569757474,0,0,0,0,0,0,0,0
0.2623216870705188,1.9744657433708663,0.73,1.5371812854014861,-0.04115158462524414,-0.05714405822753906,0.2719153829558522,1.9731467444019704,0.711,1.3436940845253946,0.009593695885333431,-0.0013189989688959791,-0.019000000000000017,-0.1934872008760915,-0.014045056621477037,0.013902695444852979,-0.005055072463768122,-0.19454957520339253,0,0,0,0,0,0,0,0
0.2667206677287168,1.9713025889766542,0.731,1.5369718458912467,-0.04520285034179688,-0.06754207611083984,0.2719153829558522,1.9731467444019704,0.711,1.3436940845253946,0.005194715227135438,0.0018441554253161296,-0.020000000000000018,-0.19327776136585206,-0.019716312391784414,0.016967063770255714,-0.02107246376811596,-0.19236715479959363,0,0,0,0,0,0,0,0
0.27224497919500407,1.9679400716154343,0.726,1.5367449530884871,-0.04760659027099609,-0.08452297973632812,0.2719153829558522,1.9731467444019704,0.711,1.3436940845253946,-0.00032959623915185254,0.005206672786536082,-0.015000000000000013,-0.1930508685630925,-0.027397319432259756,0.01917912620209879,0.012647887323943674,-0.1920921665796014,0,0,0,0,0,0,0,0
0.2782979248563789,1.9650143543834933,0.724,1.5363784339455684,-0.040769248962402346,-0.09223563385009766,0.2719153829558522,1.9731467444019704,0.711,1.3436940845253946,-0.006382541900526673,0.008132390018477098,-0.013000000000000012,-0.19268434942017376,-0.03850012064161645,0.02113287886222781,0.0012666666666666677,-0.19085175370558005,0,0,0,0,0,0,0,0
0.2853116706558143,1.962490351196081,0.722,1.5360991812652496,-0.03421736526489258,-0.10644668579101563,0.2719153829558522,1.9731467444019704,0.711,1.3436940845253946,-0.013396287699962095,0.010656393205889403,-0.01100000000000001,-0.19240509673985495,-0.04227511529639261,0.018131111321702767,0.0013449275362318845,-0.1911909546515123,0,0,0,0,0,0,0,0
0.29103076333484124,1.961069856175604,0.721,1.5354010495644517,-0.018318655014038086,-0.08647391510009765,0.2719153829558522,1.9731467444019704,0.711,1.3436940845253946,-0.019115380378989022,0.012076888226366433,-0.010000000000000009,-0.19170696503905704,-0.04133042729519966,0.013930083115833386,-0.002444444444444447,-0.1883825283685908,0,0,0,0,0,0,0,0
0.2958770644169806,1.9605964944156051,0.721,1.535017077129013,-0.0045234737396240236,-0.07290025329589844,0.2719153829558522,1.9731467444019704,0.711,1.3436940845253946,-0.02396168146112837,0.012550249986365225,-0.010000000000000009,-0.1913229926036184,-0.036563527379097106,0.008676235369988076,-0.008000000000000007,-0.18965354723214606,0,0,0,0,0,0,0,0
0.3006059769888537,1.9605123906768673,0.719,1.5345458382309747,0.0012766640186309814,-0.07093341827392578,0.2719153829558522,1.9731467444019704,0.711,1.3436940845253946,-0.028690594033001504,0.01263435372510302,-0.008000000000000007,-0.19085175370558005,-0.03980867240350994,0.006770043148062715,0.004369230769230771,-0.18867680494540304,0,0,0,0,0,0,0,0
0.3033199423771084,1.961700021460804,0.719,1.5345458382309747,0.019278173446655274,-0.04003709411621094,0.2719153829558522,1.9731467444019704,0.711,1.3436940845253946,-0.031404559421256195,0.011446722941166332,-0.008000000000000007,-0.19085175370558005,-0.03180207438671524,-0.001321905891753121,-0.006400000000000006,-0.19085175370558005,0,0,0,0,0,0,0,0
0.3043091737476477,1.9637502577442685,0.719,1.5350345304215327,0.0312711238861084,-0.01371413516998291,0.2719153829558522,1.9731467444019704,0.711,1.3436940845253946,-0.032393790791795496,0.009396486657701875,-0.008000000000000007,-0.19134044589613808,-0.020813308458414486,-0.004869525993983196,-0.006400000000000006,-0.19329521465837018,0,0,0,0,0,0,0,0
0.3042078257613965,1.9667001232311774,0.721,1.5351567034691727,0.04416533660888672,0.0031012978553771973,0.2719153829558522,1.9731467444019704,0.711,1.3436940845253946,-0.032292442805544275,0.006446621170792977,-0.010000000000000009,-0.19146261894377803,-0.01539150235622049,-0.018743772827754877,-0.022893617021276617,-0.19224244690743728,0,0,0,0,0,0,0,0
0.30300344810514585,1.970272734078493,0.723,1.5344411184758548,0.052911415100097656,0.019963685989379882,0.2719153829558522,1.9731467444019704,0.711,1.3436940845253946,-0.03108806514929363,0.0028740103234774494,-0.01200000000000001,-0.19074703395046022,-0.00943487055018703,-0.01668493391884728,-0.0197449275362319,-0.18763579484907844,0,0,0,0,0,0,0,0
0.30061291789481076,1.974197091775832,0.725,1.5340047861628563,0.05752313232421875,0.03797385025024414,0.2719153829558522,1.9731467444019704,0.711,1.3436940845253946,-0.028697534938958547,-0.0010503473738616709,-0.014000000000000012,-0.19031070163746167,-0.0022228895909679764,-0.020431335919810428,-0.021344927536231902,-0.18841360462442447,0,0,0,0,0,0,0,0
0.29790988388995376,1.9784948102398021,0.726,1.5343363987207352,0.06293075561523437,0.042889331817626955,0.2719153829558522,1.9731467444019704,0.711,1.3436940845253946,-0.02599450093410155,-0.005348065837831761,-0.015000000000000013,-0.1906423141953406,-0.0007107322631553364,-0.022209116846052656,-0.016545454545454558,-0.19193431117408977,0,0,0,0,0,0,0,0
0.29520369886696535,1.9827872971020961,0.726,1.5345807448160145,0.06286483001708984,0.04291283416748047,0.2719153829558522,1.9731467444019704,0.711,1.3436940845253946,-0.023288315911113133,-0.00964055270012576,-0.015000000000000013,-0.19088666029061985,0.00557701946346063,-0.032136101837388326,-0.01200000000000001,-0.19221945717396113,0,0,0,0,0,0,0,0
0.2918427062855004,1.9869324070923426,0.724,1.5339698795778165,0.060310474395751955,0.052633102416992185,0.2719153829558522,1.9731467444019704,0.711,1.3436940845253946,-0.019927323329648194,-0.013785662690372291,-0.013000000000000012,-0.19027579505242187,0.0070848514295632735,-0.0279187515855671,-0.00025507246376811794,-0.1876198592341698,0,0,0,0,0,0,0,0
0.288001370120074,1.990885312168559,0.724,1.5335859071423776,0.057131912231445314,0.059764053344726564,0.2719153829558522,1.9731467444019704,0.711,1.3436940845253946,-0.01608598716422177,-0.017738567766588664,-0.013000000000000012,-0.189891822616983,0.013641968642070536,-0.03118407060387063,-0.01040000000000001,-0.1880338914777627,0,0,0,0,0,0,0,0
0.284317938094432,1.9942127130301446,0.724,1.5336557203124574,0.04782100677490234,0.05707001495361328,0.2719153829558522,1.9731467444019704,0.711,1.3436940845253946,-0.012402555138579796,-0.021065968628174225,-0.013000000000000012,-0.18996163578706282,0.012482797923096929,-0.027411104626477636,-0.01040000000000001,-0.19026517130914897,0,0,0,0,0,0,0,0
0.2803688572947112,1.997218812996885,0.723,1.5336906268974972,0.04286083984375,0.06086970138549805,0.2719153829558522,1.9731467444019704,0.711,1.3436940845253946,-0.008453474338859013,-0.02407206859491473,-0.01200000000000001,-0.18999654237210262,0.015804832104516494,-0.02728436746208311,-0.004527536231884064,-0.1901483101331452,0,0,0,0,0,0,0,0
0.27650480642626507,1.9993640035245723,0.722,1.5335160939722976,0.03000552749633789,0.05911457443237305,0.2719153829558522,1.9731467444019704,0.711,1.3436940845253946,-0.004589423470412857,-0.026217259122601977,-0.01100000000000001,-0.18982200944690297,0.022294702882178198,-0.026759842010219827,-0.0024363636363636384,-0.18887001167308673,0,0,0,0,0,0,0,0
0.27269869616282216,2.000929810875395,0.723,1.5337778933600967,0.021342893600463868,0.057927387237548825,0.2719153829558522,1.9731467444019704,0.711,1.3436940845253946,-0.0007833132069699489,-0.027783066473424656,-0.01200000000000001,-0.1900838088347021,0.01713648276763368,-0.02110248814181677,-0.01420526315789475,-0.19111722747075133,0,0,0,0,0,0,0,0
0.2691066789652775,2.0018688414427235,0.721,1.5336382670199373,0.012081701278686524,0.054364646911621094,0.2719153829558522,1.9731467444019704,0.711,1.3436940845253946,0.0028087039905747013,-0.028722097040753125,-0.010000000000000009,-0.1899441824945427,0.025125220280959572,-0.020562193776319286,0.005207547169811325,-0.1891538447200555,0,0,0,0,0,0,0,0
0.2659601821628406,2.0023901639863446,0.719,1.5334637340947377,0.0060610780715942385,0.04745537567138672,0.2719153829558522,1.9731467444019704,0.711,1.3436940845253946,0.005955200793011595,-0.029243419584374264,-0.008000000000000007,-0.18976964956934306,0.02045813818782187,-0.017517946145637904,0.004711111111111114,-0.1889385404017257,0,0,0,0,0,0,0,0
0.2637817315501868,2.002026213263485,0.718,1.5353661429794117,-0.006675081729888916,0.03245022964477539,0.2719153829558522,1.9731467444019704,0.711,1.3436940845253946,0.00813365140566541,-0.0288794688615146,-0.007000000000000006,-0.19167205845401702,0.015116937506149156,-0.012593607575672055,-0.0005275362318840592,-0.19994340143086037,0,0,0,0,0,0,0,0
0.2621660273057799,2.00108732815486,0.718,1.533498640679778,-0.014932929039001465,0.023721485137939452,0.2719153829558522,1.9731467444019704,0.711,1.3436940845253946,0.009749355650072289,-0.027940583752889436,-0.007000000000000006,-0.1898045561543833,0.013190802612424491,-0.009137794993815194,-0.005600000000000005,-0.1815655754207051,0,0,0,0,0,0,0,0
0.2612396518358481,2.000799261609707,0.718,1.531631138380144,-0.004836147785186768,0.013724842071533204,0.2719153829558522,1.9731467444019704,0.711,1.3436940845253946,0.01067573112000414,-0.02765251720773665,-0.007000000000000006,-0.18793705385474935,0.010484395948512349,-0.01222588890857506,-0.005600000000000005,-0.17904418576125436,0,0,0,0,0,0,0,0
0.26163831861749764,2.0006039936305187,0.718,1.5311424461895853,-0.0026926255226135255,-0.0060901021957397465,0.2719153829558522,1.9731467444019704,0.711,1.3436940845253946,0.010277064338354569,-0.02745724922854831,-0.007000000000000006,-0.18744836166419065,0.0031163093637084495,-0.01273813486476808,-0.005600000000000005,-0.18532361300958763,0,0,0,0,0,0,0,0
0.2625604787725618,2.000155105435292,0.717,1.530985366556906,-0.0061796650886535645,-0.014088460922241211,0.2719153829558522,1.9731467444019704,0.711,1.3436940845253946,0.009354904183290436,-0.027008361033321604,-0.006000000000000005,-0.18729128203151135,-1.7188331777762828e-7,-0.011227211410438389,0.0002724637681159412,-0.18660832710681874,0,0,0,0,0,0,0,0
0.26429735986745984,1.9995493666946536,0.715,1.5307584737541464,-0.008041952133178711,-0.026394203186035158,0.2719153829558522,1.9731467444019704,0.711,1.3436940845253946,0.007618023088392378,-0.026402622292683198,-0.0040000000000000036,-0.1870643892287518,-0.00584032787190413,-0.009836095920572675,0.007911111111111117,-0.18598394731084913,0,0,0,0,0,0,0,0
0.26779353701240377,1.999504495288979,0.718,1.5311075396045455,0.0014265987873077392,-0.05242757034301758,0.2719153829558522,1.9731467444019704,0.711,1.3436940845253946,0.004121845943448443,-0.026357750887008535,-0.007000000000000006,-0.18741345507915086,-0.0183334437071154,-0.012917125577068736,-0.02310000000000002,-0.1891587843311462,0,0,0,0,0,0,0,0
0.2714463485716001,2.000028251570577,0.715,1.5304966743663477,0.010024221420288085,-0.05443729782104492,0.2719153829558522,1.9731467444019704,0.711,1.3436940845253946,0.0004690343842521094,-0.026881507168606822,-0.0040000000000000036,-0.1868025898409531,-0.016369171713311828,-0.015821463955204715,0.010436363636363645,-0.1844225954064164,0,0,0,0,0,0,0,0
0.2747538927290446,2.000893070449076,0.712,1.52981599595807,0.014960602760314941,-0.04905024337768555,0.2719153829558522,1.9731467444019704,0.711,1.3436940845253946,-0.002838509773192388,-0.027746326047105585,-0.0010000000000000009,-0.1861219114326753,-0.01979450020573229,-0.01867771234854592,0.015866666666666678,-0.18288058567897156,0,0,0,0,0,0,0,0
0.279611713349399,2.0021300001492297,0.71,1.5292923971824715,0.021523658752441405,-0.0720459976196289,0.2719153829558522,1.9731467444019704,0.711,1.3436940845253946,-0.00769633039354678,-0.02898325574725935,0.0010000000000000009,-0.18559831265707682,-0.03592811268967975,-0.022660031553890396,0.014007547169811332,-0.18263454600274576,0,0,0,0,0,0,0,0
0.28527339631182386,2.003643065275492,0.709,1.5284022792639544,0.026200151443481444,-0.08391040802001953,0.2719153829558522,1.9731467444019704,0.711,1.3436940845253946,-0.013358013355971643,-0.03049632087352161,0.0020000000000000018,-0.18470819473855982,-0.029991818876205844,-0.021478428603723045,0.005717647058823534,-0.18156660208497039,0,0,0,0,0,0,0,0
0.29128334903753905,2.005008118361258,0.709,1.52976363608051,0.02427804756164551,-0.08920050048828125,0.2719153829558522,1.9731467444019704,0.711,1.3436940845253946,-0.019367966081686838,-0.03186137395928745,0.0020000000000000018,-0.1860695515551154,-0.043072609294816724,-0.023514315233898415,0.0016000000000000016,-0.19255220306252294,0,0,0,0,0,0,0,0
0.2963064915371887,2.0060656790176954,0.71,1.5307410204616267,0.01894088554382324,-0.07463298034667969,0.2719153829558522,1.9731467444019704,0.711,1.3436940845253946,-0.024391108581336474,-0.03291893461572504,0.0010000000000000009,-0.18704693593623212,-0.04536725004307149,-0.023443358435280524,-0.0058037735849056655,-0.1925793003576475,0,0,0,0,0,0,0,0
0.3011583734699463,2.0070117701269314,0.712,1.5304617677813075,0.017094358444213868,-0.07215156555175781,0.2719153829558522,1.9731467444019704,0.711,1.3436940845253946,-0.02924299051409407,-0.033865025724961084,-0.0010000000000000009,-0.18676768325591286,-0.042011151329065716,-0.022273349769458224,-0.01209032258064517,-0.1854164606092068,0,0,0,0,0,0,0,0
0.3052455936111418,2.007675832747599,0.714,1.5298334492505896,0.012425010681152343,-0.06085677719116211,0.2719153829558522,1.9731467444019704,0.711,1.3436940845253946,-0.03333021065528957,-0.034529088345628844,-0.0030000000000000027,-0.186139364725195,-0.03739738140617269,-0.020632977755911757,-0.012544927536231895,-0.18340754502642162,0,0,0,0,0,0,0,0
0.30774870769427404,2.0077027750849514,0.715,1.5298683558356296,0.0019413872957229615,-0.03749866485595703,0.2719153829558522,1.9731467444019704,0.711,1.3436940845253946,-0.03583332473842182,-0.034556030682981076,-0.0040000000000000036,-0.186174271310235,-0.030613617863360015,-0.017414679371538087,-0.00827246376811595,-0.18632603907127857,0,0,0,0,0,0,0,0
0.3092133436266671,2.007212282195685,0.715,1.5303046881486282,-0.006452314376831055,-0.022252180099487304,0.2719153829558522,1.9731467444019704,0.711,1.3436940845253946,-0.03729796067081487,-0.034065537793714684,-0.0040000000000000036,-0.18661060362323356,-0.026785846626479898,-0.014307808400932943,-0.003200000000000003,-0.1886883765422743,0,0,0,0,0,0,0,0
0.30990610239636446,2.0056072626235264,0.715,1.5304094079037478,-0.023634910583496094,-0.01135744571685791,0.2719153829558522,1.9731467444019704,0.711,1.3436940845253946,-0.037990719440512244,-0.032460518221556045,-0.0040000000000000036,-0.18671532337835317,-0.02317580057187822,-0.00654479617533796,-0.003200000000000003,-0.18725697728414425,0,0,0,0,0,0,0,0
0.30977228895170494,2.0032835334109103,0.715,1.52976363608051,-0.0349085578918457,0.000598223626613617,0.2719153829558522,1.9731467444019704,0.711,1.3436940845253946,-0.03785690599585273,-0.0301367890089399,-0.0040000000000000036,-0.1860695515551154,-0.01835024675557044,-0.005027589264770567,-0.003200000000000003,-0.18367780406164216,0,0,0,0,0,0,0,0
0.3093502791424965,2.0001516814995433,0.715,1.5289084247470328,-0.04719790649414062,0.004397735118865966,0.2719153829558522,1.9731467444019704,0.711,1.3436940845253946,-0.037434896186644306,-0.0270049370975729,-0.0040000000000000036,-0.18521434022163819,-0.015876997454419305,0.007577303931568361,-0.003200000000000003,-0.18028042868234656,0,0,0,0,0,0,0,0
0.30770630399983434,1.9989682104205382,0.711,1.528873518161993,-0.018769132614135743,0.023894617080688477,0.2719153829558522,1.9731467444019704,0.711,1.3436940845253946,-0.03579092104398213,-0.02582146601856783,0,-0.1851794336365984,-0.010422846237162975,-0.007531319013806316,0.018181818181818195,-0.18504343395462516,0,0,0,0,0,0,0,0
0.30639920172796903,1.9965932563864195,0.707,1.529117864257272,-0.036414730072021485,0.01809627342224121,0.2719153829558522,1.9731467444019704,0.711,1.3436940845253946,-0.034483818772116814,-0.023446511984449137,0.0040000000000000036,-0.1854237797318774,-0.010611680470799576,0.0003236122967832898,0.02348985507246379,-0.18648615405917746,0,0,0,0,0,0,0,0
0.3051129597207765,1.9942977907988784,0.709,1.5293971169375913,-0.03520597839355469,0.01784221839904785,0.2719153829558522,1.9731467444019704,0.711,1.3436940845253946,-0.0331975767649243,-0.021151046396908013,0.0020000000000000018,-0.18570303241219666,-0.008559775837508915,0.003771136723678013,-0.01090000000000001,-0.18719902891390694,0,0,0,0,0,0,0,0
0.3033342571611273,1.992215300265163,0.708,1.529484383400191,-0.032314830780029294,0.025364845275878907,0.2719153829558522,1.9731467444019704,0.711,1.3436940845253946,-0.03141887420527506,-0.01906855586319267,0.0030000000000000027,-0.18579029887479637,-0.007518043735831835,0.000056138999987475485,0.007005263157894744,-0.18613477175347945,0,0,0,0,0,0,0,0
0.3012552798199171,1.990462877785714,0.71,1.5293098504749911,-0.027551841735839844,0.030072422027587892,0.2719153829558522,1.9731467444019704,0.711,1.3436940845253946,-0.029339896864064907,-0.017316133383743715,0.0010000000000000009,-0.1856157659495965,-0.0009408527825314431,0.002914534587508042,-0.012407547169811331,-0.18462784373148405,0,0,0,0,0,0,0,0
0.29905772671230807,1.988635396107684,0.707,1.5286466253592335,-0.028755777359008788,0.03179802322387695,0.2719153829558522,1.9731467444019704,0.711,1.3436940845253946,-0.027142343756455856,-0.015488651705713563,0.0040000000000000036,-0.18495254083383883,-0.001362543502622087,0.002408350136199616,0.019866666666666685,-0.18179432599689754,0,0,0,0,0,0,0,0
0.2970834396316511,1.9865423516832874,0.707,1.5287164385293133,-0.032615646362304684,0.02826507759094238,0.2719153829558522,1.9731467444019704,0.711,1.3436940845253946,-0.02516805667579891,-0.013395607281317057,0.0040000000000000036,-0.18502235400391864,-0.0027125929346147343,0.0037674184813240013,0.003200000000000003,-0.1853215533042607,0,0,0,0,0,0,0,0
0.2954110110712165,1.984186433019916,0.708,1.5289782379171126,-0.03636281967163086,0.02357760810852051,0.2719153829558522,1.9731467444019704,0.711,1.3436940845253946,-0.023495628115364264,-0.011039688617945576,0.0030000000000000027,-0.185284153391718,-0.003729320959707799,0.005775656131849383,-0.0023945205479452077,-0.18636004128678385,0,0,0,0,0,0,0,0
0.29353416677152866,1.9816268491487428,0.708,1.5295541965702708,-0.03953713989257813,0.026522966384887697,0.2719153829558522,1.9731467444019704,0.711,1.3436940845253946,-0.021618783815676446,-0.00848010474677241,0.0030000000000000027,-0.18586011204487618,-0.00021430311927795632,0.010209211415494567,0.0024000000000000024,-0.1886470087537061,0,0,0,0,0,0,0,0
0.29193712344139666,1.9789375058627678,0.709,1.5301999683935084,-0.041293548583984374,0.022272037506103515,0.2719153829558522,1.9731467444019704,0.711,1.3436940845253946,-0.020021740485544448,-0.005790761460797489,0.0020000000000000018,-0.18650588386811373,-0.0014114061574460844,0.011585698501773906,-0.003784615384615387,-0.1894863692061332,0,0,0,0,0,0,0,0
0.2902468376129238,1.9756192568964726,0.709,1.530671207291547,-0.05076173400878906,0.02331332015991211,0.2719153829558522,1.9731467444019704,0.711,1.3436940845253946,-0.01833145465707159,-0.0024725124945021992,0.0020000000000000018,-0.1869771227661523,-0.0005918137058473771,0.01559544140786993,0.0016000000000000016,-0.18902598754023306,0,0,0,0,0,0,0,0
0.28943694858459673,1.9716708211378644,0.709,1.530985366556906,-0.05966618728637695,0.009762722969055176,0.2719153829558522,1.9731467444019704,0.711,1.3436940845253946,-0.017521565628744518,0.0014759232641059494,0.0020000000000000018,-0.18729128203151135,-0.004261399323666309,0.022673715846542687,0.0016000000000000016,-0.1887872785332211,0,0,0,0,0,0,0,0
0.28925436539062005,1.9671249011021843,0.709,1.5314042455773844,-0.0682437744140625,0.000022633258253335954,0.2719153829558522,1.9731467444019704,0.711,1.3436940845253946,-0.017338982434767836,0.006021843299786056,0.0020000000000000018,-0.1877101610519898,-0.007743344581270314,0.026069936323632695,0.0016000000000000016,-0.18953137418450472,0,0,0,0,0,0,0,0
0.2897174301946042,1.9627350030680126,0.71,1.532242003618342,-0.06552384185791016,-0.009533821105957031,0.2719153829558522,1.9731467444019704,0.711,1.3436940845253946,-0.017802047238752006,0.010411741333957725,0.0010000000000000009,-0.18854791909294732,-0.01201780595388484,0.034753261281595865,-0.005930769230769236,-0.19338113856001005,0,0,0,0,0,0,0,0
0.29058974212579636,1.9587420080828772,0.713,1.5326434293463005,-0.0593460693359375,-0.015383591651916504,0.2719153829558522,1.9731467444019704,0.711,1.3436940845253946,-0.018674359169944144,0.014404736319093114,-0.0020000000000000018,-0.18894934482090586,-0.014107635458679076,0.02903905948450572,-0.018006250000000015,-0.1908310279207115,0,0,0,0,0,0,0,0
0.29181853921342354,1.9551013333657685,0.715,1.5329226820266197,-0.053867317199707034,-0.020501571655273436,0.2719153829558522,1.9731467444019704,0.711,1.3436940845253946,-0.01990315625757133,0.01804541103620183,-0.0040000000000000036,-0.18922859750122512,-0.016184606834140962,0.02748989611213063,-0.013344927536231895,-0.1904427395895697,0,0,0,0,0,0,0,0
0.2930368507985965,1.9515143283307412,0.72,1.5336208137274174,-0.053074527740478515,-0.02029887580871582,0.2719153829558522,1.9731467444019704,0.711,1.3436940845253946,-0.021121467842744268,0.02163241607122912,-0.009000000000000008,-0.1899267292020228,-0.016027516675353265,0.02691174344919856,-0.029635897435897465,-0.19261185112816775,0,0,0,0,0,0,0,0
0.2943669566134836,1.9487787780878796,0.72,1.5342491322581353,-0.04026336288452149,-0.02146288299560547,0.2719153829558522,1.9731467444019704,0.711,1.3436940845253946,-0.022451573657631396,0.024367966314090772,-0.009000000000000008,-0.19055504773274068,-0.02000950447429673,0.03024893759103742,-0.007200000000000007,-0.1941115677179362,0,0,0,0,0,0,0,0
0.29585356407487107,1.9463807282314716,0.72,1.5342142256730955,-0.03513193893432617,-0.02359855842590332,0.2719153829558522,1.9731467444019704,0.711,1.3436940845253946,-0.023938181119018853,0.026766016170498785,-0.009000000000000008,-0.19052014114770088,-0.01929743720015182,0.02520438061683819,-0.007200000000000007,-0.19037264853485666,0,0,0,0,0,0,0,0
0.29795459299671956,1.9436488738261029,0.72,1.5339698795778165,-0.03979775619506836,-0.03299306869506836,0.2719153829558522,1.9731467444019704,0.711,1.3436940845253946,-0.026039210040867344,0.029497870575867502,-0.009000000000000008,-0.19027579505242187,-0.02488025215990096,0.030170694027918443,-0.007200000000000007,-0.18909347523655567,0,0,0,0,0,0,0,0
0.29955124046675186,1.9420655973642187,0.722,1.5325910694687406,-0.022851261138916015,-0.024807872772216796,0.2719153829558522,1.9731467444019704,0.711,1.3436940845253946,-0.027635857510899642,0.031081147037751666,-0.01100000000000001,-0.18889698494334595,-0.02215862449442451,0.02381142070782296,-0.019247761194029864,-0.1827232083355433,0,0,0,0,0,0,0,0
0.30189996145050707,1.9410894059165533,0.721,1.5319802042305426,-0.013286511421203613,-0.035764404296875,0.2719153829558522,1.9731467444019704,0.711,1.3436940845253946,-0.029984578494654857,0.03205733848541703,-0.010000000000000009,-0.18828611970514797,-0.026101104711034523,0.020645790954639292,-0.0032702702702702728,-0.18580963900975075,0,0,0,0,0,0,0,0
0.30467801722236476,1.941472146251584,0.722,1.5329575886116593,0.007353874683380127,-0.04141665649414063,0.2719153829558522,1.9731467444019704,0.711,1.3436940845253946,-0.03276263426651255,0.03167459815038631,-0.01100000000000001,-0.1892635040862647,-0.03206389003890453,0.013676668151632652,-0.014445161290322592,-0.1939927833497327,0,0,0,0,0,0,0,0
0.30740787466931696,1.942965463947495,0.723,1.5330274017817396,0.023932777404785156,-0.04007117462158203,0.2719153829558522,1.9731467444019704,0.711,1.3436940845253946,-0.03549249171346475,0.030181280454475434,-0.01200000000000001,-0.18933331725634495,-0.03291212056202237,0.006794430805510615,-0.01515555555555557,-0.1896657609233938,0,0,0,0,0,0,0,0
0.3092104183195925,1.945194483726049,0.723,1.5326957892238604,0.034432411193847656,-0.025756357192993164,0.2719153829558522,1.9731467444019704,0.711,1.3436940845253946,-0.03729503536374029,0.02795226067592127,-0.01200000000000001,-0.18900170469846578,-0.02866164907228984,0.0015926871237708327,-0.00960000000000001,-0.18742259727999355,0,0,0,0,0,0,0,0
0.3103906404623724,1.9484524185952243,0.721,1.5322943634959016,0.04950790023803711,-0.015828998565673828,0.2719153829558522,1.9731467444019704,0.711,1.3436940845253946,-0.0384752575065202,0.02469432580674602,-0.010000000000000009,-0.18860027897050702,-0.025794418435370697,-0.005752475258711708,0.003111111111111113,-0.1866887278849891,0,0,0,0,0,0,0,0
0.3117240932849666,1.9516054362766535,0.718,1.5318405778903834,0.04803013229370117,-0.018166458129882813,0.2719153829558522,1.9731467444019704,0.711,1.3436940845253946,-0.03980871032911437,0.02154130812531685,-0.007000000000000006,-0.1881464933649888,-0.026668246293658056,-0.005222913886619978,0.009617391304347831,-0.18617351247143127,0,0,0,0,0,0,0,0
0.31273391557470337,1.9545712001092148,0.717,1.532486349713621,0.04504263305664063,-0.013403277397155761,0.2719153829558522,1.9731467444019704,0.711,1.3436940845253946,-0.040818532618851155,0.01857554429275554,-0.006000000000000005,-0.18879226518822634,-0.025606881036011962,-0.00597718875651131,0.00034705882352941125,-0.19164125852603905,0,0,0,0,0,0,0,0
0.3139127448607847,1.9576009877885672,0.716,1.5323990832510215,0.04609071731567383,-0.01592882442474365,0.2719153829558522,1.9731467444019704,0.711,1.3436940845253946,-0.04199736190493247,0.015545756613403183,-0.0050000000000000044,-0.18870499872562685,-0.02754773254180689,-0.009059275467478176,0.0015555555555555566,-0.18828944414181975,0,0,0,0,0,0,0,0
0.31423213153874524,1.9604651400094353,0.713,1.531858031182903,0.043114524841308594,-0.003138041019439697,0.2719153829558522,1.9731467444019704,0.711,1.3436940845253946,-0.04231674858289303,0.012681604392535073,-0.0020000000000000018,-0.18816394665750846,-0.022961363602514155,-0.009827799050568568,0.015335483870967753,-0.18554595277951627,0,0,0,0,0,0,0,0
0.3143813569595327,1.9635575090049995,0.721,1.5317009515502236,0.0464375114440918,-0.0004309673309326172,0.2719153829558522,1.9731467444019704,0.711,1.3436940845253946,-0.04246597400368046,0.009589235396970874,-0.010000000000000009,-0.18800686702482894,-0.02190258824896334,-0.00908139702520007,-0.04389743589743594,-0.18740271459144614,0,0,0,0,0,0,0,0
0.3144908714046343,1.9672741443839814,0.722,1.5315264186250244,0.055771137237548826,0.0005375322103500366,0.2719153829558522,1.9731467444019704,0.711,1.3436940845253946,-0.04257548844878206,0.005872600017988949,-0.01100000000000001,-0.18783233409962974,-0.021896157808288807,-0.017711674318682886,-0.014355555555555568,-0.1870012249320145,0,0,0,0,0,0,0,0
0.3139943033456721,1.9712467602807724,0.719,1.5315264186250244,0.05925086975097656,0.009782240867614747,0.2719153829558522,1.9731467444019704,0.711,1.3436940845253946,-0.04207892038981986,0.0018999841211979618,-0.008000000000000007,-0.18783233409962974,-0.01848359518554567,-0.019497295643472277,0.009041176470588242,-0.18783233409962974,0,0,0,0,0,0,0,0
0.313159976282141,1.9749897012841235,0.714,1.5311598994821054,0.0556094970703125,0.014709465026855469,0.2719153829558522,1.9731467444019704,0.711,1.3436940845253946,-0.04124459332628877,-0.0018429568821531905,-0.0030000000000000027,-0.18746581495671077,-0.014409222785785183,-0.028794443359649004,0.03483404255319152,-0.18512633106573867,0,0,0,0,0,0,0,0
0.3120504555733728,1.978681528899868,0.706,1.530985366556906,0.05467443084716797,0.018824127197265624,0.2719153829558522,1.9731467444019704,0.711,1.3436940845253946,-0.040135072617520584,-0.005534784497897682,0.0050000000000000044,-0.18729128203151135,-0.015088917743774844,-0.019333285396520277,0.03989743589743593,-0.1866200015499751,0,0,0,0,0,0,0,0
0.3104702903498683,1.982273829807193,0.705,1.5307061138765867,0.0528984489440918,0.025828325271606445,0.2719153829558522,1.9731467444019704,0.711,1.3436940845253946,-0.03855490739401607,-0.009127085405222557,0.006000000000000005,-0.1870120293511921,-0.010059823226565031,-0.025518631328673047,0.010633333333333344,-0.18561576594959583,0,0,0,0,0,0,0,0
0.30875949416938553,1.985279116937936,0.702,1.5309155533868262,0.044014568328857424,0.02744807815551758,0.2719153829558522,1.9731467444019704,0.711,1.3436940845253946,-0.036844111213533315,-0.012132372535965663,0.009000000000000008,-0.18722146886143154,-0.00876433523307369,-0.023031516844758432,0.024135483870967762,-0.1882348858464611,0,0,0,0,0,0,0,0
0.30697861596047726,1.9878239705811656,0.701,1.530985366556906,0.037077392578125,0.028213890075683593,0.2719153829558522,1.9731467444019704,0.711,1.3436940845253946,-0.03506323300462505,-0.014677226179195202,0.010000000000000009,-0.18729128203151135,-0.008498176312198137,-0.02024729099003729,0.013072463768115952,-0.1875948175535975,0,0,0,0,0,0,0,0
0.30494822225280876,1.9893499958874377,0.699,1.5305664875364275,0.021660083770751952,0.03134282112121582,0.2719153829558522,1.9731467444019704,0.711,1.3436940845253946,-0.03303283929695655,-0.016203251485467307,0.01200000000000001,-0.18687240301103292,-0.006217321131319226,-0.015842333818026938,0.0197449275362319,-0.18505118987851799,0,0,0,0,0,0,0,0
0.30528875615847945,1.9892524951400152,0.697,1.5306363007065074,-0.0012558889389038086,-0.005162696361541748,0.2719153829558522,1.9731467444019704,0.711,1.3436940845253946,-0.03337337320262723,-0.016105750738044877,0.014000000000000012,-0.18694221618111273,-0.01860905542364811,-0.007502467923895818,0.022490322580645178,-0.18728002184278925,0,0,0,0,0,0,0,0
0.30373274574363673,1.9898802327840612,0.696,1.5303221414411483,0.008471383094787597,0.023699384689331054,0.2719153829558522,1.9731467444019704,0.711,1.3436940845253946,-0.03181736278778452,-0.016733488382090878,0.015000000000000013,-0.18662805691575368,-0.008647299457959601,-0.011296186529926774,0.01666666666666668,-0.1853714198543175,0,0,0,0,0,0,0,0
0.3014836403670968,1.9899257656818257,0.695,1.529501836692711,-0.0006826537251472473,0.03373658752441406,0.2719153829558522,1.9731467444019704,0.711,1.3436940845253946,-0.02956825741124458,-0.01677902127985531,0.016000000000000014,-0.18580775216731626,-0.002484333677669497,-0.008638518674576899,0.018268750000000018,-0.18196257365901586,0,0,0,0,0,0,0,0
0.29967021228802937,1.9894528476694398,0.692,1.5293273037675112,-0.008210672378540038,0.0268853816986084,0.2719153829558522,1.9731467444019704,0.711,1.3436940845253946,-0.027754829332177156,-0.016306103267469396,0.019000000000000017,-0.18563321924211662,-0.0036403206713531127,-0.005483353176717439,0.03213548387096777,-0.1847887050879248,0,0,0,0,0,0,0,0
0.2979968916819985,1.9888206486428304,0.692,1.5289956912096323,-0.010515398979187011,0.02468509292602539,0.2719153829558522,1.9731467444019704,0.711,1.3436940845253946,-0.026081508726146285,-0.015673904240860015,0.019000000000000017,-0.18530160668423767,-0.0045528962165397435,-0.0046301454637157555,0.015200000000000014,-0.1838598129543292,0,0,0,0,0,0,0,0
0.2962699262623488,1.9881683529159646,0.693,1.528733891821833,-0.010858397483825683,0.02547297668457031,0.2719153829558522,1.9731467444019704,0.711,1.3436940845253946,-0.024354543306496612,-0.015021608513994256,0.018000000000000016,-0.18503980729643832,-0.0009839772666300553,-0.0032829615828672077,0.007918518518518526,-0.18358536625310856,0,0,0,0,0,0,0,0
0.2944742181684088,1.987493059086417,0.694,1.5273899882977975,-0.011253091812133789,0.026485855102539063,0.2719153829558522,1.9731467444019704,0.711,1.3436940845253946,-0.022558835212556583,-0.014346314684446693,0.017000000000000015,-0.18369590377240286,-0.002300877136578146,-0.003796688194485532,0.00860000000000001,-0.17793631724082232,0,0,0,0,0,0,0,0
0.2925548909325018,1.9866653263634553,0.696,1.5266918565970002,-0.013653568267822266,0.028224027633666993,0.2719153829558522,1.9731467444019704,0.711,1.3436940845253946,-0.020639507976649596,-0.013518581961484921,0.015000000000000013,-0.1829977720716056,0.000692779332452995,-0.002010004865388034,0.0005245901639344269,-0.17956433747752082,0,0,0,0,0,0,0,0
0.29082727493056615,1.9858953877095586,0.696,1.5267267631820398,-0.012680412292480469,0.025379838943481444,0.2719153829558522,1.9731467444019704,0.711,1.3436940845253946,-0.018911891974713935,-0.012748643307588292,0.015000000000000013,-0.1830326786566452,-0.000563804800923419,-0.0024114021116791434,0.01200000000000001,-0.18318667829652566,0,0,0,0,0,0,0,0
0.28906558481971256,1.9846418285150336,0.697,1.5262206176989614,-0.019949308395385744,0.025571306228637694,0.2719153829558522,1.9731467444019704,0.711,1.3436940845253946,-0.017150201863860348,-0.011495084113063214,0.014000000000000012,-0.18252653317356682,0.0012120663505897494,0.001216675690829937,0.00564444444444445,-0.18011631658747934,0,0,0,0,0,0,0,0
0.28776939379200217,1.9833328389940978,0.698,1.5256272057532834,-0.02048173141479492,0.01854860496520996,0.2719153829558522,1.9731467444019704,0.711,1.3436940845253946,-0.015854010836149957,-0.010186094592127493,0.013000000000000012,-0.18193312122788874,-0.001255433951918552,0.0016443987675759967,0.005252941176470594,-0.1793151273498972,0,0,0,0,0,0,0,0
0.28603165186787255,1.9819438142354624,0.699,1.5257493788009229,-0.021991104125976563,0.02509874725341797,0.2719153829558522,1.9731467444019704,0.711,1.3436940845253946,-0.014116268912020336,-0.008797069833492044,0.01200000000000001,-0.18205529427552825,0.0011609151851434442,0.0021711767795027214,0.004870270270270275,-0.18255059041460733,0,0,0,0,0,0,0,0
0.2841404714127284,1.9805140232465348,0.698,1.525365406365484,-0.02270255470275879,0.027373140335083007,0.2719153829558522,1.9731467444019704,0.711,1.3436940845253946,-0.012225088456876199,-0.007367278844564451,0.013000000000000012,-0.18167132184008938,0.004394013855695994,0.004259643849537734,0.01595555555555557,-0.1798428816713329,0,0,0,0,0,0,0,0
0.2821528923036684,1.9791736702752993,0.698,1.5246672746646865,-0.021438547134399414,0.028869836807250977,0.2719153829558522,1.9731467444019704,0.711,1.3436940845253946,-0.010237509347816198,-0.006026925873328981,0.013000000000000012,-0.18097319013929192,0.005750818578763778,0.004316592374779485,0.01040000000000001,-0.1777006977918038,0,0,0,0,0,0,0,0
0.28013578978624065,1.977514112897248,0.697,1.5252955931954046,-0.026262090682983397,0.029076452255249022,0.2719153829558522,1.9731467444019704,0.711,1.3436940845253946,-0.008220406830388438,-0.004367368495277635,0.014000000000000012,-0.18160150867001001,0.006121476021033549,0.006234360423636126,0.016272463768115957,-0.18433332836878435,0,0,0,0,0,0,0,0
0.27762214272467717,1.9753474144669385,0.699,1.525452672828084,-0.034181838989257814,0.036187397003173825,0.2719153829558522,1.9731467444019704,0.711,1.3436940845253946,-0.005706759768824954,-0.0022006700649681576,0.01200000000000001,-0.18175858830268932,0.00376148080391248,0.004601502942014545,0.004336842105263163,-0.18211290326362006,0,0,0,0,0,0,0,0
0.2752144364299207,1.9731218308900043,0.7,1.525155966855245,-0.03498649215698242,0.03456525039672852,0.2719153829558522,1.9731467444019704,0.711,1.3436940845253946,-0.003299053474068503,0.000024913511966095925,0.01100000000000001,-0.1814618823298504,0.014556188708441862,0.014992346216117445,0.0020692307692307703,-0.1797501171019335,0,0,0,0,0,0,0,0
0.27262817534979056,1.9711828356805645,0.699,1.5248941674674459,-0.030824594497680664,0.03742653274536133,0.2719153829558522,1.9731467444019704,0.711,1.3436940845253946,-0.000712792393938344,0.001963908721405838,0.01200000000000001,-0.18120008294205125,0.013569625003731682,0.011422697796147685,0.014984615384615398,-0.17999177807528602,0,0,0,0,0,0,0,0
0.270148730448914,1.9694421913341804,0.7,1.524196035766648,-0.027788742065429688,0.03595442962646484,0.2719153829558522,1.9731467444019704,0.711,1.3436940845253946,0.0017666525069381933,0.0037045530677899396,0.01100000000000001,-0.18050195124125334,0.013460220678205155,0.010681631914104178,0.0037275362318840615,-0.17746659602039286,0,0,0,0,0,0,0,0
0.26782158244010756,1.967909194800617,0.7,1.5239691429638889,-0.02459608268737793,0.033798141479492186,0.2719153829558522,1.9731467444019704,0.711,1.3436940845253946,0.00409380051574465,0.005237549601353253,0.01100000000000001,-0.18027505843849423,0.015184026114037807,0.011272787490146943,0.008800000000000007,-0.17917719003804689,0,0,0,0,0,0,0,0
0.2656588868977376,1.9662400353922156,0.701,1.523864423208769,-0.026528484344482423,0.03123287010192871,0.2719153829558522,1.9731467444019704,0.711,1.3436940845253946,0.0062564960581146245,0.006906709009754763,0.010000000000000009,-0.1801703386833744,0.014098442809194863,0.011920105127203883,0.002927536231884061,-0.1797150354002447,0,0,0,0,0,0,0,0
0.2636623314558588,1.9644552751372415,0.703,1.5236200771134898,-0.028146942138671874,0.028659383773803712,0.2719153829558522,1.9731467444019704,0.711,1.3436940845253946,0.008253051499993391,0.008691469264728857,0.008000000000000007,-0.17992599258809516,0.012252042083224234,0.011609293809584578,-0.0017395348837209324,-0.17907362248828387,0,0,0,0,0,0,0,0
0.26212685627207366,1.9629927359869264,0.705,1.5230790250453716,-0.02299984550476074,0.0219719295501709,0.2719153829558522,1.9731467444019704,0.711,1.3436940845253946,0.009788526683778553,0.010154008415043991,0.006000000000000005,-0.179384940519977,0.01632865300837453,0.01596825319923044,-0.010093617021276605,-0.17593141668092488,0,0,0,0,0,0,0,0
0.26114245314839785,1.9623021369963403,0.705,1.5227997723650528,-0.011051522254943848,0.014255124092102051,0.2719153829558522,1.9731467444019704,0.711,1.3436940845253946,0.010772929807454368,0.010844607405630091,0.006000000000000005,-0.1791056878396582,0.010528869281138154,0.009029910370055865,0.004800000000000005,-0.17785530270390232,0,0,0,0,0,0,0,0
0.2606632186651188,1.9623384062090434,0.706,1.5228521322426125,0.00019852006435394287,0.007206340789794922,0.2719153829558522,1.9731467444019704,0.711,1.3436940845253946,0.01125216429073339,0.010808338192926925,0.0050000000000000044,-0.17915804771721788,0.008056981698231304,0.005220194829128562,-0.0010724637681159424,-0.17938569935878176,0,0,0,0,0,0,0,0
0.26107028773598,1.9628025071810604,0.71,1.5218398412764556,0.0072461519241333,-0.005765383243560791,0.2719153829558522,1.9731467444019704,0.711,1.3436940845253946,0.010845095219872203,0.010344237220909935,0.0010000000000000009,-0.17814575675106092,0.003124577048622944,0.0025521937684235742,-0.021780645161290337,-0.17324757465675306,0,0,0,0,0,0,0,0
0.2622208073425293,1.9638295508761294,0.71,1.521770028106376,0.016231740951538086,-0.016483211517333986,0.2719153829558522,1.9731467444019704,0.711,1.3436940845253946,0.009694575613322931,0.009317193525840928,0.0010000000000000009,-0.17807594358098133,-0.001162889242476521,-0.0007065568680370378,0.0008000000000000008,-0.17776334729704288,0,0,0,0,0,0,0,0
0.26363195038780646,1.965268853475793,0.711,1.5215082287185768,0.022600929260253907,-0.020083681106567382,0.2719153829558522,1.9731467444019704,0.711,1.3436940845253946,0.008283432568045757,0.007877890926177411,0,-0.1778141441931822,-0.004373802092649726,-0.004746501259018722,-0.006034482758620694,-0.17646000942870393,0,0,0,0,0,0,0,0
0.2655057156714165,1.9674537173491682,0.712,1.5210893496980984,0.03411791229248047,-0.02645768356323242,0.2719153829558522,1.9731467444019704,0.711,1.3436940845253946,0.006409667284435705,0.005693027052802169,-0.0010000000000000009,-0.17739526517270376,-0.0072049734889491,-0.009291619103461374,-0.0063555555555555605,-0.1754006031704255,0,0,0,0,0,0,0,0
0.2685071507220736,1.9705247584572605,0.711,1.5206006575075397,0.048245681762695315,-0.042677078247070316,0.2719153829558522,1.9731467444019704,0.711,1.3436940845253946,0.0034082322337786186,0.0026219859447098592,0,-0.17690657298214507,-0.012686325906809051,-0.01341317672397806,0.00479452054794521,-0.1748982489113559,0,0,0,0,0,0,0,0
0.27181771389033865,1.9743701505819549,0.713,1.521124256283138,0.06009982299804688,-0.04670178604125977,0.2719153829558522,1.9731467444019704,0.711,1.3436940845253946,0.00009766906551356147,-0.0012234061799845097,-0.0020000000000000018,-0.17743017175774334,-0.016990828833313362,-0.020404162555330917,-0.011894117647058833,-0.17974016635597098,0,0,0,0,0,0,0,0
0.27635937246777065,1.979254385942343,0.713,1.5218398412764556,0.07655567932128907,-0.0644031982421875,0.2719153829558522,1.9731467444019704,0.711,1.3436940845253946,-0.004443989511918434,-0.006107641540372688,-0.0020000000000000018,-0.17814575675106092,-0.0255981786103886,-0.02819326747806667,-0.0016000000000000016,-0.18130274936863852,0,0,0,0,0,0,0,0
0.28158366969760745,1.9850845176934473,0.712,1.5214558688410171,0.09118211364746094,-0.07399093627929687,0.2719153829558522,1.9731467444019704,0.711,1.3436940845253946,-0.009668286741755239,-0.011937773291476939,-0.0010000000000000009,-0.1777617843156225,-0.041404223979735255,-0.04677980890346822,0.006200000000000004,-0.175457949702992,0,0,0,0,0,0,0,0
0.2875381723277786,1.9913591400505661,0.713,1.5217176682288163,0.09840997314453125,-0.08456683349609374,0.2719153829558522,1.9731467444019704,0.711,1.3436940845253946,-0.015622789371926404,-0.01821239564859578,-0.0020000000000000018,-0.17802358370342164,-0.03354072703855466,-0.036218763564934864,-0.005920987654320992,-0.17899321106564064,0,0,0,0,0,0,0,0
0.29337027429329215,1.9973801984866202,0.712,1.5223285334670142,0.0944988784790039,-0.08294538879394531,0.2719153829558522,1.9731467444019704,0.711,1.3436940845253946,-0.02145489133743994,-0.02423345408464983,-0.0010000000000000009,-0.17863444894161962,-0.04924132657305464,-0.05187843369551204,0.0058037735849056655,-0.18209217670500438,0,0,0,0,0,0,0,0
0.2987463232421031,2.0030873652157046,0.712,1.5225728795622933,0.0894139175415039,-0.07639845275878906,0.2719153829558522,1.9731467444019704,0.711,1.3436940845253946,-0.02683094028625088,-0.029940620813734276,-0.0010000000000000009,-0.17887879503689863,-0.0414993079354214,-0.0447838679468605,-0.0008000000000000008,-0.17997288203068526,0,0,0,0,0,0,0,0
0.3040031921484052,2.0084769067243444,0.712,1.5224157999296137,0.08455023193359375,-0.07486434173583985,0.2719153829558522,1.9731467444019704,0.711,1.3436940845253946,-0.032087809192552996,-0.03533016232237407,-0.0010000000000000009,-0.1787217154042191,-0.04571977745443359,-0.04808991225834716,-0.0008000000000000008,-0.17796165266544722,0,0,0,0,0,0,0,0
0.30788062039642117,2.0129364685393716,0.71,1.5221016406642547,0.06962793731689453,-0.054858291625976566,0.2719153829558522,1.9731467444019704,0.711,1.3436940845253946,-0.03596523744056895,-0.03978972413740123,0.0010000000000000009,-0.17840755613886006,-0.03952388676481757,-0.04467020548551816,0.01191111111111112,-0.1769115596371503,0,0,0,0,0,0,0,0
0.3115597945055539,2.013933830195992,0.71,1.5224507065146538,0.017628973007202148,-0.054393989562988285,0.2719153829558522,1.9731467444019704,0.711,1.3436940845253946,-0.039644411549701664,-0.04078708579402179,0.0010000000000000009,-0.17875662198925912,-0.0372237049396677,-0.02511079397562168,0.0008000000000000008,-0.18017175381520129,0,0,0,0,0,0,0,0
0.3137682890980779,2.0152859437655035,0.708,1.5227299591949728,0.02185894775390625,-0.03210856246948242,0.2719153829558522,1.9731467444019704,0.711,1.3436940845253946,-0.0418529061422257,-0.042139199363533164,0.0030000000000000027,-0.17903587466957815,-0.03319586747402416,-0.02858134173460753,0.013511111111111123,-0.18036564933776403,0,0,0,0,0,0,0,0
0.3145993847863835,2.0158116228852254,0.707,1.5225903328548134,0.008475065231323242,-0.01207317066192627,0.2719153829558522,1.9731467444019704,0.711,1.3436940845253946,-0.04268400183053128,-0.042664878483255064,0.0040000000000000036,-0.17889624832941875,-0.02555770368203309,-0.02399892753007195,0.00827246376811595,-0.17828917728524743,0,0,0,0,0,0,0,0
0.3140867960485338,2.01507095099491,0.706,1.5219794676166152,-0.011467676162719726,0.00714453411102295,0.2719153829558522,1.9731467444019704,0.711,1.3436940845253946,-0.042171413092681576,-0.04192420659293972,0.0050000000000000044,-0.17828538309122055,-0.01848561874565387,-0.017205071968783313,0.009072463768115949,-0.1756294472729675,0,0,0,0,0,0,0,0
0.31277668482408433,2.0137311861945473,0.707,1.5213686023784172,-0.021031482696533203,0.018647600173950195,0.2719153829558522,1.9731467444019704,0.711,1.3436940845253946,-0.040861301868232114,-0.04058444179257692,0.0040000000000000036,-0.17767451785302257,-0.013687431396508534,-0.013396372659127007,-0.0019470588235294128,-0.17497952415509033,0,0,0,0,0,0,0,0
0.3106070337494136,2.0117179574655957,0.704,1.5213511490858975,-0.031769508361816405,0.03101298713684082,0.2719153829558522,1.9731467444019704,0.711,1.3436940845253946,-0.038691650793561405,-0.03857121306362532,0.007000000000000006,-0.1776570645605029,-0.007292208315276766,-0.008101002482081555,0.022266666666666685,-0.17757395364374254,0,0,0,0,0,0,0,0
0.30776365809300854,2.009163355963493,0.704,1.521124256283138,-0.040380199432373046,0.04070458984375,0.2719153829558522,1.9731467444019704,0.711,1.3436940845253946,-0.03584827513715633,-0.03601661156152258,0.007000000000000006,-0.17743017175774334,-0.0035012175723205235,-0.005050182219370591,0.005600000000000005,-0.17644368131096264,0,0,0,0,0,0,0,0
